2 0.3604640390625 0.6305635140625 0.3760207203125 0.640519496875 0.3928486265625 0.645113015625 0.40937290624999995 0.61478766875 0.40775194687500005 0.6063228890625 0.38601908125 0.5854202203125001 0.375869978125 0.5841452375 0.2878553421875 0.484956796875 0.220560125 0.42480225781250003 0.14490323125 0.38258697656249996 0.129686634375 0.37828074843750004 0.10725729375 0.3878599671875 0.0909573515625 0.422749425 0.09518835 0.46235898750000004 0.2260324890625 0.5709626203125 0.355412415625 0.6227441609375 0.3604640390625 0.6305635140625
5 0.7384886890625 0.7547258796875 0.7407661546875 0.7315380671875 0.7578769828125 0.72915654375 0.7446288062499999 0.6535123515625 0.6876590796875 0.6368955546875 0.677346928125 0.623575646875 0.65201465 0.5896256671875 0.6313416578125 0.5780101671875 0.6129734703125 0.6499038421875001 0.6291384578125 0.7218914953125 0.665427365625 0.715199675 0.6692831296875 0.7396877890625 0.7384886890625 0.7547258796875
1 0.7218046625000001 0.6120749453125 0.7194562984374999 0.605126353125 0.7092353109375 0.5964834328124999 0.6976938515625 0.59149605 0.6881127499999999 0.5944081609375 0.6816941421875 0.6072312765625 0.6885252640624999 0.6168753328125 0.7075981609374999 0.628779078125 0.7171819328125 0.6284788484375 0.7218046625000001 0.6120749453125
10 0.7580556390625001 0.5045837484375 0.7522954562499999 0.489359965625 0.7111597093750001 0.5071048953124999 0.72524416875 0.522542928125 0.7580556390625001 0.5045837484375
5 0.9326016296875 0.6761850875000001 0.937438034375 0.6730794062500001 0.954436896875 0.5612721625 0.8770244984375 0.5304122203125 0.8641369765625001 0.635181096875 0.8668256515625 0.658417659375 0.9326016296875 0.6761850875000001
9 0.6922931625000001 1 0.7171560578125 0.9539104640625 0.8264651562499999 0.8407587984375 0.7720335734375 0.7428639015625 0.3910008234375 0.7443419890625 0.3511987125 0.8155559140624999 0.31614051249999997 0.8468459328125 0.30395562656249997 0.924120903125 0.31206049375 1 0.6922931625000001 1
10 0.719554146875 0.32090137812499997 0.7013633953125 0.31480501250000004 0.751079775 0.269084225 0.712453778125 0.217346828125 0.708002078125 0.217842303125 0.7017382750000001 0.26573333906249996 0.6890021328125 0.3103178953125 0.6848588390625 0.361582609375 0.6725009875 0.37566843125 0.6698325546875 0.3877650875 0.72256559375 0.3411526734375 0.719554146875 0.32090137812499997
9 0.5381130546875 0.6889124875 0.5463006499999999 0.6755130671875 0.5778336328125 0.68385351875 0.5902268859375 0.6614937078125 0.5788211140625 0.6394619453125 0.61005041875 0.6193079640625 0.6548332640625001 0.572422378125 0.660195996875 0.5405191234375 0.6383875140625 0.503206046875 0.609768596875 0.48953792656250006 0.6003487515625 0.5072898921875 0.5912161921875 0.4959490515625 0.5589521140625 0.4402015515625 0.53011355625 0.435066609375 0.4566053890625 0.3784182921875 0.47904575312500003 0.36198701875 0.4150978140625 0.36717204375 0.4312234734375 0.3380418984375 0.44098865 0.312922571875 0.41668628906249994 0.27345065156250004 0.3862182421875 0.23716741562500002 0.331359065625 0.20825455 0.312367746875 0.1920154546875 0.28850087343749997 0.176221934375 0.27735895 0.1910953390625 0.2642950375 0.225056178125 0.26911966249999997 0.2596308390625 0.264733075 0.28742242500000004 0.25596847500000003 0.3007194265625 0.2085151796875 0.30141325 0.2026722671875 0.3235165203125 0.1949283890625 0.3384236234375 0.2095379203125 0.3613117703125 0.2178617015625 0.3650794765625 0.2229387546875 0.42055783125 0.23453152500000002 0.4443366703125 0.2905569421875 0.4843065375 0.3148352375 0.49177253906249996 0.343552540625 0.5143157046875 0.360186778125 0.5455645687499999 0.42384935468749996 0.5699907546875 0.4565133515625 0.5818072062499999 0.4713382359375 0.6173052609375 0.47514214218750006 0.6502698171875 0.4929381859375 0.679154309375 0.5182828015625 0.6939532859375 0.5381130546875 0.6889124875
10 0.6371975296875 0.4114567125 0.646300259375 0.40075896718750004 0.644534115625 0.399754540625 0.6417762546875 0.397686628125 0.6349252375 0.4029711625 0.617118165625 0.410739271875 0.6138907640625 0.417062328125 0.6215334718750001 0.4200988453125 0.629669409375 0.4140581734375 0.6371975296875 0.4114567125
10 0.899902853125 0.2942059 0.8644940875 0.31926479375 0.8377007078125001 0.33981494843750004 0.824238946875 0.3545796140625 0.8071879234375 0.37047995 0.783522009375 0.3921067015625 0.7615165015625001 0.40689673437499996 0.7391699265625 0.417546090625 0.7186300078125 0.417241675 0.69354998125 0.41100032343750004 0.6700654890625 0.390445990625 0.6593666328125 0.37256327968749997 0.6583016703125 0.3461378609375 0.6756396046875001 0.3237789640625 0.6960622578125 0.31932792499999996 0.7431720875 0.3306753671875 0.7703973765625001 0.3442027453125 0.78105696875 0.3470876359375 0.7823722140625 0.33745876875 0.7690231375 0.331333946875 0.7551837390625 0.3261074 0.735689853125 0.317310325 0.7144143046875 0.3119439796875 0.6779836984375 0.3109803375 0.656466709375 0.3252963109375 0.6487527156249999 0.3482900703125 0.655147003125 0.37694021875 0.6674697796875 0.399057540625 0.6793008125 0.40925242656250005 0.699616475 0.42391626093749996 0.714570253125 0.42677640156249996 0.7367085671875 0.42558926093749994 0.7605561015625 0.41619367343749997 0.7979482390625 0.3936894875 0.8251238890625 0.3683477828125 0.88209063125 0.31655266875 0.97158286875 0.27257112031249997 0.9576888734375 0.2576716328125 0.9449222171875 0.2677021921875 0.899902853125 0.2942059
9 0.716927815625 0.1606734578125 0.6952756250000001 0.159599940625 0.6890390921875 0.1771139609375 0.6728763515625 0.1899180484375 0.6511816015624999 0.193137325 0.5986737062499999 0.12586964218750002 0.5910749953125001 0.14603460937499999 0.5961346515625 0.19575248437499998 0.619963075 0.20326480937500002 0.6593773625 0.2361711015625 0.680195065625 0.2493633828125 0.7022663375 0.200429590625 0.716927815625 0.1606734578125
10 0.568285040625 0.16713443125 0.5820169234375 0.1306271859375 0.5798201765625 0.07653712812499999 0.5634129875 0.067027796875 0.5601223234375 0.0855502734375 0.5582374421875 0.127227746875 0.5436091125 0.17080924375 0.527656834375 0.19566441875 0.50793275625 0.21592952968749998 0.484158621875 0.2268717625 0.471939628125 0.2208003484375 0.4467739359375 0.205594984375 0.41518070937499996 0.185779925 0.40597361249999997 0.15631696875 0.3907154578125 0.16306008125 0.40162453749999993 0.18781779062499998 0.4168689953125 0.20416547031249999 0.4673437171875 0.2356906015625 0.49813732499999996 0.2462708546875 0.5438381640625 0.209891409375 0.568285040625 0.16713443125
9 0.5477517625 0.26586973125 0.5316053375 0.2534997796875 0.503955290625 0.25021941718749996 0.47943358125 0.267765015625 0.48577823281250004 0.2950057078125 0.5089150421874999 0.30003868125 0.52087146875 0.31549753125 0.5498832484375 0.3535314796875 0.5251223421875 0.3942239421875 0.5321931109375 0.424881278125 0.588463640625 0.435449153125 0.6276585375 0.4046307859375 0.64652975 0.37311514375 0.6636225140625001 0.3215616265625 0.6473080078125 0.260225375 0.6013633296875 0.24985268437500002 0.5746212140625 0.28215825625 0.5458949296875 0.2823385796875 0.5477517625 0.26586973125
17 0.1078460890625 0.2893917546875 0.12754698281250001 0.295920128125 0.12878927812500002 0.290393415625 0.108559290625 0.2852322875 0.1078460890625 0.2893917546875
17 0.0969237484375 0.2167282671875 0.0963618796875 0.2214025203125 0.10455555624999999 0.2231531734375 0.10406485000000001 0.217058903125 0.0969237484375 0.2167282671875
9 0.4670264609375 0.6635692796875 0.44740876875 0.6484416828125 0.41885180312500003 0.6437195906250001 0.406748740625 0.6245031671875 0.3815938125 0.64507679375 0.388211096875 0.690700028125 0.40140889218750003 0.7182952015625 0.4206203765625 0.7264385859375 0.47006629375 0.7247090640625 0.48717978593750005 0.7219919625 0.49679319375000003 0.6846701765625001 0.4670264609375 0.6635692796875
16 0.12481070937500001 0.33209874687499996 0.09864783906249999 0.34661425 0.0802283578125 0.33760483125 0.0648079859375 0.3341979953125 0.0561305609375 0.340807353125 0.0622896 0.3780484140625 0.0739929546875 0.41407325781250004 0.07499450468749999 0.4254915078125 0.092678471875 0.4174002375 0.11370544375 0.385440059375 0.140088940625 0.379118115625 0.1498624421875 0.339865403125 0.1383138109375 0.2868976828125 0.1297236984375 0.282062409375 0.12481070937500001 0.33209874687499996
10 0 0.5051435234375 0.0269942921875 0.5379413078125 0.0569371953125 0.5322530750000001 0.07531477343750001 0.538831128125 0.120187571875 0.5503472921875 0.139900659375 0.5571634609375 0.146510703125 0.54754108125 0.1359786828125 0.51635280625 0.11867738125 0.48307871875 0.0975383 0.458817775 0.0711385328125 0.40981822343749996 0.05738135 0.411776234375 0.0598590421875 0.4104547515625 0.004534190625 0.43388317499999995 0 0.44407222968750004 0 0.5051435234375
