9 0.40371147656249995 0 0.4443153234375 0.0791114140625 0.5219675078125 0.0168083859375 0.5220426703125 0 0.40371147656249995 0
9 0.22557102968749998 0 0.2253701734375 0.019532778125 0.3253260328125 0.0979416609375 0.3598196359375 0.1730693421875 0.399014321875 0.23345060625 0.4279579203125 0.32803588906250003 0.44221457031250005 0.413386146875 0.4647326703125 0.44721648125 0.5032427359375 0.44688735937499996 0.531576165625 0.403072346875 0.530752 0.3502245171875 0.5260886765625 0.30237868749999997 0.5128074859375 0.20948791406249997 0.435520703125 0.07835402500000001 0.402311525 0 0.22557102968749998 0
10 0.1677323765625 0.0790176703125 0.194876153125 0.12829614375 0.25580261718749997 0.2020570921875 0.28715286406249996 0.195381178125 0.324534634375 0.16799325781250002 0.27625356874999996 0.058788226562500004 0.2006781953125 0.0081889265625 0.17097580625 0.025572089062499997 0.1677323765625 0.0790176703125
9 1 0.1563595203125 0.9082972890625 0.12115814843749999 0.5736947171875 0.1675361890625 0.6016237375 0.2090226078125 1 0.16307934531249998 1 0.1563595203125
5 0.646316865625 0.103647728125 0.647167434375 0.151183115625 0.8889476625 0.1257061796875 0.8882658937500001 0.1164275484375 0.8893161375 0.11387196718749999 0.8053365250000001 0.08163521406249999 0.6093928453124999 0.06348266875 0.646316865625 0.103647728125
5 0.6406704765625 0.25068636093749996 0.6768845703124999 0.29270084375 0.8332550171875001 0.29809104375 0.8531582984374999 0.1822471375 0.6596593078125 0.2012187625 0.6406704765625 0.25068636093749996
9 0.8092416390625001 0.541177828125 0.8368242328125 0.5448702234375 0.851778725 0.5224975203125 0.8292858781250001 0.4926457 0.7445857515625 0.486654546875 0.6658255921875 0.4320211125 0.6455095328125 0.413083646875 0.60963248125 0.4125725359375 0.6210648062499999 0.423326221875 0.540072778125 0.4150449390625 0.510323809375 0.4667473390625 0.6886264515625 0.514504603125 0.7331439078125 0.5496276828125 0.793960440625 0.5533469359375001 0.8092416390625001 0.541177828125
10 0.6494666328124999 0.620204321875 0.662066709375 0.5873799984375 0.6964869609375001 0.5714182421875 0.615017328125 0.5072581546875 0.606844196875 0.4972252140625 0.56553096875 0.48507950468749994 0.5105432171875 0.47723248281249997 0.50449055625 0.500370003125 0.4849880015625 0.5438060921875 0.491713121875 0.5686659296875 0.531420546875 0.5886818125 0.5968513875 0.61538995625 0.6103858171875001 0.6317241984375 0.6146081953125 0.67047571875 0.638519946875 0.66161956875 0.6494666328124999 0.620204321875
12 1 0.588197978125 0.9256402515625 0.5636639203125 0.8680268046874999 0.5479134203125 0.8326543750000001 0.5571444421875 0.7844581390625 0.5491288812499999 0.7187006671875 0.547226515625 0.67537006875 0.566132559375 0.6541106953125 0.6141453218749999 0.6409689328125 0.6520656828125 0.643108175 0.6778174406249999 0.63503786875 0.6969978453125 0.5696038921875 0.765182521875 0.5750867875 0.7932784640625 0.5442356921875 0.8275840453125 0.5383416921874999 0.8576780375 0.5361475625 0.8891922781250001 0.5642627265625 0.92650685625 0.5905291625 0.96311119375 0.6193816578125 0.9524386640625 0.6694377828125 0.9233838484374999 0.7177748890625 0.9467129375000001 0.7880069734374999 0.957228515625 0.833580046875 0.9582789640625 0.8629377109374999 0.94972899375 1 0.592669521875 1 0.588197978125
9 0.5619841453125 0.7337832609375 0.591304121875 0.712681659375 0.6151778640625001 0.6836545515625 0.6082936015625 0.651837475 0.6073883578125 0.6259784734375 0.6050577265625 0.6240486359374999 0.601147928125 0.6188599578125 0.47847728125 0.5680581546875 0.41130034374999996 0.5698536203125 0.3949353875 0.592215815625 0.38948138593750004 0.6230090484375 0.373994403125 0.6467689437499999 0.30266057968750004 0.6188555359375 0.2593574625 0.6266332671875 0.24917634375 0.6439427265625 0.237930434375 0.6640260671875 0.232756421875 0.6885615484375001 0.3592840546875 0.747740059375 0.48822213124999997 0.7951128125 0.5539331562500001 0.8155626984375001 0.5777050171875 0.7923313734375 0.5732301328125 0.74870929375 0.5619841453125 0.7337832609375
9 0 0.5585395703125 0.1335438234375 0.6227520734375 0.1812391015625 0.6425236578125 0.205554496875 0.6435656859375001 0.2236774359375 0.6251586234375 0.2324895515625 0.6022022765624999 0.2418764484375 0.5760525109375 0.2876118171875 0.54671031875 0.3691381734375 0.49020926249999996 0.3833010703125 0.46686802656250004 0.4018365640625 0.47788508125 0.442248459375 0.492909865625 0.46416663593749996 0.46371534375 0.44465570000000004 0.40700255625 0.3741650734375 0.36189651718750004 0.31550166874999996 0.35205935625 0.1643181546875 0.3866998390625 0.2290784484375 0.2925455890625 0.14171884375 0.2507196 0.0589708265625 0.3629286640625 0.0366564203125 0.3719223015625 0.0242037140625 0.42469729999999994 0.0111487703125 0.458706590625 0 0.47967776874999996 0 0.5585395703125
2 0 0.6567601062499999 0.160473009375 0.636316028125 0.1595528703125 0.635007978125 0 0.55927479375 0 0.6567601062499999
