10 0.018259765625 0.167609375 0.0055126953125000005 0.11061653593750001 0.06431542968750001 0 0 0.002193359375 0.0001665046875 0.2300826828125 0.015381346874999998 0.2805 0.051979003125 0.26460742187499997 0.018259765625 0.167609375
10 0.06637158125 0 0.012091796875 0.1111640625 0.010035645312499999 0.1588411453125 0.0922778328125 0.21473828125 0.114071778125 0.20706640625 0.14614599687500002 0.1648697921875 0.16999658281250002 0.1023958328125 0.19261279375 0.07718749999999999 0.14614599687500002 0 0.06637158125 0
9 0.14276757812500002 0 0.2122622078125 0.1023958328125 0.255438965625 0.1878860671875 0.2706538078125 0.217478515625 0.3064292 0.1582936203125 0.306018065625 0.1528131515625 0.30971875 0.1511692703125 0.27312109375000004 0.0689674484375 0.2492709953125 0.0355384109375 0.26859765625 0.0021100265625 0.209794921875 0 0.14276757812500002 0
9 0.537568359375 0.153361328125 0.5079614265625 0.1418528640625 0.4508032234375 0.110068359375 0.44175683593750004 0.1434967453125 0.4191401359375 0.1550052078125 0.5001484375 0.18898177031250002 0.549904784375 0.18898177031250002 0.537568359375 0.153361328125
9 0.48458203125 0.483685546875 0.558462890625 0.4287018234375 0.6553715828125 0.35965234375 0.7059047859375001 0.42017708281250005 0.708463378125 0.4794231765625 0.7362890625 0.4794231765625 0.7605961921875 0.46450520781250004 0.77498828125 0.4308326828125 0.7730693359374999 0.42443945312500003 0.49833496093749996 0.2607662765625 0.49833496093749996 0.258634765625 0.462193846875 0.3447337234375 0.49449707031249995 0.3566686203125 0.5229619140625 0.4065377609375 0.48458203125 0.483685546875
5 0.92912939375 0.47459179687499997 0.9003950203125 0.443203125 0.8754287109375 0.5235579421875001 0.8641235343749999 0.5612239578125 0.99951171875 0.6528782546875 0.99951171875 0.2963053390625 0.9941352531250001 0.295677734375 0.9616323234375 0.312 0.9371372062500001 0.33773828125 0.9498559562500001 0.4118151046875 0.92912939375 0.47459179687499997
12 0.8226093750000001 0.80941015625 0.808438965625 0.7754173171875001 0.6830283203125 0.6300026046875 0.48888964843749994 0.7319817703125 0.4853466796875 0.77825 0.5051860359375 0.9028912765625 0.8226093750000001 0.80941015625
12 0 0.7570247390625 0.0065800781249999996 0.8021002609375 0.056579590624999995 0.7792356765624999 0.089912596875 0.6799388015625001 0.10657910156249999 0.6191842453125 0.254617675 0.4434544265625 0.195794434375 0.3806998703125 0.138932128125 0.3395436203125 0.0820698234375 0.3427259109375 0 0.5223756515625 0 0.7570247390625
2 0.0922583 0.7085716140625 0.0764853515625 0.7225045578125 0.09300927656249999 0.7428574218749999 0.1185458984375 0.7261751296875001 0.184140625 0.7071569015625 0.23795703124999998 0.6267044265624999 0.3731923828125 0.4705091140625 0.3609946296875 0.43870442656249997 0.32175 0.3828704421875 0.3021015625 0.3811009109375 0.2797783203125 0.40526171875 0.24322558593750002 0.4473014328125 0.10026953125 0.6252708328125001 0.0922583 0.7085716140625
2 0.2628828125 0.5970201828125 0.263943359375 0.62953125 0.245912109375 0.6521477859375 0.25280664062499997 0.6804186203125 0.2931118171875 0.6620423171875001 0.32652295 0.6309446609375 0.4203920890625 0.4917122390625 0.4490297859375 0.5079674484375001 0.5190341796875 0.4132610671875 0.5142607421875 0.3913515625 0.47925878906249997 0.344705078125 0.4548637703125 0.3454114578125 0.42834667968750006 0.3793365890625 0.366828125 0.45920117187500004 0.3673583984375 0.48323112031250004 0.2628828125 0.5970201828125
2 0.313794921875 0.834234375 0.48668359375000003 0.5762649734374999 0.481380371875 0.5515279953125 0.454333496875 0.5126555984375 0.41720996093749996 0.4872122390625 0.406072753125 0.5041744796875001 0.25804296875 0.74009375 0.2650043953125 0.8003092453124999 0.26553466875 0.8299934890625 0.2925815421875 0.817978515625 0.313794921875 0.834234375
2 0.4924736328125 0.5720865890625 0.47131933593750003 0.6088587234375 0.6056015625 0.5349069015625 0.695735840625 0.47362109375 0.711677734375 0.4564609375 0.7107583 0.4262265625 0.67703466875 0.3624889328125 0.6684501953125 0.3514576828125 0.456560059375 0.502451171875 0.44924560468749997 0.5071236984375 0.4716259765625 0.5373580734375001 0.4924736328125 0.5720865890625
2 0.444630859375 0.6998860671875 0.4694272453125 0.6915442703125 0.5014462890625 0.7027734375 0.5568173828125 0.7005273437499999 0.578243653125 0.6809563796875 0.6179663093750001 0.6649147140625 0.7292744140625 0.60459765625 0.7340893546875 0.579251953125 0.7393857421875001 0.5574355468750001 0.732404296875 0.5423561203125 0.6498291015625 0.507064453125 0.542216796875 0.5654563796875001 0.4796103515625 0.6129459640625 0.479538575 0.612619140625 0.45666796875 0.6562526046875 0.43307519531249994 0.6671608078125 0.43451953125 0.6912233078125001 0.444630859375 0.6998860671875
2 0.7601416015625 0.5598528640625 0.782287109375 0.574162109375 0.8131567390625 0.56521875 0.86248046875 0.5263157546875 0.8295981453125 0.47265625 0.7859780265625 0.4945670578125 0.7668525390625 0.4824934890625 0.7585009765625 0.49006249999999996 0.7376606453125001 0.5330234375 0.7353120125 0.5567226562500001 0.74537841875 0.5705846359375 0.7601416015625 0.5598528640625
2 0.7849716796874999 0.6761126296875 0.8057749031249999 0.622005859375 0.7775898437500001 0.6090384109375 0.7245751953124999 0.62916015625 0.721890625 0.65733203125 0.7232329109375 0.6702994796875 0.7507465828125001 0.6957877609375 0.7849716796874999 0.6761126296875
9 0.738724609375 0.60703125 0.7199926765625 0.6101516921875 0.6946064453125 0.6260826828125 0.6976875 0.6362649734375 0.7145703125 0.6426699218749999 0.7291123046875 0.6211555984375 0.738724609375 0.60703125
9 0 0.9993489578125001 0.4871655265625 0.9989628906249999 0.4832553703125 0.9103723953125 0.4246005859375 0.8561764328124999 0.3949345703125 0.8658639328125 0.38776123125 0.8315891921875 0.26418408125 0.8225807296875001 0.254111328125 0.7248541671875001 0.1532250984375 0.7206848953125 0.051557128125 0.7853040359375 0 0.8655566406249999 0 0.9993489578125001
10 0.915958496875 0.657037109375 0.8743510734375001 0.662181640625 0.8520458984375001 0.6581803390625 0.8151567375000001 0.701625 0.8237915031249999 0.7895071609375 0.8310278328124999 0.8342467453125 0.87220654375 0.80394921875 0.9138139640625 0.7553600265625 0.915958496875 0.657037109375
10 0.8464497078125 0.155568359375 0.8380463859375 0.0903509109375 0.817779296875 0.05477734375 0.8054213859375 0.0896920578125 0.7851542968749999 0.1588619796875 0.811353028125 0.1219713546875 0.8464497078125 0.155568359375
