2 0.5361848953125 0.6514762734375 0.5248159718750001 0.6396915515625 0.49449826406249997 0.638568865625 0.48902430625 0.6540017359375 0.4654435765625 0.6629803234375 0.45912760468749997 0.6899172453125 0.45996961875000003 0.6969317125 0.454074653125 0.7266741890625 0.470496528125 0.7435098375 0.49660329843750006 0.75052430625 0.5635546875 0.7418263890625 0.599347221875 0.72891898125 0.58797743125 0.694686921875 0.557659721875 0.65821006875 0.5361848953125 0.6514762734375
10 0.31982118125 0.7986151625 0.3421380203125 0.7910393515624999 0.318558159375 0.774484375 0.30466232656250003 0.7688726859374999 0.296488715625 0.7813020828125 0.2970833328125 0.7873917828125 0.3050833328125 0.7854276625 0.31982118125 0.7986151625
2 0.297925346875 0.6813663187500001 0.2857135421875 0.684733796875 0.284871528125 0.7198072921875001 0.2941354171875 0.750953125 0.30424131875 0.7644212968749999 0.3135052078125 0.7635792828125 0.3236111109375 0.7714357640625 0.334980034375 0.7649826390625 0.33123350625 0.752874421875 0.334559028125 0.7369236109374999 0.32234809062499997 0.7217714125 0.305925346875 0.693712384375 0.297925346875 0.6813663187500001
4 0.355191840625 0.6431140046875 0.30761024375 0.63834375 0.3135052078125 0.6706116890625 0.31518923593750003 0.6919363421875 0.3438229171875 0.6919363421875 0.3450859375 0.6927783562500001 0.33834895781249996 0.668928240625 0.355191840625 0.6431140046875
2 0.48847743125000004 0.46391898125 0.47289756875 0.4636383109375 0.46447656249999997 0.45746527812500004 0.4526857640625 0.4569039359375 0.44594878437499996 0.46616319375000004 0.443421875 0.46812789375 0.44679079843749997 0.498431134375 0.46321267343750006 0.5065682875 0.4817404515625 0.5065682875 0.50153125 0.5043234953125 0.503215278125 0.489171875 0.48847743125000004 0.46391898125
2 0.3166770828125 0.48136111093749995 0.3124661453125 0.47013773125 0.29436024375000003 0.46845370312499995 0.27920138906249997 0.472662615625 0.280043403125 0.49005960625 0.28088541718750004 0.500440971875 0.2959626734375 0.501237846875 0.2956232640625 0.5040891203125 0.3069921875 0.49230381875000007 0.3166770828125 0.48136111093749995
4 0.48257031250000004 0.3814728015625 0.46567187499999996 0.3806388890625 0.419046875 0.41337615781250003 0.41936024375000003 0.422968171875 0.421237846875 0.430475115625 0.43688368125 0.4300578703125 0.45910069375000007 0.4263043984375 0.4941484375 0.39794618125 0.49477430624999996 0.3896053234375 0.48257031250000004 0.3814728015625
12 0.269215278125 0.4079548609375 0.2911197921875 0.42672164375 0.306140625 0.410874421875 0.2676510421875 0.3896053234375 0.269215278125 0.4079548609375
2 0.3020720484375 0.3224328703125 0.274535590625 0.3263946765625 0.2704670140625 0.333484375 0.27171875 0.33139930624999997 0.27891579843750003 0.3537106484375 0.30989496562499996 0.34995717656249997 0.32867100625 0.34787210625 0.3020720484375 0.3224328703125
2 0.38515972187499997 0.37914988437499997 0.4092552078125 0.3774820609375 0.3776501734375 0.3439103015625 0.355745659375 0.33744618125 0.35418055625 0.3332760421875 0.3369704859375 0.3326504625 0.3372829859375 0.33932291718749996 0.33415364531249997 0.34891493125 0.3488611109375 0.34891493125 0.38515972187499997 0.37914988437499997
10 0.324292534375 0.3945804390625 0.3893802078125 0.38040104218750004 0.37436024375 0.370809028125 0.31803472187500004 0.37414525468750004 0.28736805625 0.376230903125 0.27578993125 0.3862395828125 0.27266059062500003 0.391452546875 0.3199123265625 0.4060486109375 0.324292534375 0.3945804390625
10 0.33931336875 0.34828935156249996 0.2886197921875 0.3528767359375 0.2886197921875 0.3643449078125 0.27393055624999996 0.36962210624999997 0.277667534375 0.3778987265625 0.318660590625 0.37435416718750003 0.36841493125 0.36976678281250003 0.33931336875 0.34828935156249996
1 0.41998350625 0.24564004687500002 0.41998350625 0.2218692125 0.40120833281249996 0.22082638906250002 0.39714062499999997 0.24835069375000002 0.3915078125 0.2642233796875 0.3911953125 0.268394096875 0.39213368125 0.279628471875 0.39807899375 0.280462384375 0.400269965625 0.2892204859375 0.3911953125 0.294016203125 0.3949505203125 0.3090295140625 0.4006848953125 0.30754861093749997 0.4278072921875 0.3046504625 0.43187499999999995 0.3019398140625 0.4278072921875 0.25627430625000003 0.41998350625 0.24564004687500002
2 0.40183420156249994 0.22377083281250001 0.4082473953125 0.22066898125 0.399644096875 0.21188541718749998 0.39463715312500003 0.1814421296875 0.3758619796875 0.1822760421875 0.37648784687500003 0.21292824062500001 0.3727326390625 0.2248136578125 0.379167534375 0.26634085625 0.389004340625 0.26776851874999996 0.3915078125 0.2558831015625 0.399644096875 0.2542146984375 0.40183420156249994 0.22377083281250001
