10 0.5590494453125 1 0.5901254359375 0.9615268203125 0.64225683125 0.96503820625 0.6572765921875 0.9747615984375001 0.721307175 0.9551854843750001 0.707086921875 0.94781093125 0.625399025 0.9098988046875001 0.5497372578124999 0.9284929609375 0.5153566875 0.9603984015625 0.458377328125 1 0.5590494453125 1
9 0.738087859375 0.775087728125 0.716970728125 0.864528115625 0.7310190796875 0.8826630859375 0.8365931046874999 0.9161266640625 0.8368489625000001 0.9134860781249999 0.9281201187500001 0.858112890625 0.8777259421875 0.8270500453125 0.8318107078124999 0.8183968593750001 0.738087859375 0.775087728125
9 0.74492145 0.7706393968749999 0.8512052406249999 0.8295572906249999 0.8710323640625001 0.8277998421874999 0.9302299875 0.76950609375 0.9486540296875001 0.716546315625 0.9313630328125001 0.693955275 0.8140146359375 0.6937601046874999 0.7461921015625 0.6587406765625 0.6833300296875 0.6371157421875 0.6084868546875 0.584793709375 0.5495866687500001 0.5308382218750001 0.51396001875 0.5190394984375 0.486109425 0.5411687046875 0.490389190625 0.5891324484375 0.5210325124999999 0.6270903031249999 0.55162740625 0.6592288828124999 0.6141040765625 0.719221646875 0.74492145 0.7706393968749999
10 0.9395105359375 0.617940571875 0.8917340515625 0.5975386390625 0.8054437390625001 0.578537946875 0.7864139984375 0.6012122 0.7747674359375 0.64237485625 0.8720006046875 0.6943352890625001 0.9557891390625001 0.6881681171875 0.9675322109375 0.6586451624999999 0.9395105359375 0.617940571875
9 1 0.49423496718750004 0.9900165703124999 0.4933476546875 0.9765902953125 0.516951278125 0.9761630625000001 0.5698626109375 0.9990644156249999 0.586057403125 1 0.586257528125 1 0.49423496718750004
9 0.3843833484375 1 0.59362341875 0.7843348078125 0.5497049078125 0.770044925 0.3161452046875 1 0.3843833484375 1
5 0.4402516765625 1 0.6267860093750001 0.8802849765625 0.5770697593749999 0.8720688093750001 0.5494272687499999 0.83798870625 0.3878796953125 0.9939460625000001 0.39337391093749996 1 0.4402516765625 1
5 0.49759120156250003 0.761945634375 0.44734045 0.7519811921875 0.330428896875 0.836946021875 0.3817937828125 0.9324910203125001 0.5118878265625 0.8087077875 0.49759120156250003 0.761945634375
9 0.2097205609375 0.6465448515625 0.187539659375 0.659538565625 0.18937045 0.684306475 0.22271698125 0.6932267265625 0.28778977031249997 0.6494377124999999 0.376190375 0.6443935125 0.401747409375 0.6466151265625 0.4281586671875 0.6265935234375 0.4137219046875 0.62527274375 0.47739687656249996 0.5852566703125001 0.469663840625 0.5307532875 0.31269919687500003 0.5973791875 0.26032075625 0.5971453703125 0.2139282390625 0.629010396875 0.2097205609375 0.6465448515625
10 0.2811210921875 0.4982643515625 0.2906076453125 0.5292934703125 0.274621628125 0.56046463125 0.370410671875 0.5608072640625 0.38206480468750004 0.5634565703125001 0.41904804531249995 0.5488045984375 0.4635434359375 0.5232541203125 0.45479677656249995 0.50299008125 0.4443030046875 0.46032150625 0.42527422187499997 0.44606829843750007 0.384986015625 0.4540849953125 0.3221651234375 0.4718573734375 0.3030254328125 0.46767378125 0.277921565625 0.44189714531249996 0.26554694218749997 0.461928484375 0.2811210921875 0.4982643515625
12 0 0.5747255 0.044601153125 0.720609296875 0.112192178125 0.6963582453125 0.163092253125 0.6750619890625 0.183597846875 0.6482435953125 0.22324440625 0.6266761 0.27220135624999997 0.5906814609375 0.29300086406250003 0.5523046515625001 0.2811843875 0.5053097078125 0.2691951875 0.470267290625 0.25299815937500003 0.45275885000000005 0.24797003750000002 0.434225209375 0.2568479265625 0.34745327656249997 0.2368838765625 0.330140946875 0.2398431125 0.287660540625 0.227026278125 0.2624285484375 0.21070832031250003 0.23826695781249999 0.16902591875 0.22711628125 0.1290932671875 0.21543117500000003 0.11415406718750001 0.23959164687499998 0.094227403125 0.28917068125 0.04577274375 0.2996835890625 0 0.3255511796875 0 0.5747255
9 0.2802456265625 0.36595285781250003 0.27089485625 0.3979621671875 0.270014821875 0.4326384609375 0.2931145671875 0.4518599046875 0.30847413437500004 0.470147753125 0.31126806406249996 0.47022618749999995 0.3170643296875 0.47177653125 0.4352562390625 0.43898669999999995 0.48314448125 0.3994964703125 0.48234656875 0.3739344625 0.468811878125 0.34844415 0.466580175 0.3223649140625 0.5343839781249999 0.3021135265625 0.5614897734375 0.27184387499999996 0.559062059375 0.25347079375 0.5558326640625 0.232475540625 0.545651575 0.21169446875000003 0.41988949687500005 0.2405858796875 0.2990838828125 0.27943155000000003 0.23961673593750002 0.3019136484375 0.2355160546875 0.33231784375 0.26357260625 0.3614923953125 0.2802456265625 0.36595285781250003
9 0.562075590625 0.45846325 0.542317565625 0.4609885578125 0.504353834375 0.4730347828125 0.504992746875 0.506721221875 0.5514383609375 0.5368674 0.6284020421875 0.52959628125 0.6767048984375 0.5034035421875 0.7670831437500001 0.3922802546875 0.7734590890625 0.4975520578125 0.8608397578125 0.47830730624999995 0.8572960640625 0.3496830328125 0.8684295625 0.3304596875 0.8474940249999999 0.2850079484375 0.8376650031249999 0.25285866874999996 0.825685040625 0.1848940453125 0.8114503578125 0.1690326359375 0.655296240625 0.2031509328125 0.60933126875 0.21588571875 0.5910357890625 0.2289494078125 0.5883053406250001 0.2526348609375 0.5949399515625 0.2743356953125 0.602971503125 0.29868522343750004 0.5863539828125 0.34601720937499997 0.5591178734375 0.43344106406250005 0.562075590625 0.45846325
2 0.825938715625 0.0671997421875 0.8033099359375001 0.06225343437500001 0.764363825 0.0710841515625 0.6279792140625 0.2085955 0.6293927390625 0.20902357500000002 0.81166403125 0.16823857343749998 0.824825428125 0.18442811875 0.8620789125 0.1374447265625 0.8669913734374999 0.09595508124999999 0.8505332421875 0.07857571249999999 0.825938715625 0.0671997421875
2 1 0.8390808171874999 0.964196378125 0.844381028125 0.8286956968749999 0.9123764875000001 0.8184492765625 0.9254861640625001 0.9628506187499999 0.8813382437499999 0.9694595796875 0.8733934906249999 1 0.8640563468750001 1 0.8390808171874999
