2 0.46476851874999997 0.7930685765625001 0.474709490625 0.7871067703125 0.4809577546875 0.7675182296874999 0.4778333328125 0.7249348953125 0.46363252343749994 0.720676215625 0.34093576406250004 0.7257864578125 0.3176464125 0.740690971875 0.30685358749999997 0.741542534375 0.2990515046875 0.7415217015625 0.29577662031249996 0.76794444375 0.34775231406249996 0.7896614578125 0.46476851874999997 0.7930685765625001
10 0.2789241890625 0.658113715625 0.51313773125 0.711769096875 0.5174282406249999 0.6813350687499999 0.41548321718750003 0.66194618125 0.271243634375 0.6278793406250001 0.2789241890625 0.658113715625
10 0.14752951406249998 0.6156076390624999 0.16002662031249998 0.6143298609375 0.1691151625 0.6002777781249999 0.0273894671875 0.56195225625 0.047554976562500004 0.59303819375 0.1205480328125 0.6126267359375 0.14752951406249998 0.6156076390624999
9 0.2847245375 0.6216267359375001 0.27932812500000004 0.59948350625 0.2577424765625 0.5909670140625 0.2336012734375 0.5965026046874999 0.15435937500000002 0.6152395828125 0.1137447921875 0.635253471875 0.1020995375 0.673152778125 0.12084490781249999 0.69870225625 0.14924710624999998 0.7212717015625 0.184465278125 0.7136067703125 0.271943865625 0.6880564234375 0.28841666718750003 0.676559028125 0.2895526625 0.6501579859375 0.2847245375 0.6216267359375001
5 0.28338194375 0.5385729171875 0.28963078750000004 0.46575520781249996 0.291902778125 0.384847221875 0.2373709484375 0.36440711875 0.2040642359375 0.38791493125 0.16628993125 0.40452256875000003 0.12624305625 0.40622569375 0.0810839125 0.446254340625 0.07824363437500001 0.473081596875 0.0762552078125 0.5241814234375 0.0765393515625 0.55015711875 0.1364675921875 0.5561189234375 0.14137210625000002 0.5551805562500001 0.1782945609375 0.5590130203125 0.22629398125 0.55432899375 0.2677609953125 0.5449609375 0.28338194375 0.5385729171875
9 0.40043518593750005 0.2542638890625 0.384209490625 0.2527048609375 0.389409721875 0.2427239578125 0.3792164359375 0.23679774375 0.387537615625 0.22494618125 0.3864976859375 0.2227630203125 0.3423101859375 0.21463975624999998 0.33553125 0.259878471875 0.36964756875 0.2723541671875 0.40001909687500004 0.27297743125 0.40043518593750005 0.2542638890625
2 0.7951429390625 0.8912864578124999 0.8231979171875 0.8828133687499999 0.832684028125 0.8652612843749999 0.840959490625 0.8555781250000001 0.8607390046875001 0.83832899375 0.8562986109375 0.8307638890625 0.8349045140625 0.8431710062500001 0.834500578125 0.831671875 0.8268310187499999 0.8244088546875 0.80725289375 0.8210798609375001 0.7693078703125 0.8468020828125 0.7713263890625 0.8461970484375 0.76728993125 0.8849314234375001 0.7951429390625 0.8912864578124999
2 0.89655555625 0.5491657984375 0.9032170140625 0.5557369796875 0.915137153125 0.561519096875 0.973159721875 0.56046788125 0.9817488421875 0.55074305625 0.9828009265625001 0.5310312500000001 0.9803466437499999 0.5199930562499999 0.9176452546875 0.5283385421875 0.905671296875 0.5381276046875 0.8991851859375 0.54128125 0.89655555625 0.5491657984375
4 0.9535266203124999 0.49776215312499994 0.9638692125 0.49145399375 0.9735104171875 0.4701657984375 0.9743865734374999 0.45649913125 0.9591359953125 0.44651215312500003 0.950371528125 0.46070399375 0.9426585640624999 0.47069184062499997 0.94160648125 0.48961458281250003 0.9535266203124999 0.49776215312499994
12 0.7510520828125 0.5835416671875 0.7696429390625 0.5811796874999999 0.8140717593750001 0.5759826390625 0.8399103015625 0.572675346875 0.8692146984375 0.562754340625 0.8922170140624999 0.521652778125 0.9142737265624999 0.48527517343750004 0.9133287031249999 0.4531501734375 0.9133287031249999 0.43189062500000003 0.8900109953124999 0.39598611093749997 0.868269096875 0.3785060765625 0.8648032406249999 0.407324653125 0.8036736109374999 0.3879548609375 0.7677523140625 0.4120486109375 0.7346666671875 0.44275694374999996 0.714500578125 0.466378471875 0.7078831015625 0.49000000000000005 0.6874016203125 0.4796067703125 0.6792320609375 0.490573784375 0.6707013890625 0.5259045140625 0.686141203125 0.5438567703125 0.7119797453125 0.5688958328125 0.7510520828125 0.5835416671875
10 0.9993663187499999 0.616253471875 0.9875769671875 0.58746788125 0.9634421296875001 0.5927760421875 0.9500862265625001 0.6259201390625 0.999421296875 0.634206596875 0.9993663187499999 0.616253471875
