10 0.71325 0.7413811734375 0.7034606484375 0.71702700625 0.6160046296874999 0.6957168203124999 0.5696655093749999 0.7300740734375 0.6342789359375 0.77356404375 0.6721331015625001 0.766605709375 0.71325 0.7413811734375
10 0.6062141203125 0.82314351875 0.5892453703125 0.8962075625000001 0.6440682875 0.950135803125 0.7426203703125 0.9853626546875001 0.8346446765625 0.9653572531249999 0.8777199078125 0.933608796875 0.9038263890625 0.8909884265624999 0.8868576390625 0.8314066359375 0.8215914359375001 0.784436728125 0.78830555625 0.7548634265625 0.7206527781250001 0.752965278125 0.643415509375 0.7683456796875 0.6512476859375 0.7831319437500001 0.6062141203125 0.82314351875
10 0.6195729171875 0.7629043203125 0.54321180625 0.7181095671875 0.3428460640625 0.6385216046875 0.33631944375 0.652438271875 0.44988194375 0.698973765625 0.346109953125 0.727242284375 0.2364629625 0.767688271875 0.263222221875 0.8620625000000001 0.22928472187499999 0.8594529328125 0.1437858796875 0.8259652781250001 0.1052789359375 0.8329236109375 0.29128703749999996 0.9120763890625 0.2930729171875 0.9422523140625 0.32896875 0.9900918203125 0.5123657406250001 1 0.665740740625 0.9996597218750001 0.6096122687500001 0.9426875000000001 0.6128750000000001 0.930945215625 0.6182673609375 0.815527778125 0.6522060187500001 0.7816049375 0.6195729171875 0.7629043203125
2 0.3317511578125 0.857811728125 0.321309028125 0.898257715625 0.3441516203125 0.923482253125 0.425733796875 0.8869506171875001 0.49230555625 0.8586813265625001 0.5849826390625 0.843024690625 0.6280578703125 0.7969251546875 0.6509004625 0.78909645 0.6339317125 0.7734405859375 0.603909721875 0.773875 0.5621388890625 0.7730054015625 0.47932523125 0.7997469140625 0.45249305624999997 0.823019290625 0.39767013906250004 0.8269336421875 0.3317511578125 0.857811728125
2 0.28795717656250003 0.9748935187500001 0.3121053234375 0.9387962968749999 0.301009259375 0.9118325625000001 0.2331331015625 0.890956790625 0.110434028125 0.9718495375 0.12348726875 0.9948989203125 0.19266898125 0.9992283953125 0.28795717656250003 0.9748935187500001
4 0.180921296875 0.80089351875 0.158077546875 0.7865416671875 0.12826851875 0.8035540125 0.1430671296875 0.82524845625 0.156771990625 0.8230740734375 0.180921296875 0.80089351875
2 0.2435763890625 0.7595779328125001 0.2253020828125 0.7300046296875 0.201152778125 0.7178271609375 0.17439467656250002 0.7269598765625 0.1606886578125 0.7521844140625 0.2076793984375 0.84003549375 0.2357442125 0.8487330249999999 0.2696817125 0.838295525 0.257934028125 0.793500771875 0.2253020828125 0.7704506171875 0.2435763890625 0.7595779328125001
10 0.15285069375 0.78825 0.1672083328125 0.77302855 0.1639456015625 0.7421504624999999 0.1593761578125 0.723884259375 0.1384918984375 0.6669120375 0.099984953125 0.635598765625 0.0680046296875 0.632554784375 0.0575625 0.6725655859375 0.07779398125 0.7408456796875 0.1260914359375 0.7947739203124999 0.15285069375 0.78825
5 0.1603703703125 0.6713510796875 0.2040983796875 0.717016203125 0.264796296875 0.74093595625 0.3607361109375 0.7322376546875 0.364 0.707882715625 0.37378935156250004 0.6548248453125 0.39467476874999996 0.6117692906250001 0.2386898140625 0.5500123453125 0.2001828703125 0.566973765625 0.1331643515625 0.5935817906249999 0.10163194375 0.6204668203125 0.1127268515625 0.6474313265625 0.1603703703125 0.6713510796875
2 0.34294212968750004 0.5421651234375 0.29063773125000003 0.557625 0.276296296875 0.5626836421875 0.315103009375 0.5778618828125001 0.35095601875 0.5604351859375 0.3636793984375 0.5523256171875001 0.36867245312499997 0.5404791671875 0.34294212968750004 0.5421651234375
10 0.198347221875 0.49808256249999994 0.11453935156249999 0.5091358031250001 0.13929398125 0.54193055625 0.1797870375 0.546989196875 0.200878471875 0.5295632718750001 0.198347221875 0.49808256249999994
16 0.3769421296875 0.562801696875 0.3696770828125 0.57136805625 0.377084490625 0.6042083328125 0.39049884218750003 0.6094220671875 0.396646990625 0.6150084875 0.3893807875 0.6326990734375 0.38518981406249997 0.6464791671875 0.4092233796875 0.6637970671875 0.4273553234375 0.659899690625 0.4252893515625 0.632260803125 0.4054479171875 0.5600084875 0.3769421296875 0.562801696875
16 0.5798321765625001 0.616804784375 0.5566365734375001 0.6063765437499999 0.5186296296874999 0.6218325625000001 0.4747546296875 0.6581450625 0.5032592593749999 0.6641041671875 0.5798321765625001 0.616804784375
2 0.47084143593750005 0.6460408953125001 0.4747546296875 0.6305848765625 0.464134259375 0.6242538578125 0.45181250000000006 0.6207700625 0.4252893515625 0.6270470671874999 0.42892245312500005 0.6605655859375 0.443733796875 0.6588896609375 0.47084143593750005 0.6460408953125001
9 0.4931134265625 0.6920493828125001 0.4970856484375 0.704401234375 0.57806944375 0.717642746875 0.6143495375 0.697703703125 0.636858796875 0.6950563265625 0.71201851875 0.7205208328125 0.7096354171875 0.739225309375 0.9036863421874999 0.765391203125 0.90103819375 0.7419228390625 0.8570787031249999 0.7230416671875 0.8221226859374999 0.7098078703125 0.78584375 0.6875740734375 0.7035995374999999 0.671429784375 0.5285567125 0.6673711421874999 0.4644710640625 0.658901234375 0.43008680625 0.6609930562499999 0.40413541718749996 0.6636396609374999 0.46636689843749995 0.6855208328125 0.48013773125 0.6856967593750001 0.4931134265625 0.6920493828125001
10 0.30726851875 0.2871334875 0.28269444374999997 0.27948148125 0.2579328703125 0.2786759265625 0.26152546249999997 0.293516975 0.3061875 0.2940825625 0.30726851875 0.2871334875
10 0.0805196765625 0.30602006249999997 0.09608680625 0.316233025 0.12362731406250001 0.316233025 0.1449421296875 0.312563271875 0.145421296875 0.28878549375 0.08650694375 0.2980408953125 0.0805196765625 0.30602006249999997
16 0.1272673609375 0.3387584875 0.0909039359375 0.3378888890625 0.08454398125 0.3458209875 0.09677430625 0.35081944374999996 0.1272673609375 0.3481026234375 0.1272673609375 0.3387584875
