10 0.3823213609375 0.9207036125 0.3783848390625 0.8739163453125001 0.296976396875 0.748276128125 0.2319133546875 0.7461463671875 0.13785684375 0.7747202375 0.14995703437500002 0.886586746875 0.1558909734375 0.897114571875 0.281850065625 0.9505810359375 0.31051643906250004 0.959519 0.3823213609375 0.9207036125
9 0.7056628609375 1 0.712362365625 0.9879098609374999 0.6854164125 0.8458463921874999 0.565721365625 0.8069865140625 0.46403145781250005 0.8084248921875 0.38894934375 0.8474429062500001 0.3805574453125 0.8621997968749999 0.390525446875 0.8863437171875 0.37857771093750003 0.9195040000000001 0.3151398484375 0.964711709375 0.3982738515625 1 0.7056628609375 1
10 0.3365212 0.536582978125 0.273269003125 0.5527446375 0.24594529999999998 0.5594654546875 0.1835432328125 0.556076375 0.1666334453125 0.5783690109374999 0.0971631296875 0.614192828125 0.12476558281250001 0.6744951078125 0.1869819453125 0.7184271484375 0.190807053125 0.749521225 0.2145336359375 0.758796284375 0.307478084375 0.71780271875 0.4315119296875 0.6637216796875001 0.3365212 0.536582978125
10 0 0.4869987125 0.130180046875 0.5319237890624999 0.25663248125 0.5648906296875 0.2913629 0.53821590625 0.30856039218750003 0.515249115625 0.24031161562499997 0.45043627031250005 0.0077106281250000006 0.38010875 0 0.3982738515625 0 0.4869987125
10 0.44100645 0.5545484890625 0.4495182265625 0.6571208640624999 0.46510578125 0.6955966421875 0.605798853125 0.6900050890625 0.6724873453125 0.665744390625 0.6906962062499999 0.61532904375 0.6794058656249999 0.566729671875 0.5717674171875 0.5521028343750001 0.44100645 0.5545484890625
10 0.8639284171874999 0.6346997546875001 0.8098188640625 0.5766860874999999 0.751790540625 0.55046196875 0.6893227265624999 0.57731051875 0.6996016984375 0.65335844375 0.8365704640624999 0.7417649296875 0.8848741765625 0.7407633265625 0.9301965687499999 0.7568152687499999 0.9370378484374999 0.750055684375 0.9456612609375 0.729740196875 0.9158728406250001 0.70533574375 0.8639284171874999 0.6346997546875001
10 0.5946800953125 0.38097395624999997 0.6208836718749999 0.42953223281249997 0.6210011843750001 0.5044531453125 0.65724065 0.5469163078125 0.7462246296874999 0.5353057531250001 0.729870234375 0.43596992968750004 0.6688347140625 0.3742200859375 0.5946800953125 0.38097395624999997
10 0.672812196875 0.24202491249999997 0.6379971796875 0.34910986718750003 0.7637150921875 0.421407828125 0.81326753125 0.3723493890625 0.83838381875 0.2906179828125 0.8292508515625 0.211870234375 0.7366376046875 0.22451285156249998 0.7127670171875 0.258187290625 0.672812196875 0.24202491249999997
10 0.2821866234375 0.011055684375 0.1608735765625 0.10133715937500001 0.11220621093750001 0.2009507375 0.12147422968749999 0.30444624062500003 0.187446921875 0.40970985625 0.306427365625 0.49287074531249997 0.425592209375 0.53548811875 0.504413834375 0.5227490171875 0.6019079453125 0.48607666250000003 0.6177822046875 0.4386528875 0.583093375 0.382510284375 0.592378409375 0.3506097453125 0.5312247640625001 0.3843886703125 0.38096921250000004 0.3548582171875 0.2718647234375 0.2735005875 0.2260631953125 0.1959144421875 0.25223385781249996 0.0891415703125 0.354311578125 0.041670912500000004 0.37162558125 0.0083996359375 0.2821866234375 0.011055684375
10 0.29365933437499997 0.10433680468749999 0.2318472953125 0.1346499859375 0.2204891734375 0.2015135109375 0.26264323749999996 0.27516140624999996 0.3821878296875 0.3394452859375 0.47298265625 0.346126153125 0.502212171875 0.2948136875 0.46960477031250003 0.3064605296875 0.43011309999999997 0.31677773125 0.31983683281249997 0.2707645125 0.2569569375 0.205841784375 0.2881486453125 0.1473982734375 0.333361284375 0.1060553578125 0.29365933437499997 0.10433680468749999
9 0.37139283437500004 0 0.350820034375 0.037318075 0.2958171453125 0.16689675937499998 0.2725284140625 0.21674838749999997 0.34332035 0.290605840625 0.44924906093750006 0.32680852968749996 0.617358603125 0.25161100468750003 1 0.17884815468749998 1 0.16905722031249998 0.6017261484375 0 0.37139283437500004 0
