16 0.632564803125 0.23604976406249997 0.621281746875 0.27189571875 0.6357955125 0.2804127515625 0.667896396875 0.2781875609375 0.6765041078125 0.273130534375 0.67571883125 0.26414700468749996 0.679479590625 0.2603303765625 0.6709613359375 0.2450966625 0.632564803125 0.23604976406249997
4 0.6133471578125 0.36838492500000003 0.6080158203125 0.3710329046875 0.6266292124999999 0.37610648593749996 0.647921315625 0.38170330625000004 0.6655529421875 0.3881160875 0.680673771875 0.3907337203125 0.6725948046875 0.3728719671875 0.6133471578125 0.36838492500000003
9 0.863507009375 0.44485276406249996 0.850065571875 0.442048365625 0.8428490234374999 0.46935161562500005 0.835394746875 0.47787707343749997 0.8446922046875001 0.48743642343750004 0.863507009375 0.44485276406249996
4 0.4460159265625 0.46139914062500004 0.4436127328125 0.46016168124999995 0.436028953125 0.4592282484375 0.42296771250000004 0.4642681546875 0.42420022343749997 0.47467956874999995 0.4304874234375 0.4833730171875 0.4469319703125 0.48651568593750005 0.458342115625 0.4823412546875 0.461138375 0.47112606875 0.4525482765625 0.46207100937499995 0.445540971875 0.4626632671875 0.4460159265625 0.46139914062500004
9 0.26455501875 0.6393926249999999 0.28893450625 0.6563376453124999 0.501341196875 0.5728275265625 0.502637015625 0.5582927921875 0.26455501875 0.6393926249999999
9 0.3636907078125 0.6974133874999999 0.354463525 0.679643046875 0.3091289484375 0.689920096875 0.35404818437499996 0.716743471875 0.3644126921875 0.7073514359375 0.3636907078125 0.6974133874999999
9 0.7670922390625 0.5340578046875 0.7602121484375 0.5298619062500001 0.754960771875 0.532111721875 0.7436402125 0.5295046812499999 0.744347690625 0.5247200750000001 0.7429393171875 0.5044160140625 0.7201670359375 0.491943225 0.7008577 0.4973752734375 0.6927815328125 0.5025150546875 0.679941628125 0.5053539234375 0.6828142453125 0.513296153125 0.6773096765625 0.5165614703125 0.6778504828125 0.529961946875 0.684052628125 0.545960915625 0.7088791140625 0.5566802828124999 0.71197175 0.550117609375 0.7135794093750001 0.5508065484375 0.74591689375 0.5593007578125 0.791978890625 0.5588132046875 0.7896140890625001 0.5514291546875 0.7786434625 0.5396338390625 0.7648611765625 0.5371684140624999 0.7670922390625 0.5340578046875
9 0.40691136562499997 0.6948085125000001 0.41558790312499994 0.6913309625 0.41626636406250006 0.6877401390625 0.429470503125 0.6869824578125 0.4309321125 0.682863121875 0.40694145937500004 0.6885966125 0.40691136562499997 0.6948085125000001
0 0.3734837578125 0.683581328125 0.3577607890625 0.6848680921875 0.3709070421875 0.7008733140625 0.3902718421875 0.6997713734375 0.4033731234375 0.6976868984375 0.403676521875 0.692121690625 0.3956368015625 0.6855631390625 0.3734837578125 0.683581328125
16 0.4198425921875 0.6925364125 0.4250517828125 0.6960047687500001 0.439293965625 0.6899359031250001 0.4170825015625 0.6870758015625 0.41487236406249994 0.690718646875 0.4198425921875 0.6925364125
15 0.27743603906250003 0.6805870203125 0.2841503296875 0.6867752859375 0.29926825 0.683834490625 0.348864546875 0.6756043609375 0.3424880140625 0.6700507499999999 0.27743603906250003 0.6805870203125
6 0.31836252656249997 0.68600405625 0.324709040625 0.6843932734375 0.3212090390625 0.6805482421875 0.310811778125 0.68171296875 0.310040653125 0.6848057875 0.3179135515625 0.68606193125 0.31836252656249997 0.68600405625
