9 0.5195425890625 0.9237895093749999 0.49318309843749997 0.959438246875 0.5318437296875 0.9993359890625 0.643431925 0.9993359890625 0.6465077124999999 0.9798067734375 0.69922669375 0.9806759625 0.7211931593750001 0.9411148734375001 0.7370087187500001 0.90937915 0.7791837687500001 0.906770915625 0.8165264921875 0.8976414343749999 0.830145540625 0.8815557765625 0.824873909375 0.8467768921875001 0.7515063718749999 0.830256971875 0.7383266265625 0.8133021250000001 0.7001052984375 0.7959130140624999 0.6996659953125001 0.7959130140624999 0.65424614375 0.7956328015625 0.6262984578124999 0.8185830015625 0.622344734375 0.8424940234375 0.6100435953125001 0.8681434265625001 0.5195425890625 0.9237895093749999
4 0.4828853125 0.8603406375 0.468122065625 0.8719920312499999 0.47207645937500003 0.9115531203125 0.505904090625 0.8911201859375 0.4828853125 0.8603406375
10 0.847513078125 0.5678067734375001 0.847513078125 0.5434614875 0.8349436625 0.516682603125 0.675297115625 0.6721434265624999 0.6739792078125 0.7143127484375 0.7064896046875 0.7064880484375 0.847513078125 0.5678067734375001
4 0.945046278125 0.5154800796875 0.978873909375 0.4889608234375 0.9779953046875001 0.4537476765625 0.9472427906249999 0.4498346609375 0.9081428578124999 0.4537476765625 0.8817833671875001 0.493308765625 0.894523809375 0.532 0.919126090625 0.538086321875 0.945046278125 0.5154800796875
13 0.5712649234375 0.6537264281249999 0.5998209250000001 0.65111819375 0.6573722328125 0.632424303125 0.6797780015625 0.6054707828125 0.6376029515625 0.522435590625 0.5998209250000001 0.515045153125 0.5457840375 0.532 0.5260140843750001 0.545476759375 0.5563272968749999 0.6211215140624999 0.5712649234375 0.6537264281249999
5 0.6270603625 0.5155471453125 0.685490275 0.518155378125 0.721515090625 0.5012005312500001 0.7210757875 0.46207436875 0.7136076453125 0.4351201859375 0.7087746484374999 0.40599335937500003 0.685050971875 0.3707795484375 0.6811582828125 0.37041102187499997 0.6257424546875 0.373822709375 0.6130020125 0.3981679953125 0.6191522468749999 0.448597609375 0.6270603625 0.5155471453125
10 0.35969014062500004 0.595569721875 0.3803386984375 0.599047809375 0.40977330624999997 0.556443559375 0.4326183765625 0.5142742359375 0.4431623078125 0.485581009375 0.4282253515625 0.45254116875 0.38604963125 0.45862749062499997 0.36013145468749996 0.480391765625 0.3487069078125 0.5168824703125 0.3324520453125 0.5686162015625 0.35969014062500004 0.595569721875
10 0.3438765921875 0.627767596875 0.36979678125 0.6364621515625 0.362603621875 0.6189103578124999 0.3438765921875 0.627767596875
12 0.174389671875 0.43467994687499995 0.15461971875 0.46598140781249997 0.14275788125 0.49032669375 0.1326539234375 0.514671978125 0.1366076453125 0.5511899078125 0.18053990625 0.57597011875 0.221837021875 0.573361221875 0.247757209375 0.549885790625 0.2530288390625 0.5120637453125 0.2679657953125 0.48858765000000004 0.278070421875 0.46989375781250003 0.2833427234375 0.4494614875 0.2657692828125 0.43163745000000003 0.1897659296875 0.424681275 0.174389671875 0.43467994687499995
12 0.0575137484375 0.482144090625 0.08650972500000001 0.4986640109375 0.1119906109375 0.48431806093749996 0.1119906109375 0.449974103125 0.12385177656249999 0.402152721875 0.12096415625000001 0.364729978125 0.0746478875 0.35389707812500004 0.06058886718749999 0.3782423640625 0.02412541875 0.40084860625 0.029836351562500002 0.43345351875000004 0.053560026562499995 0.4577988046875 0.0575137484375 0.482144090625
10 0.082994634375 0.3203512609375 0.1049611 0.341218459375 0.1365922203125 0.3381752984375 0.1462575453125 0.31035258906249996 0.1607551984375 0.29296281562500004 0.1778893359375 0.27600796875 0.21347484843750003 0.26905245624999996 0.255210596875 0.3151341296875 0.3132012078125 0.2560099609375 0.34527230000000003 0.24861952187499997 0.4089745140625 0.2942669328125 0.441484909375 0.2764428953125 0.46872300468750006 0.241229084375 0.47179812187500003 0.218187915625 0.4331374921875 0.1929734390625 0.502134809375 0.1916693234375 0.553095909375 0.1262636125 0.6062548624999999 0.1058306765625 0.6537015421875 0.10843957500000001 0.6717142859375 0.075833996875 0.6334929578125 0.0584442234375 0.5899993296875 0.05800996093750001 0.556611 0.044967464062500004 0.5052099265625001 0.0558359890625 0.4665492953125 0.07539907031250001 0.40328638437500003 0.07931208437500001 0.3690187796875 0.0875717125 0.37077598906250003 0.1053964140625 0.346173709375 0.109308765625 0.321571428125 0.10713479374999998 0.2921368203125 0.10626560468749999 0.2732454734375 0.10887383749999999 0.239417840625 0.1171341296875 0.211301140625 0.1371321375 0.2055895375 0.147130809375 0.19680281718749998 0.1623466140625 0.2069074453125 0.1753891109375 0.19680281718749998 0.193213146875 0.1823051640625 0.1927782203125 0.17531522500000002 0.20401925625 0.150651240625 0.219926959375 0.1198980546875 0.250358565625 0.08475184375 0.2825292171875 0.082994634375 0.3203512609375
10 0.214815559375 0.1366972109375 0.2424929578125 0.1171341296875 0.1138008046875 0.07460425000000001 0.10103018125 0.0984402390625 0.1475989265625 0.14930478125 0.19504560625 0.1588685265625 0.214815559375 0.1366972109375
10 0 0 0 0.0560803453125 0.0785003359375 0 0 0
2 0.3388376921875 0.4002011953125 0.344548625 0.39281075625 0.3454272296875 0.3736819390625 0.33708048281249997 0.3671613546875 0.33708048281249997 0.3662915 0.3131723671875 0.362798140625 0.29929845781250003 0.37889907031250003 0.3058879953125 0.40628751718749995 0.3234614359375 0.40628751718749995 0.3388376921875 0.4002011953125
9 0.62618376875 0.273034528125 0.537879275 0.2991188578125 0.5488625078125 0.3143346609375 0.569511065625 0.3078134125 0.5717075781250001 0.31694289531250003 0.5879624406249999 0.306943559375 0.5998242796875 0.3421573703125 0.6169584171875 0.3125956171875 0.62618376875 0.273034528125
9 0.7789745140625 0.20175630781249998 0.723619046875 0.228710490625 0.77765660625 0.2752270921875 0.798743796875 0.2539249671875 0.7789745140625 0.20175630781249998
