4 0.4226431421875 0.566912971875 0.404813434375 0.613635625 0.42658460624999994 0.6646549796875 0.4607917921875 0.673474465625 0.48324102968749993 0.659622434375 0.542727878125 0.6365229890624999 0.5128151265625001 0.57147221875 0.4889068046875 0.5377476015625 0.4602894875 0.5435683609375 0.4226431421875 0.566912971875
2 0.736227284375 0.6951756625 0.718662734375 0.6603411625 0.6753096421875 0.613260378125 0.6416696609375 0.5836790234375 0.6262446859375 0.5814974375 0.5908921484375 0.6000480609375 0.570055 0.6240312109375 0.5846346671875 0.6644320515625 0.612428815625 0.725134875 0.6739944875 0.7496677765624999 0.7282131 0.7510815109375 0.736227284375 0.6951756625
10 0.9106034078125 0.5855641078125 0.9164014937499999 0.633521109375 0.9846080703125001 0.617844840625 0.9854227249999999 0.5871152796875 0.9106034078125 0.5855641078125
5 0.8141950890625 0.086032084375 0.8552655109374999 0.09769137343749999 0.9167551984375001 0.0803392421875 0.9255897359375 0.042249678125 0.896282246875 0.0407856625 0.851878325 0.057798189062500005 0.8456955953125 0.0781553796875 0.82944675625 0.08150045312500001 0.789048825 0.046435340625 0.7671159375000001 0.0298515125 0.7497085296875 0.049593109375 0.7515482796875 0.08201769375 0.7677294484375 0.095165321875 0.8141950890625 0.086032084375
2 0.7479877609375001 0.064159328125 0.767119578125 0.0310029671875 0.8030944281249999 0.056882140625 0.8061234359375 0.028549382812500003 0.80146435625 0.024464795312500003 0.684751521875 0.0142537453125 0.7091871671875001 0.0391337328125 0.7479877609375001 0.064159328125
9 0.53247283125 0.2389192984375 0.57650023125 0.23250573281250003 0.5833832921875 0.2041437234375 0.5610586703125 0.17945953125 0.5245988671874999 0.190568221875 0.5156908140625001 0.21692013437500002 0.53247283125 0.2389192984375
4 0.0230210375 0.4652765 0.0731459609375 0.421659878125 0.07824438593750001 0.384390140625 0.0445177015625 0.359956509375 0.0073914140625 0.39368528281250004 0.0012875078125 0.4634532421875 0.0067602078125 0.46630270781250005 0.0230210375 0.4652765
10 0 0.512702403125 0.027052507812499998 0.5116716703125 0.044972484374999996 0.4916876890625 0.0442579890625 0.4659219125 0.0012008656249999998 0.4644435640625 0 0.47816952500000004 0 0.512702403125
10 0.015588231250000001 0.6533132515625 0.0428468921875 0.669412503125 0.0866858453125 0.6262260625 0.0515780671875 0.6080846484375 0.0502663203125 0.6098146625 0.041955934375 0.5997815375 0.015588231250000001 0.6533132515625
10 0.13449350625 0.7279642859375001 0.1297652671875 0.7442046999999999 0.1807740375 0.761891753125 0.1771840984375 0.7164849921875 0.13449350625 0.7279642859375001
4 0.631304315625 1 0.634550328125 0.9762714921875 0.5956171015625 0.917896515625 0.5748386921875 0.8858196906250001 0.5106430625 0.8508149203125001 0.4204974078125 0.8267641812500001 0.393501603125 0.8454640640625 0.3839972125 0.8994917359375 0.379422178125 0.947583521875 0.5503281 1 0.631304315625 1
2 0.3378147609375 0.9564296484374999 0.38080627968749997 0.9372848734374999 0.382615521875 0.9358585203124999 0.3913843921875 0.8734398265625 0.4178436875 0.8272634078125 0.4750712609375 0.8410869078125 0.48661535312500004 0.843566340625 0.508283765625 0.7891334265625 0.4724579953125 0.7365276390625 0.4368840703125 0.73145654375 0.4087939953125 0.7500606890625 0.3596298171875 0.786903409375 0.358900303125 0.7868395859375 0.3187802875 0.812718659375 0.294082615625 0.8345585156249999 0.24611079687499998 0.8871802437499999 0.235832171875 0.9122411250000001 0.22497672500000002 0.9397003843749999 0.23401168437500003 0.9708593531249999 0.25467847187500003 0.9804470656250001 0.26096605624999997 0.9809971578125 0.300228984375 0.9575496875 0.3378147609375 0.9564296484374999
10 0.539846321875 0.8604129 0.6086081953125 0.8096100640625 0.5600900125 0.767650221875 0.502333325 0.7761776046875 0.5117763734375 0.794771228125 0.49981521874999996 0.834868790625 0.539846321875 0.8604129
10 0.3229008515625 0.716907890625 0.332342559375 0.74699054375 0.3209838046875 0.76938889375 0.32898667187499997 0.797894715625 0.4459252484375 0.728402528125 0.360788503125 0.7041319015624999 0.3578457625 0.6687666625 0.3229008515625 0.716907890625
9 0.25969496875 0.8810643609375 0.3220431203125 0.808258925 0.30015970625 0.7721412109375 0.22933499375 0.7701600078124999 0.192059940625 0.870027284375 0.21373054218749998 0.9297035609375 0.25969496875 0.8810643609375
