10 0.7119319125 1 0.7279456046874999 0.9676637890625001 0.7458680125 0.9364726781250001 0.75810790625 0.8858655328125 0.74862546875 0.8314091875 0.7033623953125 0.8349358515624999 0.671860225 0.815903109375 0.658545628125 0.807669934375 0.6408091765624999 0.846816940625 0.6899096046875 0.8778065859374999 0.7119629984375 0.9086700140625 0.6804720750000001 1 0.7119319125 1
2 0.64952211875 1 0.6650699140625 0.9664587703124999 0.6780563015625 0.9371014671875001 0.675536509375 0.9207749015625 0.6594530796875 0.9123618703125 0.646637815625 0.911243925 0.6275164890625 0.9274730718749999 0.592209259375 0.9964463390624999 0.5920937187499999 1 0.64952211875 1
9 0.3071664390625 0.560803515625 0.34406608906249997 0.5856421859375 0.5401342375 0.7388208406250001 0.5445219875 0.727044778125 0.3111535578125 0.5475661078125 0.3071664390625 0.560803515625
9 0.62928730625 0.42096966875 0.644479396875 0.44319903906249997 0.6506459015625 0.43667534531249996 0.6494596875 0.428160709375 0.6396516578125 0.42139606093750004 0.554198821875 0.3532750671875 0.550820646875 0.3571612125 0.62928730625 0.42096966875
12 0.5986504187499999 0.3823116875 0.62954731875 0.39464378437500003 0.63860578125 0.3882128546875 0.6579502875000001 0.363473415625 0.6153212046875 0.33121701875 0.5869733015625 0.305693890625 0.54457528125 0.28512447343749997 0.5407415 0.28839462031249996 0.5304364140625 0.30936866093750004 0.5414376843750001 0.335658428125 0.561739625 0.3396611390625 0.5696390499999999 0.354891259375 0.5986504187499999 0.3823116875
10 0.744488596875 0.4160581484375 0.749997215625 0.417324034375 0.7556351343750001 0.41235953125 0.7573772484375 0.40259974375 0.7529102937500001 0.40241656406250004 0.744488596875 0.4160581484375
10 0.5333109765625 0.4098124765625 0.5312208187499999 0.4166268140625 0.5999159078125 0.45392863281249995 0.6017432125 0.42187083750000004 0.5631142640625 0.38921372656250003 0.558911615625 0.3931356125 0.53642750625 0.3742948328125 0.5316835796875 0.38796339375 0.5333109765625 0.4098124765625
10 0.5318810109375 0.4903613765625 0.5158077999999999 0.5074040671875 0.521691115625 0.5102832859374999 0.5368016328125 0.4960359453125 0.5318810109375 0.4903613765625
12 0.386614421875 0.2411613859375 0.403984865625 0.23760157343750002 0.4166538453125 0.239345690625 0.40373923749999996 0.22177729687499997 0.3820832578125 0.22362687499999997 0.379988421875 0.21828406875 0.36984109374999996 0.217035653125 0.358589675 0.21112935937500002 0.351563746875 0.19762560468749998 0.3485600765625 0.182686946875 0.344960109375 0.17359320312499998 0.3286412046875 0.1669799171875 0.310608478125 0.16750633125 0.2875047953125 0.1761134109375 0.2945763796875 0.20023825781250001 0.31409038906250003 0.23365644375 0.329098246875 0.252922478125 0.3377299546875 0.2484936671875 0.3484566484375 0.24707655156250002 0.3596897640625 0.24952439218750003 0.37669998437499996 0.24193374687500002 0.386614421875 0.2411613859375
9 0.3248190546875 0.34814406249999996 0.3501216625 0.3616620484375 0.3725519859375 0.36293437968750003 0.340051075 0.3196337890625 0.32247135312499997 0.29938049843750003 0.29941226875 0.2774281640625 0.27483064375 0.259238646875 0.2716558890625 0.2552072890625 0.24442249375 0.2404347546875 0.23477429375 0.2487902390625 0.22444754531250002 0.2612183484375 0.22090199375 0.2716998234375 0.2382593015625 0.28673042031249996 0.2628291796875 0.293409359375 0.2844339640625 0.3168525921875 0.303686240625 0.3261707609375 0.3248190546875 0.34814406249999996
10 0.88731354375 0.795811478125 0.8782904015625 0.8050228718750001 0.8716292781250001 0.818995440625 0.87363888125 0.832304178125 0.8939039531249999 0.8089918796875001 0.8987893296875 0.795228975 0.88731354375 0.795811478125
11 0.6844341375 0.610787759375 0.7025501843749999 0.6067728046875 0.714618296875 0.5996669625 0.7137876734375 0.5936965062499999 0.6751078265625 0.5883324484375 0.646637834375 0.5893022921875 0.6199816296875 0.59239113125 0.6063330390624999 0.58729413125 0.5951408609375 0.5975986171875001 0.611456384375 0.6066381546875 0.65853866875 0.6169742125 0.6844341375 0.610787759375
9 0.42540856250000003 0.17285950625 0.44164097187499995 0.17095688125 0.48694883750000006 0.2109835421875 0.492773271875 0.2028089828125 0.48631963906250003 0.19143494218749998 0.451794778125 0.15651201875 0.43812511406250004 0.14975290000000002 0.4278865625 0.15729244375 0.41842114218750004 0.1473563640625 0.40871840156249994 0.143405396875 0.42540856250000003 0.17285950625
