9 0.18595455156250001 0.08347714218749999 0.1427548890625 0.13101675156249998 0.1331005421875 0.257132234375 0.152338509375 0.33607961875000003 0.2081634328125 0.4362803125 0.26026612656250003 0.5016430125 0.355530315625 0.536230265625 0.40362025 0.5362442046875 0.46952662656250005 0.5105159796875001 0.515383009375 0.47691947968750004 0.5504414234375 0.4204944046875 0.5668287234375 0.365231059375 0.5667333171875 0.2569189578125 0.5484656796875 0.19543478125 0.49862897500000003 0.09619767500000001 0.40939348750000004 0.0373149703125 0.343405090625 0.018569634374999998 0.338340028125 0.0193718609375 0.255017175 0.0348327484375 0.18595455156250001 0.08347714218749999
9 0.453577075 1 0.44678886406249996 0.9782414984375001 0.42050761718749996 0.9309030703125 0.355751128125 0.9539165515624999 0.336965325 0.94271741875 0.3093411109375 0.9524966046875001 0.2331330640625 0.9519787000000001 0.2305875828125 1 0.453577075 1
2 0.350677446875 0.9556481140624999 0.42284140312499996 0.9266226968750001 0.4050993734375 0.9143834484375001 0.3390341546875 0.9424429203125 0.350677446875 0.9556481140624999
4 0.737622446875 0.7991043765625 0.6803149671875001 0.8122410468749999 0.644613446875 0.8239857 0.6490015953125 0.8881256015625001 0.7557365500000001 0.855785084375 0.7561587000000001 0.8103794531249999 0.737622446875 0.7991043765625
12 0.6208584218750001 0.8667586249999999 0.5796682046875 0.9197757859375001 0.5871176453125 0.9650891843749999 0.5985271921875001 0.980197540625 0.6333730609375 0.9818968640625 0.737607921875 0.9381123109375 0.7818630609375 0.947448834375 0.8236777234374999 0.944821271875 0.834747734375 0.8925787234375001 0.8482020640625001 0.851945684375 0.8474712 0.8146483078125 0.8299872578124999 0.79199150625 0.803573465625 0.7903631984375 0.7597572703125001 0.8182428203125 0.7712960343749999 0.8429316484375 0.6550754078125001 0.891850078125 0.6383563796875 0.8585381203125 0.6208584218750001 0.8667586249999999
9 0.9507626265625 0.9341795812499999 0.99063998125 0.824705815625 0.97098546875 0.796943696875 0.9429110734374999 0.7745111171875 0.8691502453125001 0.7629470484375 0.8334168312499999 0.78676839375 0.8409553750000001 0.8898626843749999 0.839488671875 0.925328775 0.8451244109375 0.9505883531249999 0.8445080890625001 0.9516678421875 0.88535030625 0.9451990703125001 0.8778110328125001 0.9174017078125001 0.9507626265625 0.9341795812499999
10 1 0.704530921875 0.980494346875 0.7018203062499999 0.954051425 0.7035180796875 0.9382045828125 0.7202221515625 0.9414468406250001 0.7418721453125 0.9656489546874999 0.7456520624999999 0.9923200515625 0.7422814515625 1 0.734050278125 1 0.704530921875
4 0.713313575 0.6738178734375 0.6349987875 0.6277121593749999 0.595170965625 0.730316625 0.6958546328125 0.7887256296875 0.7101255046875 0.7864653453125 0.71498801875 0.77675636875 0.7170802703125 0.697599846875 0.713313575 0.6738178734375
10 0.5660929078125 0.44782126250000004 0.5405502734375001 0.454627425 0.51898954375 0.46790036874999996 0.5205435656249999 0.643919315625 0.5507490171875 0.67028711875 0.564648778125 0.6105134953125 0.5845701984375 0.4673714734375 0.5660929078125 0.44782126250000004
10 0.670001975 0.479692503125 0.66370136875 0.46414062187500005 0.6158432875 0.47834095468750004 0.6116286203125 0.5130105687500001 0.6118239859375 0.51527843125 0.612289209375 0.512905940625 0.6626627046875 0.4989095859375 0.670001975 0.479692503125
