4 0.9722931703125001 0.8345239093749999 0.9245008328125 0.836238396875 0.933595225 0.8577932484374999 0.9852565234374999 0.8504451484375 0.9860305390624999 0.8430970468749999 0.9722931703125001 0.8345239093749999
9 0.8887001671875 0.781179325 0.87283398125 0.776280590625 0.8403275953125 0.7907320671875 0.8488412000000001 0.7971005625 0.8923764578125001 0.7868129390624999 0.8887001671875 0.781179325
10 0.7000222093749999 0.999296765625 0.727884509375 0.9983340359374999 0.7197579125 0.967962025 0.7013764578125 0.967716596875 0.7000222093749999 0.999296765625
2 0.49291227031249996 0.9546490859375 0.5143897828124999 0.9673860765625 0.5511526921875001 0.97032489375 0.562181565625 0.9686104078125 0.5701149359375 0.9605274265625001 0.5799827875 0.9607721515625001 0.581337034375 0.9419120953125001 0.5726302046875 0.9387278484375001 0.561214325 0.9218270046875 0.5567640203125 0.9196223625 0.507617434375 0.9115393812500001 0.45131204843750006 0.9139887484375 0.4424114375 0.9308895921874999 0.4478295390625 0.946321378125 0.4724025546875 0.9536694796875 0.49291227031249996 0.9546490859375
2 0.476513603125 0.9931673703125 0.4817379234375 0.999296765625 0.5372692953125 0.999296765625 0.4937340359375 0.9623052046874999 0.48231815625 0.965978903125 0.4768239859375 0.9648101265625 0.4683870078125 0.972102671875 0.4741915609375 0.982144865625 0.4770938375 0.9872890296874999 0.476513603125 0.9931673703125
2 0.42808995000000005 0.87202320625 0.43002498593749994 0.85977566875 0.427122709375 0.8494887484375001 0.3447118265625 0.8309275671874999 0.3371499171875 0.8536526015625 0.3423742359375 0.8622250359375 0.41783509218750003 0.8818206749999999 0.42808995000000005 0.87202320625
2 0.45834425312500005 0.8074676515625001 0.4591182671875 0.7949753875 0.44034980625 0.7920365687500001 0.429707940625 0.7986497890625001 0.41867906718750003 0.7976701828125 0.41674403125000004 0.7979149078125001 0.41693781249999995 0.799139240625 0.41693781249999995 0.8079571031249999 0.42757967812500003 0.8079571031249999 0.4492504171875 0.8131012656250001 0.45834425312500005 0.8074676515625001
9 0.17596946093750002 0.7200056265625 0.18603109375 0.7178016875 0.22182676250000002 0.6972264421875 0.2319977796875 0.7070239093749999 0.264697390625 0.69575668125 0.284046640625 0.684244725 0.3008800671875 0.664159634375 0.309973903125 0.6445646968750001 0.295849528125 0.6430949359375 0.288303165625 0.6450541484375 0.28462687343750004 0.6396652609375 0.2521204890625 0.634277075 0.237415325 0.6499528828125001 0.23064353125 0.6558319265625 0.186140478125 0.65338185625 0.1718223203125 0.6396652609375 0.0799988890625 0.6839999999999999 0.099154359375 0.7212306609375 0.12546862812499998 0.7178016875 0.1558467515625 0.7212306609375 0.17596946093750002 0.7200056265625
9 0.1697395890625 0.6217616031250001 0.1614197671875 0.6124542890625 0.12891338125000001 0.6242109703125001 0.1302676296875 0.6271504921875 0.14071626875 0.627640646875 0.1662570796875 0.629355134375 0.1697395890625 0.6217616031250001
3 0 0.7582876234375 0.0419278171875 0.7318340359375 0.0214175453125 0.7222812937499999 0 0.7315893109375 0 0.7582876234375
2 0.0626307609375 0.7359549921874999 0.07520766250000001 0.74820253125 0.1007484734375 0.75187623125 0.1090682953125 0.75187623125 0.109455303125 0.7435485234375 0.10616601875000001 0.7391392406249999 0.105004996875 0.7327714484375 0.0779167125 0.7229732765625 0.0750144359375 0.715135725 0.0473453640625 0.7058277078125 0.0428950578125 0.7068073140625 0.0212243203125 0.7178298171875 0.0452171015625 0.7359549921874999 0.0626307609375 0.7359549921874999
4 0.6255924484375 0.773715190625 0.636268184375 0.7626898734374999 0.6351443640625 0.755398734375 0.6220805109375 0.7385056265625 0.6129317046875 0.7347011250000001 0.603538034375 0.7505977500000001 0.60339755625 0.7657123765625 0.608735703125 0.771580871875 0.6255924484375 0.773715190625
