10 0.393095253125 0.7767728843749999 0.3492162578125 0.8618084874999999 0.40393980625000003 0.9125317640624999 0.486467821875 0.83627208125 0.5742208140625 0.76817606875 0.5956172937499999 0.7494996406250001 0.543608090625 0.7146098125 0.4907569703125 0.7453360015625 0.42651235468750004 0.747832303125 0.393095253125 0.7767728843749999
4 0.1790922453125 0.61956246875 0.172573259375 0.62080210625 0.1641308859375 0.631884353125 0.18338997343750002 0.6531303109375 0.198070365625 0.64174265625 0.1790922453125 0.61956246875
4 0.32393244062500004 0.7339811296875001 0.336565403125 0.72166935625 0.3306924140625 0.706023696875 0.3222496953125 0.701883515625 0.3059027265625 0.713924809375 0.30801698593750004 0.7336864249999999 0.32393244062500004 0.7339811296875001
9 0.39472835625 0.1933841453125 0.37937634062500003 0.2080237390625 0.34391445 0.23698745625 0.3582132953125 0.248614015625 0.4155538015625 0.210165721875 0.39472835625 0.1933841453125
12 0.3524359203125 0.1427114453125 0.3193588484375 0.1648994125 0.29384239375 0.1747431953125 0.2769281015625 0.1839119 0.2763898421875 0.18453183125 0.2816448921875 0.19203681875 0.2966554421875 0.20097630312499998 0.3321335984375 0.191937953125 0.355973915625 0.17646067031249998 0.3725135828125 0.1510207453125 0.38996580625 0.141231640625 0.389192709375 0.1364240484375 0.3524359203125 0.1427114453125
12 0.180401103125 0.31544483749999996 0.21479241718750003 0.26875221250000003 0.231203390625 0.247293096875 0.2245848109375 0.24293159531250003 0.20029175625 0.2531339328125 0.1948854734375 0.2486526859375 0.168130453125 0.26228086875 0.1378074890625 0.293895475 0.1378128234375 0.2939643046875 0.180401103125 0.31544483749999996
9 0.12033363749999999 0.2157731578125 0.10518032968749999 0.22441906562499997 0.10427256874999999 0.22430532187500002 0.1014932140625 0.23485762812500002 0.12498374375000001 0.22390915156250002 0.12033363749999999 0.2157731578125
9 0.17607030937499998 0.21759996718750002 0.1972615046875 0.21533263749999998 0.2109719640625 0.217713940625 0.2343869359375 0.1879620125 0.206177934375 0.195536453125 0.15458548125 0.2186984796875 0.1410223328125 0.2266241359375 0.17607030937499998 0.21759996718750002
2 0.31737178125 0.1473366390625 0.3249137765625 0.14539465000000001 0.32896665468749997 0.13921782031250002 0.33248328125 0.133023290625 0.33298364375 0.1250870921875 0.32076464374999997 0.135729696875 0.31737178125 0.1473366390625
9 0.260882915625 0.13444265625000001 0.2627560265625 0.1482043046875 0.273488071875 0.1410325515625 0.267597509375 0.13196749375 0.260882915625 0.13444265625000001
9 0.189967475 0.46458162031250005 0.0957345203125 0.5318813953125 0.07735330781250001 0.5518329718749999 0.166452490625 0.56140510625 0.2668012234375 0.4476671828125 0.28201502343749996 0.43240363593750003 0.2813346546875 0.3963238421875 0.24969310312499998 0.4000365796875 0.2403149140625 0.4217525953125 0.197548321875 0.4428062671875 0.189967475 0.46458162031250005
9 0.10256379062500001 0.44600946874999997 0.1107085515625 0.45186888437499995 0.122811978125 0.43884470468750003 0.11201440781250001 0.43749666249999997 0.10256379062500001 0.44600946874999997
