2 0.5858753375 0.6327443749999999 0.59875420625 0.6582356859375 0.6040742921875 0.6632237203125 0.6191476234375 0.6906541921875 0.643304146875 0.6930707890625001 0.6686024796875001 0.6812950828125001 0.7157733953125 0.6299933906249999 0.735512184375 0.5960376265625 0.703807709375 0.57651255 0.6556305953125 0.567784765625 0.6341812296875 0.5767090125000001 0.6173717609375 0.5749337171875 0.5926529359375 0.594162434375 0.5985644328124999 0.609998159375 0.5858753375 0.6327443749999999
10 0.530782515625 0.8384133484375 0.5352933671875 0.8428342687500001 0.5403161734374999 0.8359729484375 0.5607204125 0.8366221421875 0.5733408546875001 0.8158237968750001 0.543710346875 0.8183786296875001 0.52899865625 0.82316135625 0.530782515625 0.8384133484375
2 0.5257121453125 0.81992074375 0.5324789203125 0.813108115625 0.5456831734375001 0.8126151765625 0.5503914187500001 0.79996879375 0.5393947546875 0.7928800593750001 0.531440703125 0.7780603078125 0.5117310078124999 0.7741808578125 0.48012683125000005 0.7628898875 0.4656088921875 0.75843535 0.4581867359375 0.7692010109375 0.48079296875 0.7974942671874999 0.508784409375 0.8159762078125 0.5257121453125 0.81992074375
4 0.5089161 0.7363395765625 0.5104735375 0.736167359375 0.489321140625 0.7217778874999999 0.4855114109375 0.6901895015624999 0.4447208265625 0.717988865625 0.47079281406250006 0.7395934750000001 0.48627385937499995 0.7553386718749999 0.5089161 0.7363395765625
2 0.43986709062499996 0.4900453734375 0.4391725453125 0.49327563281250003 0.461943428125 0.51500273125 0.48032830156250006 0.5105409437499999 0.49497924531250004 0.49824734218750005 0.5091394593749999 0.48334061562499997 0.50041766875 0.47024199843750003 0.4720077671875 0.46005202812499996 0.45950167343750004 0.47016767656249997 0.44874676874999997 0.4708738453125 0.43905066562500006 0.478253425 0.43986709062499996 0.4900453734375
2 0.3245323 0.6190235796875 0.3320863984375 0.6266740078125 0.34453756874999997 0.6173000390625 0.3461610625 0.6197799046875 0.3473312875 0.6029170734375 0.3477289375 0.58783791875 0.3369521484375 0.581757021875 0.3215174140625 0.5924390453124999 0.312323175 0.6058255078125 0.3245323 0.6190235796875
4 0.39664692968750004 0.47822109375000005 0.4087421078125 0.46750978906249996 0.4238198203125 0.44980021875 0.432717696875 0.40412082812500005 0.4276782578125 0.3971099703125 0.41263176875 0.398776759375 0.39871591562500003 0.4093298359375 0.3835688578125 0.46615375937500003 0.390181175 0.47353077031249996 0.39664692968750004 0.47822109375000005
12 0.2614915390625 0.5612835031250001 0.291264840625 0.5615892984374999 0.29262765625 0.5390913546875 0.2480792765625 0.5478114109375001 0.2614915390625 0.5612835031250001
2 0.23317001249999997 0.511953075 0.255176446875 0.488429615625 0.2686402140625 0.47432250624999994 0.23072743125 0.4718553015625 0.2115815703125 0.4932591859375 0.21306849843750003 0.5015649984375 0.2126748234375 0.4990856625 0.23317001249999997 0.511953075
2 0.2791272109375 0.445854421875 0.26510316875 0.4567790140625 0.2697776046875 0.46184794218749997 0.2736675796875 0.4715092703125 0.28529759062500004 0.46175053281249995 0.334062496875 0.4615740375 0.352009496875 0.44426729531250003 0.304742015625 0.438690896875 0.28313180937500004 0.4481135015625 0.2791272109375 0.445854421875
10 0.25479638125 0.524152828125 0.2522819015625 0.5397495953125 0.253266278125 0.5459481640625 0.3003156703125 0.5261374828125 0.296169953125 0.5141625953125 0.338230040625 0.45976300937500003 0.3199884 0.46214415937500003 0.27766234375 0.5021555609374999 0.25479638125 0.524152828125
10 0.2482322796875 0.531908184375 0.27829587031249997 0.50190548125 0.31459555781250004 0.4652648484375 0.2773325734375 0.467590996875 0.24029017968750002 0.504854834375 0.24789957187499997 0.5139233546875001 0.2397855171875 0.5278429703125 0.2482322796875 0.531908184375
1 0.26282593906249996 0.36648316406250003 0.26534619375 0.369988534375 0.27354247656249997 0.3782495484375 0.2787970859375 0.37496411875 0.2863408078125 0.380435878125 0.2823470421875 0.39024935625 0.2952781671875 0.3996295484375 0.29883004375 0.394653628125 0.318354240625 0.37436557656249997 0.319772228125 0.3695231 0.2862555625 0.3361118609375 0.273012790625 0.33289402031250004 0.257240303125 0.3140971015625 0.2417017921875 0.3257302359375 0.25674823125 0.3501942515625 0.26282593906249996 0.36648316406250003
2 0.1960799921875 0.3120642171875 0.21691332968750002 0.3358873359375 0.221830121875 0.3477774609375 0.254472790625 0.376345625 0.263198584375 0.3709476125 0.2572919765625 0.35988804218750003 0.262618765625 0.353170134375 0.24415040625 0.32764329375 0.24716352656249999 0.3209351875 0.23453232499999999 0.31969801875 0.21037324375000002 0.2989470421875 0.1960799921875 0.3120642171875
