5 0.27916251718749996 0.1145996359375 0.257838934375 0.082492725 0.243813903125 0.08277160156249999 0.251188003125 0.14514015625 0.2660669671875 0.147140865625 0.270156434375 0.1569961546875 0.3050480921875 0.1794334921875 0.30881533125 0.201344871875 0.33298752343750004 0.2842779828125 0.3784999 0.258476865625 0.40546465 0.23617822500000002 0.4361916453125 0.231296840625 0.43652819843749996 0.18053243593749999 0.41024568125 0.11029070625 0.3612193328125 0.14134430625 0.344459421875 0.14421115 0.3342012546875 0.1142119484375 0.3219109859375 0.11661364999999999 0.2930938953125 0.1310713234375 0.27916251718749996 0.1145996359375
11 0.662164953125 0.24251818749999998 0.652895740625 0.2375120984375 0.64085816875 0.24265691406249998 0.6386647062499999 0.25912499218749996 0.65576151875 0.251542884375 0.662164953125 0.24251818749999998
11 0.73620589375 0.34276591875 0.7513332171875 0.3238674875 0.731145646875 0.30942816875 0.724576378125 0.32631363750000003 0.73620589375 0.34276591875
10 0.8167854437500001 0.469566253125 0.7822802140625 0.4635481890625 0.7729482812499999 0.49291509843750003 0.7768927078125001 0.5019158140625 0.808632515625 0.506738353125 0.8113082390624999 0.49681486875 0.8167854437500001 0.469566253125
2 0.8624053390625 0.5414743765625001 0.846472353125 0.552371896875 0.8482922265624999 0.55608109375 0.876630184375 0.583765740625 0.8936798515625 0.576571709375 0.8886368625 0.5616250109375 0.880107584375 0.5524036265625 0.8624053390625 0.5414743765625001
2 0.8059782625 0.5474782015625 0.7979061484375001 0.552734846875 0.78732166875 0.559391709375 0.787787590625 0.56443599375 0.800927853125 0.5614298625 0.8178105328124999 0.5596736140624999 0.8391962906250001 0.552144203125 0.84627505625 0.5506169453124999 0.852794309375 0.54646609375 0.8518763343750001 0.531573146875 0.8407891078124999 0.5343080312499999 0.8059782625 0.5474782015625
16 0.6153097578125 0.5513833421875 0.5996333515625001 0.5623053140625001 0.5975528125 0.57130709375 0.6069360421875001 0.58582561875 0.620157178125 0.58634905625 0.63173670625 0.5826133484375 0.6419471828125001 0.5700566890625 0.64226828125 0.564023071875 0.627479359375 0.5575356218749999 0.6153097578125 0.5513833421875
9 0.69129263125 0.5942962828125 0.66388555625 0.585805046875 0.6495856296875 0.5655949609375 0.6441593375 0.5894847953125 0.6549382046875001 0.6021825703125 0.670963909375 0.6115539921875001 0.6929991328125 0.6124263875 0.70649299375 0.6094027125 0.722669625 0.5948836296875 0.7382877718749999 0.5763219187499999 0.739931153125 0.559086325 0.7166397078125 0.5839887187499999 0.69129263125 0.5942962828125
2 0.7329113406250001 0.5992768640625 0.73981220625 0.615105815625 0.7458052875 0.6201960093750001 0.748787128125 0.6234919078125001 0.755047190625 0.6224128796875 0.755165615625 0.6194672234375 0.7557223015625001 0.6143214390625 0.754361125 0.6065336984374999 0.7502349671874999 0.599002646875 0.7455170812499999 0.5926184265625001 0.7392419203125 0.5932253421875 0.7329113406250001 0.5992768640625
9 0.2369005390625 0.7915169718749999 0.22986829062499997 0.7963961390625001 0.22870514375 0.7937792531250001 0.2355496875 0.771913565625 0.23282805 0.7684880328125 0.220805653125 0.7820359609375 0.216265190625 0.8023196875 0.23148686875000002 0.8074949609375001 0.249367109375 0.78021174375 0.2747905734375 0.7265738921875 0.2690165625 0.7105152875 0.2501667328125 0.7162091109375 0.25940121562499996 0.7284237015625 0.254833609375 0.746002340625 0.2369005390625 0.7915169718749999
5 0.705284953125 0.8031180078125001 0.673073575 0.800650940625 0.6454402234375001 0.7939078078125 0.64130759375 0.8076539328125 0.6678456421875001 0.821808021875 0.66474130625 0.827410040625 0.6664905015625 0.8370472359375001 0.7111756296875 0.8383174406249999 0.7280751328124999 0.846479384375 0.76221026875 0.8338832999999999 0.772637575 0.8271495953124999 0.775058328125 0.80749505625 0.7604687546875 0.8010770562499999 0.7321167562500001 0.8104821609374999 0.705284953125 0.8031180078125001
9 0.7953482328125 0.8984466765624999 0.792484865625 0.8950277109375 0.7845252578124999 0.8972686937500001 0.7675581046875 0.8910623546875 0.7549837546875 0.8789005453125001 0.73965526875 0.871817225 0.7341072109375 0.8769014265624999 0.7450055890625 0.8855376671874999 0.737937846875 0.9113464359375 0.7475497953125 0.9184015656250001 0.7631167703124999 0.929394803125 0.7919947859375001 0.9219682328125 0.7934373781249999 0.9213430499999999 0.7999495984375 0.9141104984374999 0.7917780078125001 0.906990390625 0.7953482328125 0.8984466765624999
