4 0.78280495625 0.29481712031249996 0.7905331140625 0.3322660140625 0.8080413140625 0.3395127171875 0.8315949546875 0.3130202328125 0.8271472765624999 0.28907732343750003 0.80741566875 0.2756219078125 0.7934349890625 0.2732295421875 0.78280495625 0.29481712031249996
4 0.743759440625 0.5326722609375001 0.7269807703125 0.5348299328125 0.6987276671875 0.5646293859375 0.7147081109375 0.5970748578125 0.7278261390625 0.6049987875 0.747682971875 0.5990668484375 0.76285728125 0.5854403234375 0.76997806875 0.5595216859375001 0.7619414859375 0.5362280203124999 0.743759440625 0.5326722609375001
2 0.8058642828125 0.44222332968750006 0.8039724625 0.468483284375 0.773935796875 0.516156253125 0.794900253125 0.8407077718749999 0.8238708359375 0.8774148640625 0.8577383093750001 0.8819946249999999 0.8956132374999999 0.8749095640625001 0.9065982984375 0.8447405937499999 0.88174395625 0.6156412687499999 0.8693958140625 0.49186798749999994 0.835269846875 0.45691267187499995 0.830165728125 0.42565849843750003 0.8147538875 0.432483046875 0.8058642828125 0.44222332968750006
4 0.37548448125 0.22778365625000002 0.3474590609375 0.2515810734375 0.325276290625 0.3173162015625 0.32850330625 0.34077782343749996 0.3589637421875 0.339714121875 0.3820966546875 0.301187534375 0.398962290625 0.2555456171875 0.3878836046875 0.237072790625 0.37548448125 0.22778365625000002
4 0.39693075625 0.487167053125 0.4722816890625 0.4960612578125 0.4815144453125 0.4616874859375 0.47908918749999996 0.43819786718750003 0.3954173546875 0.420323921875 0.3883299671875 0.4707039984375 0.39693075625 0.487167053125
4 0.5526593281250001 0.3156621671875 0.552585390625 0.30204420625 0.5358273812500001 0.28015525937499997 0.4542668484375 0.347910940625 0.469280253125 0.3641507 0.5526593281250001 0.3156621671875
10 0.7395185609375 0.752891278125 0.7361752015625 0.7859936859375 0.7529424515625001 0.7903786640625 0.7776131484375 0.793132228125 0.77022141875 0.730129878125 0.7395185609375 0.752891278125
9 0.6591476578125001 0.6419513046875001 0.6579356765625 0.6449227093750001 0.64772576875 0.66177973125 0.6706554765625 0.6939653031249999 0.6811866421875 0.7179976124999999 0.708166178125 0.7075662671875 0.718142065625 0.685980475 0.6965790796875 0.6532960109375 0.6643492203125 0.6422214687500001 0.6591476578125001 0.6419513046875001
1 0.5094584046875 0.8092447703125 0.5250318296875001 0.8190937437500001 0.5369107296875 0.812352365625 0.5406801171875 0.791435753125 0.5365297906250001 0.7716986765625 0.5131477249999999 0.77612964375 0.5094584046875 0.8092447703125
9 0.504559403125 0.8838585171875 0.520760525 0.88193734375 0.5250329875 0.8655212203125 0.5072905921875 0.8530371546875 0.5068978015625001 0.8516948140625 0.4922227046875 0.8675705921875 0.504559403125 0.8838585171875
4 0.234273615625 0.5600060625000001 0.26403358125 0.559394378125 0.286095071875 0.535125603125 0.26166651406249997 0.510344428125 0.1807890625 0.5006189937500001 0.176372684375 0.55134739375 0.234273615625 0.5600060625000001
5 0.173354740625 0.39564102968750003 0.1431228421875 0.42959434218750003 0.17025630625 0.46624370312499996 0.2120043828125 0.4434239625 0.2438863328125 0.41923980624999996 0.24875664375 0.3900169578125 0.2147297890625 0.36215306406250003 0.173354740625 0.39564102968750003
4 0.106641153125 0.1286886953125 0.06917164218750001 0.147565259375 0.04069166875 0.1669645078125 0.052143775 0.21048547968750003 0.09504056093749999 0.2002034421875 0.13229121562499999 0.1750596515625 0.13634747187500001 0.15358549375 0.11712867499999999 0.126231265625 0.106641153125 0.1286886953125
9 0.1759198625 0.0939959421875 0.1547967703125 0.07632887031249999 0.1405108859375 0.061768826562500004 0.12047594531250001 0.020221425 0.108286209375 0.019810493749999998 0.09927087031250001 0.055261515625 0.080218125 0.0877172640625 0.0925589671875 0.1383180375 0.116821353125 0.126594890625 0.1371883484375 0.1501446125 0.15529837500000002 0.14574778593749999 0.1675731046875 0.121058190625 0.1759198625 0.0939959421875
12 0.19894859375 0.111178484375 0.2136833453125 0.101879884375 0.2031597484375 0.039085176562500004 0.170588784375 0.0239090703125 0.155154653125 0.0322359484375 0.163452078125 0.0764446046875 0.19894859375 0.111178484375
4 0.40118124218749995 0.2701333140625 0.3911891109375 0.2860912453125 0.3879861578125 0.2950783984375 0.4016752140625 0.31112765468750003 0.42372608906250003 0.291381775 0.437146440625 0.2795892640625 0.42611836406250003 0.26589564375 0.40590650625 0.2644592078125 0.40118124218749995 0.2701333140625
