12 0.6338018625 0 0.6389063546875 0.0192998125 0.677741596875 0.10931425624999999 0.7104171546875 0.145184696875 0.7541268125 0.18792459687500002 0.7712065781249999 0.2159158890625 0.7902506421875 0.22407438124999998 0.8047143265625 0.2236349828125 0.8536653046874999 0.22597958906249999 0.8873110531249999 0.21943951875 0.9352488890625 0.1916194171875 0.94763436875 0.18245765625000002 0.9121681921875 0 0.6338018625 0
9 0 0.5481445218750001 0.035224934375 0.7293611015625 0.1055927828125 0.8911366749999999 0.15286850937500002 0.9145729765624999 0.2201290640625 0.907234840625 0.2012343390625 0.861741959375 0.600538853125 0.2470517578125 0.8392929359375 0.350597878125 0.8670748546875 0.385173684375 0.8987882781250001 0.332601078125 0.896491746875 0.3035480921875 0.61513943125 0.1230612109375 0.3998457234375 0.010109671875 0.265690996875 0.036186709375 0.2643290203125 0.03772085 0 0.5215930671875 0 0.5481445218750001
9 0.19916651406250002 0.86064609375 0.24403261562499998 0.9363260265625 0.2648668515625 0.9613993390625 0.3050981421875 0.9531366203125 0.3167792390625 0.9615186015624999 0.3448759296875 0.9552377312500001 0.3562951265625 0.940726653125 0.3964995703125 0.932091703125 0.4802829109375 0.81583573125 0.5014963640625 0.82154538125 0.5355610953125 0.7813273453125 0.5210779624999999 0.76283746875 0.5687956203125 0.693743896875 0.49003466875 0.6074439078125 0.3712353609375 0.6125087515625001 0.19916651406250002 0.86064609375
9 0.5148455249999999 0.8174013625000001 0.48997056250000004 0.814442584375 0.4355065296875 0.8882194484375001 0.4647483125 0.9265115484375 0.4807377453125 0.9370431296874999 0.571787553125 0.9115508578125 0.5910960921874999 0.8879229750000001 0.6208908515625 0.8813520046875001 0.6481012953125 0.8409907671875001 0.6345633171875 0.8225787015625 0.664184921875 0.7864243734375 0.6761381921875 0.7864392578125 0.7110203187499999 0.7609530734375001 0.7206785296875 0.73686323125 0.714047653125 0.72529255625 0.7270145703125 0.6997795390625 0.7150474953125 0.6853488421875 0.6477148734375 0.6197188421875001 0.6034655296875 0.6154598859375 0.6043501578125 0.6507505796874999 0.5854979921875 0.6746791953125 0.5627048593749999 0.6783302765625 0.5632080140625 0.705511125 0.52464163125 0.76327825625 0.5369551421875001 0.78153831875 0.5148455249999999 0.8174013625000001
10 0.5344901078125 0.6617106859375 0.55212075625 0.68478283125 0.5612437265625 0.676384421875 0.5712241640625 0.6744444203125 0.5872193046875 0.6686074718749999 0.5986267140625 0.6617139359374999 0.6076660140625 0.6303398546875 0.5971068500000001 0.6129076796875 0.58804301875 0.607265540625 0.5747404125 0.59621169375 0.55916945 0.5898860609375001 0.5284395859375 0.60599111875 0.504583959375 0.6164738125 0.5153456265624999 0.6288004515625001 0.5344901078125 0.6617106859375
9 0.43990344375 0.4913740640625 0.42193032812500003 0.5116245453125 0.41179612343749994 0.5373658234375001 0.37227298124999997 0.6090310624999999 0.5214396265625 0.6095799296875 0.5583327046875 0.5821445171875 0.5458896328125 0.569365253125 0.5141318796875 0.54124515625 0.44847540781250006 0.49243565 0.43990344375 0.4913740640625
9 0.604016975 0.612623746875 0.6596711015625 0.6181731 0.6278028484375 0.5935817453125 0.604016975 0.612623746875
9 0.776201875 0.496149540625 0.74358206875 0.47793934374999997 0.7208212374999999 0.4940542875 0.742998415625 0.5302717328125001 0.7499244703125 0.535160515625 0.776201875 0.496149540625
2 0.671573871875 0.46515731718750003 0.67244973125 0.4696632296875 0.698268353125 0.49387160156250004 0.7137445984374999 0.4953756 0.7489719515625 0.47190257031250005 0.752280725 0.44384028593749997 0.7331526796875 0.41716192812499997 0.719920496875 0.4146678296875 0.7008979140625 0.4008296984375 0.6705479671875 0.3697075734375 0.5819140265625 0.2723660421875 0.5262613234375 0.3651933796875 0.5768629062499999 0.393937325 0.671573871875 0.46515731718750003
9 0.6018392703125001 0.25192283125000003 0.5882745671875 0.2600157296875 0.7116373546875 0.40524675937500004 0.9707718296875001 0.486203778125 0.8159888828125 0.3354717484375 0.6018392703125001 0.25192283125000003
2 0.7566440625 0.4560521546875 0.7477178906249999 0.47571355625 0.7497997203125 0.48232341874999995 0.7892725296875 0.5050465828124999 0.8072594515624999 0.4992119125 0.818669490625 0.4841344421875 0.8289661234375 0.465376115625 0.8227751859374999 0.4478742984375 0.8131088796875 0.44117980156250003 0.7271213453125001 0.41074075 0.724834384375 0.41742036093749996 0.7470364359375 0.43531776874999994 0.7566440625 0.4560521546875
2 0.833190790625 0.4639856078125 0.8198962828124999 0.483716103125 0.818304365625 0.48987117031249994 0.8463205703125001 0.500792790625 0.8581607109375 0.512520353125 0.87062284375 0.523347559375 0.88969941875 0.5395135609375 0.905310565625 0.5337512531249999 0.9243791484375 0.5191334640624999 0.9295745 0.5048739906249999 0.9295605859375 0.49045762968749995 0.9170610031249999 0.4835349796875 0.9022065546875 0.4665477078125 0.8872575843750001 0.45932171874999994 0.823199065625 0.4433253125 0.833190790625 0.4639856078125
2 0.7491526828125 0.6178260156250001 0.7506854656249999 0.6257114984375 0.7552701125 0.6349526796875 0.7768002890625 0.65322965625 0.7999878796875 0.645721684375 0.8185644875 0.6265227953125 0.8226078593749999 0.61248724375 0.8052062937500001 0.5946908515625 0.7934930875 0.585666421875 0.7813203171875001 0.5845253046875001 0.7160608640625 0.494720934375 0.6995187125 0.4915934078125 0.6483733359375 0.4477572125 0.57248518125 0.387297503125 0.6135005890625 0.45074643437499995 0.687118596875 0.558959496875 0.6966389109375 0.56490291875 0.6969097765625001 0.5765409546875 0.7043652546875 0.582106284375 0.7146186218749999 0.58362049375 0.7226745140624999 0.5984220062500001 0.731919271875 0.6090951515625 0.7491526828125 0.6178260156250001
2 0.632399675 0.563582265625 0.6369850125000001 0.577338446875 0.626063121875 0.5959567765625 0.6546751734375 0.6148003890625 0.6583986000000001 0.6235791296875 0.6673116828125 0.6333774015625 0.6887643109375 0.6519578203124999 0.7039085328125 0.6511954156249999 0.7281664078125 0.626846453125 0.7328641984375001 0.6100392593749999 0.7133878890625 0.5835953375 0.7011840953124999 0.5781763890625 0.6981637796875 0.56099931875 0.6841760078125 0.556238921875 0.5702282234375 0.3912469015625 0.5321877171875 0.364360040625 0.50523386875 0.40762019687500006 0.5223993375 0.43856475625 0.612352628125 0.5391188359375 0.6212959921875 0.5457951125 0.632399675 0.563582265625
2 0.5581951140625 0.58174584375 0.561291534375 0.5911169921874999 0.589292121875 0.61060595 0.6046417125 0.6076222921875 0.62592685 0.5966844890624999 0.6360578109375 0.5717729765625 0.6279358125 0.5562111390625 0.6109991499999999 0.5395578015625 0.5229456515625001 0.443857646875 0.50410191875 0.40264328593750004 0.44693379218749996 0.490420928125 0.5581951140625 0.58174584375
