4 0.20352050781250003 0.568806221875 0.2206069328125 0.592217109375 0.2542197265625 0.5613739468750001 0.2760678703125 0.5483674656249999 0.27830859375 0.5331315625 0.2881123046875 0.513064809375 0.3043583984375 0.5115780953125 0.3035180671875 0.4903966296875 0.2934345703125 0.4658703828125 0.2743872078125 0.45583668125 0.256740721875 0.45843810781250005 0.2334916984375 0.4747887234375 0.20856249999999998 0.49262605312499996 0.1990385734375 0.50526053125 0.19819824218749998 0.5108347375 0.19567724687500002 0.546509396875 0.20352050781250003 0.568806221875
4 0.2774697265625 0.6763026578125 0.20240136718750001 0.5599889828125 0.202681640625 0.6341659109375 0.19988037187500002 0.6847051203125 0.20212109374999998 0.739703175 0.216126465625 0.770174984375 0.2556215828125 0.81216720625 0.290634765625 0.8214575500000001 0.3060405265625 0.8013901484374999 0.3295693359375 0.7642294234375 0.319765625 0.73687491875 0.326208496875 0.6963694109375 0.2774697265625 0.6763026578125
9 0.41724267656249997 0.6949993515624999 0.42088427656249994 0.63851458125 0.36398765312500003 0.781340965625 0.372932128125 0.7696928062499999 0.41724267656249997 0.6949993515624999
9 0.3635860796875 0.7818639265625 0.34413525312500004 0.7704361640624999 0.338533203125 0.7537135453125 0.3329306640625 0.7392209984375 0.34749658125 0.6979721328124999 0.34805664062499997 0.6801348015625 0.3267685546875 0.702060271875 0.3194858390625 0.7332754375 0.32984960937499996 0.76337524375 0.3043598625 0.813914453125 0.29203515625 0.822090084375 0.2626240234375 0.8161438750000001 0.23881494218750002 0.7975638359375 0.2066030265625 0.7548282562499999 0.21360546875000003 0.90129876875 0.21416601562499998 0.9280544390625 0.24833886718749998 0.9291691515625 0.2665458984375 0.9165346734375 0.297357421875 0.9161626703125 0.31724511718750004 0.8422125734374999 0.3635860796875 0.7818639265625
9 0.48973632812499995 0.7786117953125 0.4989799796875 0.759659753125 0.4765712890625 0.741450421875 0.4538828125 0.738477640625 0.4194296875 0.7373629296875001 0.40710498125 0.73513350625 0.4015029296875 0.7336467921875001 0.40138867187500005 0.7423830203125 0.40122265625000003 0.7752670125 0.423631346875 0.7905029156250001 0.46872851562499995 0.7826992875000001 0.48973632812499995 0.7786117953125
8 0.4770654296875 0.8714918984375 0.498913575 0.8521678546875 0.504235840625 0.8235541156249999 0.5047958984375 0.7871360984375 0.4874291984375 0.7737582625 0.4641806640625 0.7830486062500001 0.41684277343750004 0.7897375249999999 0.4062954109375 0.7888632531249999 0.40395751874999997 0.8231827609375 0.41824316406250006 0.8454789375 0.4498950203125 0.8629449125 0.4770654296875 0.8714918984375
2 0.63681591875 0.728799740625 0.6172084953125 0.6816053140625 0.6096455078125 0.641471159375 0.607404784375 0.6351542453125 0.5911586921875001 0.6251697984375 0.5729516593749999 0.638547634375 0.567349609375 0.673106934375 0.5841557625 0.7158418671875 0.5933994140625 0.7448276078125 0.5880776359375 0.7622443296875 0.6096455078125 0.77116331875 0.6183291015625 0.783797796875 0.63653564375 0.7659604671875 0.63681591875 0.728799740625
11 0.5034814453124999 0.8250058328125001 0.528130371875 0.858821775 0.5838715828125001 0.8677407640625001 0.5928349609375 0.858450421875 0.6323300781250001 0.8580790671875 0.6163637703125 0.8242624749999999 0.622806640625 0.799736228125 0.5995576171875 0.764804925 0.5774292 0.7700071296875 0.5964765625 0.732846403125 0.5788295906250001 0.69605703125 0.5732275390625 0.671530784375 0.5547407234375 0.6934562546875 0.5449370109375 0.7242994171875 0.5354130859375 0.7261574859375 0.523368653125 0.7131510046875 0.5113486328125 0.7312281265625 0.49927685625 0.7660440703125 0.503478515625 0.7954018140625 0.509083496875 0.8093979265625 0.5034814453124999 0.8250058328125001
9 0.52727734375 0.7184750484375 0.5424033203125 0.677969540625 0.5382016609375 0.63003175625 0.5247563484375 0.5965871671875 0.522515625 0.609965003125 0.5309189453125 0.63634931875 0.5233559578125 0.6608755671875 0.5118715828125 0.68317174375 0.4827407234375 0.6850298125000001 0.468455078125 0.655672715625 0.461732421875 0.64118016875 0.43176122968749997 0.681313675 0.444645996875 0.7062119250000001 0.458931640625 0.7441160078125 0.5071098625 0.7247919640625 0.52727734375 0.7184750484375
2 0.31659082031249997 0.4874815296875 0.31017968749999997 0.520522359375 0.289466309375 0.5764238500000001 0.2911923828125 0.5875463390625 0.266287596875 0.6454867140625 0.269 0.6680596234375 0.275657715625 0.6853979265625 0.3205361328125 0.6929222296875001 0.3370576171875 0.686051846875 0.3471674796875 0.6618438109375 0.3548115234375 0.6248775109375 0.357523925 0.6068846406249999 0.37478515625000003 0.562066753125 0.383908690625 0.51757615 0.39303222656250003 0.4930408296875 0.3851416015625 0.45022035000000005 0.3890869140625 0.4387705765625 0.3967309578125 0.4256850296875 0.39426513750000003 0.40736552187499997 0.37527832031249997 0.3932981203125 0.36112792968749996 0.400668178125 0.356291015625 0.4178010375 0.356291015625 0.432195075 0.325221190625 0.4639274140625 0.31659082031249997 0.4874815296875
2 0.349442871875 0.6330343484375 0.3504291984375 0.6798561249999999 0.3353876953125 0.7449565781249999 0.339826171875 0.76622035 0.3568403328125 0.7537893718750001 0.40245898437500005 0.6294769921875 0.428103515625 0.5528852890625 0.40418505781249997 0.5378366812500001 0.38741699218750003 0.5375100453125 0.37558105468749997 0.55386649375 0.349442871875 0.6330343484375
4 0.538162109375 0.431083603125 0.5045009765625 0.3580628640625 0.45264453125 0.388839921875 0.4767534171875 0.4926383671875 0.489489746875 0.48298315 0.489489746875 0.425652625 0.5008618171875 0.397289046875 0.538162109375 0.431083603125
4 0.618555175 0.6162812703125 0.6336860343749999 0.6363545046875 0.6426293937499999 0.6500622171875 0.6606528328125 0.6640674015625 0.6745561515625 0.6698742703125 0.6845981437499999 0.6787556703125001 0.697860840625 0.6923545046874999 0.7073872078125001 0.6831315625000001 0.7073872078125001 0.6421412828124999 0.6937412109375 0.6124232015625 0.676232421875 0.5704082953125 0.6746879890625 0.5160959171874999 0.670568359375 0.48262022031249996 0.6288569328125 0.46854633906250004 0.6015644531250001 0.4535165265625 0.5845708015625 0.417308490625 0.5547036125 0.4162838625 0.5661586921875 0.443060271875 0.5795473640625 0.4785852234375 0.5674462890624999 0.47721905312499996 0.58572705 0.55715035625 0.618555175 0.6162812703125
9 0.41246435625 0.6688619578125 0.432032715625 0.6787679843750001 0.4402719734375 0.6722780296875001 0.4654448234375 0.6405988328125 0.47703125 0.6672430328125001 0.50406640625 0.6860298125 0.5166826171875 0.667584575 0.5292993171875 0.6310343484375001 0.529813965625 0.6050738828125 0.5390830078125 0.663053790625 0.5411430671875 0.6900388859375 0.5524721671874999 0.6970602718750001 0.56405859375 0.6857880749999999 0.56972314375 0.6574361640624999 0.5661181640625 0.619221646875 0.556591796875 0.592577446875 0.547064940625 0.5464957874999999 0.5537592765625 0.5246338296874999 0.56380078125 0.48227738125 0.5782197265625 0.4293311734375 0.5632861328125001 0.4187420609375 0.5370234375 0.43206416093750005 0.5153955078125 0.4187420609375 0.5004619140625 0.3862909921875 0.4917075203125 0.419083603125 0.4945400390625 0.47032145156249994 0.48630078125000004 0.485009721875 0.46617382812499997 0.5029604671875 0.45919335937500005 0.5009261171875 0.434732909375 0.5835294875 0.41246435625 0.6688619578125
10 0.3592744140625 0.4132754375 0.3026494140625 0.43716396562500004 0.32091064375 0.48295917031249996 0.3386762703125 0.44914193124999996 0.35695703125 0.4279637078125 0.3592744140625 0.4132754375
10 0.3896567390625 0.4470926765625 0.39094384843749996 0.48227608593750004 0.391974121875 0.5031127671875 0.382189940625 0.542053790625 0.4220986328125 0.5300985093749999 0.44681640624999996 0.493206740625 0.45994775312499997 0.5014050546875 0.4715341796875 0.4723700578125 0.46509716875 0.4443596890625 0.4501635734375 0.39892871093750004 0.4668994140625 0.378092028125 0.39300390625000003 0.39687945625 0.39300390625000003 0.402686325 0.39892578125 0.42386454999999995 0.3896567390625 0.4470926765625
10 0.41404980468749997 0.472965003125 0.423294921875 0.5365204140625 0.4329599609375 0.5816779000000001 0.4472475578125 0.6168003890625 0.474982909375 0.6580557359375 0.5170053718750001 0.7076733640625 0.556506346875 0.7143635781250001 0.5787783203125 0.698753078125 0.596427734375 0.6591704468749999 0.5905449218750001 0.619030459375 0.5699536140625 0.5905981859375 0.5569267578125 0.56272261875 0.5615493171875 0.5348477 0.5665917968749999 0.504742709375 0.5628100593750001 0.4974951390625 0.5598681640625001 0.4980524953125 0.5497827140625 0.532617628125 0.5489423828125 0.572200259375 0.5665917968749999 0.6162430328124999 0.58298046875 0.6441179515625 0.57709765625 0.6736655859375 0.5523041984375 0.6998684374999999 0.517845703125 0.6876033703125 0.4838076171875 0.650808165625 0.455231934375 0.6067653921875 0.43590185625 0.559935190625 0.4130454109375 0.376689565625 0.4060654296875 0.3876668828125 0.409007325 0.422232015625 0.41404980468749997 0.472965003125
10 0.44542480468749995 0.548876215625 0.45719140625000004 0.5031607265625 0.45719140625000004 0.49201101718749995 0.44500488281250006 0.48699351875 0.4340791015625 0.5310362921875 0.4181103515625 0.5834413484375001 0.3962587890625 0.646996759375 0.3748271484375 0.7077640953125 0.34397509843749996 0.76927738125 0.3647416984375 0.7785670765625 0.4004609375 0.6927116 0.43155761718749996 0.6023966296875 0.44542480468749995 0.548876215625
13 0.682310059375 0.7784718078124999 0.71479296875 0.7750440703125 0.7129477546875 0.7485994812500001 0.722544921875 0.7295009718750001 0.7011357421875 0.6868969546875 0.68489404375 0.6996292937499999 0.632478515625 0.659963059375 0.6140224609375 0.6442922875 0.61955908125 0.698649384375 0.6358007812500001 0.7388055734375001 0.6446596671875 0.7711263765624999 0.682310059375 0.7784718078124999
10 0.67825 0.8449611140625001 0.67825 0.8033363578125 0.6716054687499999 0.7754232015625 0.6572099609375 0.778360984375 0.6668071296875 0.792073234375 0.667545409375 0.822344134375 0.6645922859375 0.8708250156249999 0.662377440625 0.92126506875 0.6476127921875 0.9981484125 0.6594248046875 0.9956999359375001 0.673451171875 0.9321289703125 0.677142578125 0.8856066109375 0.67825 0.8449611140625001
10 0.5796469734375 0.6068587171875001 0.5960131843750001 0.6306189234375 0.608364746875 0.63512508125 0.6204077156250001 0.649872975 0.6432587890625 0.65192158125 0.5932338875000001 0.5683512640624999 0.5737797859375 0.5617965 0.5892197265625 0.592111471875 0.5796469734375 0.6068587171875001
