9 0.099574478125 0.121457278125 0.032586059375 0.1057091703125 0.028179196875 0.1560798296875 0.0777079625 0.1643074390625 0.099574478125 0.121457278125
9 0.07510959375000001 0.28017146406250004 0.12908767031249999 0.3030703421875 0.191792896875 0.3169667578125 0.23404665625 0.2691176078125 0.22782671406250002 0.2471407828125 0.1670576046875 0.2320575015625 0.1405690359375 0.230011578125 0.124279246875 0.23238432812499998 0.10687441875 0.2219095046875 0.029339796875 0.193693453125 0.02368356875 0.20746509999999999 0.022306959374999998 0.22319981718749998 0.07156624687499999 0.2624982578125 0.07510959375000001 0.28017146406250004
9 0.8109590078125001 0.3908751359375 0.8408138578125 0.4013736625 0.8521476187499999 0.37555008437500004 0.8701661203125 0.34321398125 0.81828143125 0.3455094125 0.80094348125 0.349776159375 0.8061130656250001 0.37862131875 0.8109590078125001 0.3908751359375
9 1 0.403821978125 0.9795154578125 0.40416418125 0.964129121875 0.4154371078125 0.939012890625 0.42743581875 0.9358160609375 0.44818766718749997 0.9446337484375 0.4736706359375 0.9621616 0.47625594062500004 0.9903592953125001 0.42903589531249997 1 0.4231943421875 1 0.403821978125
9 0.7117618671875 0.64688816875 0.7260427093749999 0.63844084375 0.6820783578125 0.51025999375 0.6951494375 0.5087102546875 0.6412352718750001 0.46154564843749996 0.62410155 0.45869930156249994 0.6009543078124999 0.4599071125 0.5825709078125 0.45749036875 0.5679613484375 0.4535188875 0.5829224515625 0.46964238593749996 0.5954457109375 0.47666426875 0.5635171171875 0.4881465125 0.574559859375 0.5028506968750001 0.6538027390625001 0.579325503125 0.7029826828125 0.6455818375 0.7117618671875 0.64688816875
2 0.9273719984375 0.671173196875 0.9292412375 0.658077946875 0.9278789671875 0.6446999765625 0.927712571875 0.636591778125 0.92583256875 0.640182025 0.918446325 0.6605083781250001 0.9209918406250001 0.6748332421875001 0.9230500718749999 0.6740492640625 0.9273719984375 0.671173196875
3 0.9265964234374999 0.61491063125 0.9180390984375 0.6093403359375 0.9186744609374999 0.5979459296875 0.9064776953125 0.589525734375 0.8948086234374999 0.5929369890625 0.8816330109375 0.5946764265625 0.8995552109375 0.6203511749999999 0.9175011906250001 0.635420703125 0.9266855218750001 0.6345649078125 0.9265964234374999 0.61491063125
3 0.863377571875 0.740413840625 0.8942025671874999 0.738530409375 0.905185390625 0.7339462734375 0.895731271875 0.714932453125 0.8834255328125 0.7097445671875 0.8497449078124999 0.7122215375 0.8575756374999999 0.7343612312500001 0.863377571875 0.740413840625
3 0.903942525 0.7721753640625 0.9133531453125 0.7690211171875 0.9141200140624999 0.7643879484375 0.8621186578125 0.73850381875 0.8554502906250001 0.744429471875 0.8601311234375 0.768463040625 0.903942525 0.7721753640625
3 0.8847973937500001 0.7697776859375 0.8777349156250001 0.771931959375 0.8838229921874999 0.7802627156249999 0.88888634375 0.7798979828125 0.8847973937500001 0.7697776859375
3 0.89291179375 0.7762725968749999 0.8990946453124999 0.7841666421875 0.9024439515625 0.779999390625 0.8960865281249999 0.772125725 0.89291179375 0.7762725968749999
3 0.7651727312500001 0.8529784234375001 0.768740475 0.8708841484375001 0.7797964375 0.873610846875 0.80838928125 0.8548964171875 0.8082865140625 0.854795546875 0.8085411359375 0.8518852156250001 0.7875011062499999 0.8492627890625 0.7651727312500001 0.8529784234375001
3 0.44366689218750005 0.8738701750000001 0.4743897671875 0.8599991656249999 0.48571213750000003 0.8469609515625001 0.461127553125 0.8399809093749999 0.44487298124999997 0.84430815625 0.43357880625 0.855049103125 0.420155353125 0.8605442062499999 0.419893571875 0.8733995453125001 0.44366689218750005 0.8738701750000001
5 0.440761521875 0.8474412484375 0.445656175 0.8096872953125 0.4661004375 0.790687815625 0.462329059375 0.7682971390625 0.400939615625 0.7531685 0.2945894859375 0.7498033359375 0.28960939375 0.773974246875 0.24153825625 0.799465590625 0.2552616796875 0.8354550375 0.2841183671875 0.8804040859375 0.34428979531250004 0.8585165859374999 0.440761521875 0.8474412484375
1 0.677752428125 0.654034578125 0.6797218546875 0.6476470812499999 0.679274890625 0.6427986921875 0.6762616718750001 0.6393096828125 0.670415115625 0.6378581234375 0.6667783125 0.6386459265625 0.6647127125 0.6413950749999999 0.663962978125 0.6456971968749999 0.6657895359375 0.6499477015624999 0.6682276359375 0.65242783125 0.673253490625 0.6542491593750001 0.677752428125 0.654034578125
10 0.619420353125 0.6269486234375 0.6221356015625 0.618554971875 0.608840184375 0.6102841265625 0.6028927390625001 0.6033671828125 0.5921070203125 0.6010666171875 0.583733334375 0.6121714093749999 0.538734840625 0.5998501859375 0.546412159375 0.6241959671874999 0.6316793078125 0.657517265625 0.6347967859375 0.6462659656249999 0.633545965625 0.6335655874999999 0.619420353125 0.6269486234375
12 0.36252455 0.50890456875 0.360418478125 0.5015948359375 0.3544921484375 0.48509065468749996 0.36137110781250004 0.4791443453125 0.36531655937499996 0.46542987968749994 0.3614634015625 0.45546528750000004 0.3614724546875 0.45475038437500004 0.34680251093750003 0.453885046875 0.294918184375 0.45359004843750006 0.26619052656250003 0.4689020484375 0.20463039843750003 0.48091714999999996 0.16557744218749998 0.48683790312499997 0.1384981109375 0.4942306421875 0.120114971875 0.496865934375 0.091225525 0.5431464312500001 0.0921633421875 0.5542636421875 0.116630825 0.558526415625 0.13807979374999999 0.5536120890625 0.1981081109375 0.5695095875 0.2173470171875 0.5973860265625001 0.22930404843750002 0.612684453125 0.2554330640625 0.6163184703125 0.2793931859375 0.608399825 0.3113684578125 0.6013744 0.3408907765625 0.5794363625 0.36252455 0.50890456875
12 0.4576160671875 0.5650898843750001 0.4306668828125 0.5507514375 0.4099438796875 0.5639730796875 0.39749755625 0.5516398765625 0.3970092453125 0.5506262484375 0.3972274359375 0.5400736890625 0.37975135781249997 0.5343162078125 0.36911614843749996 0.553119309375 0.3343112046875 0.5721562515625 0.3128278859375 0.6001108609375 0.3124498953125 0.616522196875 0.339191234375 0.6151029218749999 0.3409734953125 0.6309983890625 0.34583101250000003 0.6318930484374999 0.4568324625 0.5760626609374999 0.4576160671875 0.5650898843750001
10 0.7223016828125 0.772890759375 0.7289957015625 0.7524825875000001 0.7217665734375001 0.752914965625 0.7151404515625 0.7412294687500001 0.71258794375 0.7403979656249999 0.7061666359375 0.74333514375 0.70265139375 0.7469832249999999 0.6991662062499999 0.7555015046875 0.7018046421874999 0.7723145625 0.707302865625 0.773403784375 0.7223016828125 0.772890759375
1 0.7193191046875 0.7054170859375 0.7256077999999999 0.7039898046874999 0.7262001359375 0.6946095609375 0.7205551265625 0.6925941859375 0.7185671328125001 0.6983533546875 0.7193191046875 0.7054170859375
1 0.8038956781250001 0.6433623921875 0.8083012374999999 0.646889565625 0.8137863375000001 0.643473475 0.809001121875 0.639806809375 0.8091322609375 0.6395481281250001 0.8038956781250001 0.6433623921875
10 0.826618084375 0.6670894890625 0.8349062265624999 0.652107296875 0.8252113015625 0.64221169375 0.8197592328125 0.6346229375 0.8158789453124999 0.6378763625 0.81155299375 0.6452891515625 0.8003772625 0.649086403125 0.7974814453125 0.6552413171875 0.8171561 0.66638715 0.826618084375 0.6670894890625
10 0.784573315625 0.3834447359375 0.796835296875 0.371628309375 0.8016081140625 0.359007875 0.7848635625 0.34835700625 0.773513378125 0.356105590625 0.7577006046875 0.36657463125 0.7438086046875 0.360173521875 0.7320029171875 0.35025164062499997 0.7346936625 0.36396868125 0.7596636421875 0.38733976718749996 0.7676457484375 0.387593796875 0.784573315625 0.3834447359375
2 0.68653740625 0.334175290625 0.6880280984375 0.32349064843750003 0.6826184546875 0.31797975156249997 0.6777438265625 0.316516546875 0.65191905625 0.3283319046875 0.6479952328125 0.3312482859375 0.643238571875 0.3398692546875 0.6367314296875 0.34181841562500004 0.634854415625 0.3480254375 0.6387786125 0.3539981046875 0.6439876375 0.3516391640625 0.6523670593750001 0.35370589375 0.666681465625 0.3438462859375 0.68653740625 0.334175290625
15 0.642012565625 0.3817674640625 0.67318980625 0.40153262968750003 0.675407084375 0.3990600484375 0.6433732328125 0.37892304375 0.642012565625 0.3817674640625
10 0.6346413703125 0.41049184062500005 0.6464988921875 0.41598883124999997 0.6603293046875 0.405307275 0.6431227203125001 0.39163194843750004 0.6424473359375 0.39138704375 0.6372471984375 0.39743566406249997 0.6318565656249999 0.403281115625 0.6346413703125 0.41049184062500005
3 0.5168185046875 0.40735920468750003 0.520576934375 0.4119878578125 0.531498434375 0.4085043421875 0.52785848125 0.4001409296875 0.5123537671875 0.3929583109375 0.5133525703124999 0.4041425671875 0.5168185046875 0.40735920468750003
9 0.4027312 0.3986538890625 0.3853213984375 0.397346715625 0.35904030625 0.42510510156250003 0.3646629296875 0.4331661203125 0.3922037015625 0.41697821875 0.4027312 0.3986538890625
10 0.2931393109375 0.40094232031250004 0.3394139859375 0.41724511093750005 0.3835866515625 0.4050252875 0.40702606562500004 0.370312440625 0.3921101984375 0.3437323296875 0.3459733140625 0.3324202390625 0.301145825 0.365261871875 0.2931393109375 0.40094232031250004
12 0.5418279781249999 0.38716426249999997 0.5638215718749999 0.3687185890625 0.565184253125 0.32402383437500004 0.5273871484375 0.290162221875 0.48883244374999996 0.27660419062499997 0.44790155781249996 0.26691183125 0.41427820937500004 0.2843400328125 0.4043699515625 0.316065090625 0.38477740312500003 0.324535896875 0.4203596078125 0.3778947828125 0.46120618437500005 0.39436994687500004 0.4997428515625 0.38483991562500003 0.5418279781249999 0.38716426249999997
4 0.634375 0.2359375 0.0140625 0.0109375
4 0.580481503125 0.19891446875000002 0.567736390625 0.20033570625000002 0.5688234359375001 0.2073725265625 0.58007865 0.200080515625 0.580481503125 0.19891446875000002
9 0.578554565625 0.8837109890624999 0.6074841656250001 0.87740578125 0.624232853125 0.795102884375 0.5826065515625001 0.770934859375 0.573652790625 0.7730052625 0.5515897875 0.8099545062500001 0.5513096875 0.8283093640624999 0.554754925 0.8586540703125 0.578554565625 0.8837109890624999
