12 0.560667825 0.3048238515625 0.5777646843750001 0.3381605296875 0.6260584734375 0.3822853390625 0.64624106875 0.3862895046875 0.6616434875 0.3455268859375 0.6577635890625 0.3347882328125 0.6629914593749999 0.33050903125 0.662286890625 0.2968328609375 0.6263455234374999 0.286832815625 0.589837909375 0.24215902812499998 0.5699957109375 0.256840515625 0.5602493749999999 0.277895009375 0.560667825 0.3048238515625
9 0.3842033921875 0.4759427453125 0.36964764375 0.4708789140625 0.322196215625 0.5158695390625 0.3582055421875 0.5531963546875 0.37985915000000003 0.539214365625 0.41588253281250004 0.502324965625 0.3842033921875 0.4759427453125
10 0.1742653234375 0.8819556531250001 0.175827465625 0.8660748406250001 0.1655666890625 0.8459372374999999 0.15041396093749998 0.8519345062499999 0.1228304 0.8509006984375 0.1536244125 0.9064545687500001 0.1649758578125 0.90422166875 0.1742653234375 0.8819556531250001
12 0.510992828125 0.8652815531250001 0.5231652312499999 0.8919540765624999 0.5750219296875 0.90916196875 0.6221241140625 0.895466128125 0.609481875 0.8761357984375 0.593067646875 0.8587769125 0.5730680312499999 0.79536411875 0.5143781453125 0.8035278015625 0.5210278734375 0.8221216609375 0.510992828125 0.8652815531250001
9 0.39460711718749997 1 0.3962697671875 0.994710496875 0.382255540625 0.9918851 0.3612927453125 0.9895131921875 0.36427985937499996 1 0.39460711718749997 1
11 0.2738880140625 0.7905399515625 0.254045496875 0.816692778125 0.2566730265625 0.8325109390625001 0.316997884375 0.8462082796875 0.3429065265625 0.8128964875 0.338992003125 0.8017313015624999 0.304909646875 0.791528453125 0.2738880140625 0.7905399515625
10 0.210574225 0.9676271734374999 0.22652090625 0.9812156812499999 0.264709665625 0.9594412796875 0.30130278593750004 0.97007046875 0.3517080453125 0.935462446875 0.332842178125 0.9244023390624999 0.31342878750000003 0.9242524234375 0.295577925 0.93717826875 0.2679133734375 0.939783965625 0.26033723124999997 0.9318605015625 0.210574225 0.9676271734374999
9 0.6723923078125 0.3915757875 0.680803634375 0.42038218125000004 0.6885301921875 0.4371286546875 0.7086898109375 0.45024168124999997 0.72123958125 0.4480238515625 0.7257368843750001 0.43368358437500004 0.7210779781250001 0.4140524375 0.704658953125 0.398865965625 0.687125178125 0.37926272656250004 0.6723923078125 0.3915757875
9 0.7704328765625 0.41809019062499997 0.746442865625 0.4145051984375 0.7438895343749999 0.429545090625 0.753765190625 0.454578359375 0.78042779375 0.47060253281250003 0.7897402984374999 0.43848746875 0.7704328765625 0.41809019062499997
9 0.3521181484375 0.1158313765625 0.363100203125 0.157870296875 0.390220421875 0.1830370859375 0.42139949374999996 0.1940641171875 0.44365737968749996 0.16983646875 0.4369119296875 0.1362063390625 0.40342035468750004 0.1072105984375 0.3794911703125 0.08933431093750001 0.369896453125 0.0957854734375 0.3521181484375 0.1158313765625
9 0.44320159375 0.6657690890625 0.3286551 0.6575680765625 0.2793725125 0.674393665625 0.32406631875 0.705673275 0.43680518749999997 0.6818465875 0.44320159375 0.6657690890625
