12 1 0.48690704062499995 0.997933484375 0.4474755734375 0.984981909375 0.4420992640625 0.9749054453125 0.43502529843750004 0.9462378031249999 0.42408858125000004 0.9446989875 0.404473403125 0.9209172828125001 0.41366715000000004 0.8936922171875 0.4351351296875 0.8778026515624999 0.4535908625 0.8636760906250001 0.4764452046875 0.857953271875 0.503697646875 0.8487807296875 0.55656761875 0.8451454640625 0.5944215828125 0.8535661781250001 0.6673737859375 0.8616494171875001 0.6997765328125001 0.8676844125000001 0.7125908015625 0.8443197124999999 0.7248730171875 0.801087825 0.7802916343749999 0.7486783171875 0.7799301453124999 0.6941299515625 0.8089018906250001 0.6151764265625 0.8808107578125 0.5995837015625 0.9077416484375 0.6266069421875 0.9498482703125 0.638685375 0.95232414375 0.6660358 0.9919846046874999 0.8743629109375 0.98106664375 0.9009057125 0.9311205953125 0.9370143921875 0.92736275 1 0.8433647578125001 1 0.48690704062499995
10 0.6930167421875 0.794454059375 0.70849708125 0.7846795484375 0.7155832046875 0.7673072484375 0.715668990625 0.7558664421875 0.7123857390625 0.745529159375 0.7047230109375 0.7388214359374999 0.697287 0.73642955 0.6984634625 0.7240039078125 0.695181896875 0.7093395375 0.6882026640625 0.7025959937499999 0.679528875 0.7027413421875 0.6681367265625 0.7033383796875 0.6647833171875 0.70475030625 0.648063590625 0.7213905765625 0.6431593546875 0.7367931734375001 0.6448104765625 0.7595799796875 0.65204933125 0.7669283703125 0.6561992937500001 0.7676378359375 0.663677125 0.78826464375 0.674511659375 0.7988239125 0.6930167421875 0.794454059375
0 0.37305221718750003 0.716641409375 0.3677145828125 0.7350390484375 0.4056049953125 0.7666231109375 0.42704098593750006 0.7623026765625001 0.4407999359375 0.7317412828125 0.46815007968750005 0.742563534375 0.487903275 0.7361999421875 0.4982668890625 0.7084810375 0.5077915078124999 0.6722799875 0.5017440078125001 0.6395595828125 0.494231115625 0.6239674828124999 0.4669093359375 0.6136762203125 0.44703841874999994 0.605703815625 0.4271547703125 0.6141615203125 0.42130988125 0.6379133890625 0.42764128125 0.6610278468749999 0.4019714921875 0.6597085984375 0.351391696875 0.6490380859375 0.35583992656249996 0.68130910625 0.36063072812499997 0.6975770625 0.37305221718750003 0.716641409375
12 0.33238336562500004 0.75820488125 0.35160445 0.74920463125 0.3679403546875 0.7302313218750001 0.371227803125 0.7178034203125 0.32387625 0.6421505125 0.266341065625 0.6854670671875 0.33238336562500004 0.75820488125
12 0.17931439843750002 1 0.1954739015625 0.9141784421875 0.2223727421875 0.7360308484375 0.1908616109375 0.7284748546875 0.108736371875 0.7471665390625 0.07516030781250001 0.73027580625 0.0802194953125 0.7065651140625 0.009199012500000001 0.688620565625 0.0255177171875 1 0.17931439843750002 1
9 0.0789686265625 0.697720190625 0.0749761046875 0.7192443546875 0.0968214875 0.7452752593749999 0.111719296875 0.7439612984374999 0.1051621734375 0.7240564140625 0.090272678125 0.7029893375 0.0789686265625 0.697720190625
2 0.7413338875 0.16776995 0.728166903125 0.1633556046875 0.721430421875 0.15823939375 0.6534417578125 0.191311221875 0.6789299890625 0.20604291562500002 0.7060472640625 0.22467449374999998 0.723238425 0.24929625625 0.7380811015625001 0.2394034390625 0.752123940625 0.2142386234375 0.7513632203125 0.1945898921875 0.7413338875 0.16776995
10 0.790857896875 0.1768420125 0.772353659375 0.1734363734375 0.7526351734375 0.1828557265625 0.75337224375 0.21235035781249997 0.73673753125 0.23947385312499997 0.7437803421875 0.24996668125000002 0.7605367937499999 0.2513520765625 0.7723071234375001 0.24453697187499998 0.7921651109375001 0.22234895 0.825790228125 0.241734040625 0.848691846875 0.24162766875 0.8506152484375 0.2320470640625 0.8069335921875 0.2058969140625 0.790857896875 0.1768420125
2 0.7448495421875 0.11607355 0.7360077125 0.1535595296875 0.7408964609375001 0.169710365625 0.754044946875 0.17376154531250002 0.773136615625 0.1472382796875 0.7795377234374999 0.1253913703125 0.7755481296875 0.1161206515625 0.7627261671875 0.11314621093749999 0.7448495421875 0.11607355
9 0.62616976875 0.0481678953125 0.601415653125 0.0232134984375 0.6142089000000001 0.0513472984375 0.60460563125 0.063518090625 0.5934362046875 0.0560816375 0.5827106984375 0.0416954015625 0.5703135500000001 0.0314065984375 0.5493101703125001 0.0368827421875 0.5217212359375 0.045255860937499996 0.5220797671875 0.06237383125 0.5473254234375 0.1275683296875 0.5646385265625 0.1339530890625 0.5905707984374999 0.140250271875 0.6165526359375 0.1680570234375 0.6382019031249999 0.180048646875 0.6620603796875 0.18791322187499998 0.6847755078125 0.173961415625 0.6901059640625 0.1676897203125 0.6673705187500001 0.1349725703125 0.6672984046875 0.1233095671875 0.6670031375 0.0919682140625 0.6532536015625 0.055864159375 0.6434292578125 0.0432528171875 0.62616976875 0.0481678953125
9 0.6396416265625 0 0.6054457249999999 0.0243547953125 0.6212947890625 0.043941771875 0.6395723906249999 0.0378794859375 0.6496746703125 0.024953549999999998 0.6404223078125 0 0.6396416265625 0
9 0.58411605 0 0.5853918265625 0.0068103046875 0.6046582953125 0.024760196875 0.6090556765625 0.021248187499999998 0.5984179921874999 0 0.58411605 0
12 0.41143545625 0.14756986562500002 0.3862750046875 0.1665822703125 0.3644007296875 0.1695471625 0.351076 0.19527545625 0.3374806390625 0.215839840625 0.3262067546875 0.22592493125000002 0.3140189671875 0.24900495625 0.3055556171875 0.2762045046875 0.287488915625 0.28448823437500004 0.2723839015625 0.3019845671875 0.2685298 0.33800548125 0.2704720890625 0.36897585624999996 0.2834284484375 0.41533677812500003 0.33458054375 0.52708628125 0.35363328437499997 0.523582171875 0.369845903125 0.492091665625 0.376713578125 0.4770594015625 0.382713275 0.41503196875 0.4186585515625 0.358340721875 0.42892283593749997 0.432462109375 0.4366250140625 0.433353159375 0.45255877343749995 0.5013671515625 0.4644590296875 0.5594660984375001 0.48347359843750004 0.56925854375 0.4926581328125 0.5558301640625001 0.511031603125 0.56522488125 0.53595425 0.572118290625 0.54858400625 0.581814021875 0.5604037640625 0.5699735687499999 0.569594571875 0.599269359375 0.5740890265624999 0.6119808515625 0.5592028906250001 0.6200971734375 0.5567635140625 0.640508225 0.555208915625 0.66562039375 0.5671348453125 0.6740575859375 0.5819302390625001 0.6642199890625 0.5993588187500001 0.662011890625 0.600638171875 0.64381899375 0.60804460625 0.645157590625 0.6258566046875 0.650265571875 0.6362370890625 0.659647134375 0.6370716328125 0.67557116875 0.6402476578125 0.6874883796875 0.6586758078125 0.6860912734375 0.677766665625 0.67300710625 0.691222646875 0.661944278125 0.702022903125 0.6428218046875 0.69609575625 0.6332061312499999 0.7054838609375 0.6236519171875 0.7115846203125 0.5939860578125 0.71436690625 0.5679468937500001 0.72368694375 0.5461550859375001 0.7307216484375 0.50996748125 0.7562855265625 0.5047436249999999 0.7670632015625001 0.4851902859375 0.7744877859375 0.45643185312499995 0.7717017984375001 0.4337052453125 0.76378580625 0.3983011734375 0.7577981421875 0.369268840625 0.7512651406249999 0.341991840625 0.74262020625 0.3109406875 0.7358636640625 0.273317771875 0.7066997890625 0.22396621093750002 0.6350559421875 0.17161804687499999 0.5721283265625 0.13396949375 0.5110111890625 0.12422619531250001 0.48588043125 0.1255432421875 0.44813535 0.1357209265625 0.41143545625 0.14756986562500002
10 0.137101278125 0.3919968734375 0.08908071875 0.3582625453125 0.083171575 0.3611616375 0.0532399515625 0.3804240875 0.094677278125 0.3981043328125 0.137101278125 0.3919968734375
2 0.26358602656249996 0.11587971718750001 0.25448539062500003 0.0964729890625 0.24396875156250003 0.085094375 0.22305419531249998 0.0926524171875 0.20844175312500002 0.11529019062500001 0.197776009375 0.1501486890625 0.19130240468749998 0.17385114375 0.203674775 0.19258933281249999 0.2114473765625 0.19367320937500002 0.2565766890625 0.1714244109375 0.26221639531249996 0.138817609375 0.26358602656249996 0.11587971718750001
12 0.3257402265625 0.0201341296875 0.250076671875 0.0206199734375 0.279007471875 0.060859410937500004 0.31137399375 0.0825270640625 0.326698234375 0.1155256890625 0.28822438125 0.11754201875 0.276677834375 0.12858641875000001 0.3131010125 0.15053782031250001 0.32348526718750004 0.166397759375 0.3496621609375 0.15408954218749998 0.3626630859375 0.170806496875 0.394099865625 0.1607087109375 0.4256170734375 0.14513817812500002 0.4237414796875 0.1233645078125 0.42523848124999997 0.10986434062499999 0.380159371875 0.069974125 0.37814780468750003 0.0596409984375 0.360955234375 0.054079342187500004 0.3257402265625 0.0201341296875
2 0.279772246875 0.0704920390625 0.2606256171875 0.041669601562500005 0.25364299375 0.0276196859375 0.2443967390625 0.024215815625 0.237512625 0.049343584375 0.23718721406249998 0.0781916359375 0.259034 0.0954391453125 0.2764893796875 0.0989980109375 0.30260627812499996 0.10657733124999999 0.31503868281249997 0.105428703125 0.30531198125 0.08108332812499999 0.279772246875 0.0704920390625
9 0.4515890734375 0.120344496875 0.45496602968750005 0.11523651718750001 0.45826012499999996 0.08010038124999999 0.4501789140625 0.0744723140625 0.44382941562499995 0.076597578125 0.436629215625 0.11305973124999999 0.4515890734375 0.120344496875
9 0.4482493296875 0.1356448703125 0.4824592890625 0.1250108828125 0.47078271718750003 0.119895640625 0.45423823125 0.1203140328125 0.4482493296875 0.1356448703125
10 0.47614466875000006 0.1199794890625 0.4853221515625 0.12418965156249999 0.49427488437499995 0.12411132656249999 0.544591575 0.13046429531249998 0.5449842203124999 0.12692590937499998 0.5314793124999999 0.084245203125 0.5208877265625 0.064082859375 0.499549746875 0.053865254687499996 0.47874099687499994 0.0592560609375 0.46898307656249993 0.06602133125000001 0.4773405140625 0.1152264078125 0.47614466875000006 0.1199794890625
9 0.5586203421875 0.04792288125 0.5364746953124999 0.0498652203125 0.5324407859375 0.0500766296875 0.5216734328125 0.0596315984375 0.5528082015625 0.06933577656249999 0.5687535296874999 0.08139946875000001 0.578345503125 0.0769881 0.5707788875 0.059403296875 0.5586203421875 0.04792288125
10 0.486907034375 0 0.4835670296875 0.0001750421875 0.48230238124999997 0.0085340703125 0.4782888984375 0.009135275 0.4896442453125 0.0218303875 0.5086408953125 0.020443946875 0.5193589875 0.031999853125 0.5233226765625 0.05250955 0.5236631796875 0.060004887500000006 0.5211159421875 0.0655245515625 0.53672544375 0.0932412703125 0.5457699265625 0.12247464687500001 0.5505208546875 0.130434603125 0.5624566390625 0.1321542796875 0.5680356640625 0.1283440890625 0.5819047 0.13387112343750002 0.5921020078125 0.10792886875 0.5875209609375001 0.08666979062499999 0.5833051828125 0.0779007765625 0.5803324859375001 0.048739334375 0.5727429625 0.0362377328125 0.5599018359375 0.0337837671875 0.546721834375 0.002812784375 0.5453021921875 0 0.486907034375 0
10 0.118464090625 0.121515725 0.12859647968750001 0.125460540625 0.142547884375 0.1657220640625 0.145550521875 0.1632086609375 0.1405480578125 0.1408546984375 0.1551832625 0.1443279984375 0.15771685 0.13618496093750002 0.192300475 0.1647640890625 0.19611490625 0.147837075 0.20331770625 0.1257855875 0.1669813765625 0.10695801875 0.14112388125 0.0953552796875 0.12293908281249999 0.09725043125 0.114610684375 0.1111158421875 0.118464090625 0.121515725
9 0.3994258921875 0.0488242546875 0.3942312046875 0.035533896875 0.376230103125 0.04273695625 0.37803095937500003 0.0501189125 0.3940682015625 0.054494820312500004 0.3994258921875 0.0488242546875
9 0.41651517968749996 0.1026992296875 0.42321509687500003 0.1054779328125 0.4357029953125 0.103432675 0.4394420640625 0.0938472265625 0.4434580296875 0.0772925703125 0.44922677499999997 0.074556171875 0.45812839531250005 0.065395203125 0.4575377078125 0.054124234375000004 0.42657133125 0.0444451890625 0.41541229687500003 0.0424218171875 0.40465485 0.0460547328125 0.40266624218749997 0.0493494703125 0.41605647343749996 0.05716805312499999 0.42315780312499995 0.0651413796875 0.43327985 0.07191384375 0.42557718906249997 0.081881134375 0.40774177500000003 0.087336475 0.41651517968749996 0.1026992296875
12 0.199419896875 0.2497258171875 0.199000546875 0.21738164843750002 0.20900419375 0.20132093593749997 0.1500800390625 0.1407171140625 0.1431944390625 0.1432360546875 0.1442996109375 0.164323996875 0.139741759375 0.1990878140625 0.1505456796875 0.2287303921875 0.1314999453125 0.2426755734375 0.083838284375 0.2555115359375 0.151656984375 0.3175443078125 0.11931093125 0.3387799796875 0.1067402203125 0.354543178125 0.09490249687499999 0.3538695859375 0.0860151796875 0.360808146875 0.1099367859375 0.37293283125 0.1375828640625 0.3891777625 0.1721417 0.391250721875 0.2290881609375 0.39733282187499996 0.287881821875 0.4235977109375 0.2478432609375 0.3717512625 0.2586803234375 0.3168072078125 0.24666214375 0.31269028906249996 0.21985314531250003 0.30632706718749997 0.21535411093749998 0.305699475 0.2046809484375 0.29072311093750003 0.199419896875 0.2497258171875
2 0.3344267328125 0.22949529531250001 0.27511152499999997 0.1659519234375 0.25280238593750004 0.1746949671875 0.20882014375 0.197197934375 0.196291490625 0.2145173390625 0.20408018437500003 0.28480054843749997 0.2147869703125 0.3039323625 0.2568972 0.3098043515625 0.3068376640625 0.279920278125 0.3249603 0.23403085625000003 0.3344267328125 0.22949529531250001
10 0.312421321875 0.112339946875 0.2745450390625 0.100489259375 0.26618220937500003 0.11628798124999999 0.263215315625 0.16655587031250002 0.28076331875 0.16687095624999998 0.33282670937500003 0.2264038015625 0.3556125453125 0.17332540937500002 0.3359884734375 0.1578001515625 0.31414526249999997 0.1626512859375 0.30944121562500004 0.149556296875 0.27972176718749997 0.1365368515625 0.28032646875 0.1201985421875 0.312421321875 0.112339946875
