9 0.5494844796875 1 0.5350224828125001 0.9878011890625 0.44301145937499997 0.936966821875 0.3840239578125 0.9344663359375 0.33350944843749997 0.9719446078124999 0.4252745 1 0.5494844796875 1
10 0.328755159375 0.57827208125 0.314363646875 0.58623879375 0.34553735625000004 0.609682021875 0.381341546875 0.5977498375 0.3713829796875 0.5885218796875 0.34817274062500003 0.5767883078125 0.328755159375 0.57827208125
10 0.1991549984375 0.64814893125 0.2166838453125 0.675767875 0.25144680468749997 0.6969079609375 0.31156118906249997 0.6958092031249999 0.3029596921875 0.63629258125 0.2904614125 0.5854777906249999 0.2801884046875 0.5786271375 0.2634980640625 0.565795240625 0.252171034375 0.5691337578125 0.24675039375000002 0.5693317234374999 0.241505703125 0.55412461875 0.15992511250000002 0.54587823125 0.157946234375 0.54156278125 0.159838765625 0.5461606578125 0.18373972031250002 0.5556325296875 0.1752393875 0.5672550109375 0.1905006671875 0.5753219046875 0.216388415625 0.5931297828125001 0.220250134375 0.6128603874999999 0.1991549984375 0.64814893125
9 0 0.4535691578125 0.1421224609375 0.5172343421875001 0.1444861984375 0.536588146875 0.3849179 0.5790432187500001 0.447438428125 0.5783973812500001 0.556870765625 0.5292553421874999 0.573994728125 0.5003331015625 0.5973697625 0.4509645265625 0.5904688046875 0.3706032265625 0.5696476703125 0.3195226078125 0.501099746875 0.2517942578125 0.4014765171875 0.220094265625 0.385239996875 0.224446115625 0.089050975 0.134001884375 0 0.4252745015625 0 0.4535691578125
10 0.6687922625 0.54474836875 0.6889229218749999 0.5359180859375 0.732423534375 0.4725459859375 0.7444123640625 0.47366069062499994 0.7500283765625 0.45529154062500005 0.7409277046875 0.45098663125 0.7461852906249999 0.38372768437500004 0.7325567625 0.3518229453125 0.606520090625 0.3107390203125 0.5831426515625 0.309330634375 0.5681151546875001 0.31398229375 0.5687241125 0.3234616171875 0.5875116296875 0.3649140390625 0.5957985109374999 0.43029071406249997 0.59125046875 0.46046400624999995 0.5826771796875 0.48016062968749995 0.564981990625 0.513010384375 0.6687922625 0.54474836875
10 0.545800640625 0.2927060140625 0.5648825578125 0.31511886875 0.58394356875 0.3097872484375 0.6034082390625 0.31286907343750003 0.5943366421875 0.3049943109375 0.5545175765625 0.2864434984375 0.545800640625 0.2927060140625
9 0.7695624624999999 0.3440537 0.7718256609374999 0.3237148484375 0.7803051390625 0.3089159890625 0.7730417953125001 0.2973937015625 0.75481090625 0.2876405984375 0.7366276421875 0.3041908140625 0.7271171765625 0.29413818125 0.6732831921875 0.2991144578125 0.653575596875 0.3182993828125 0.665137659375 0.33046206875 0.732371140625 0.3475124671875 0.7648701734375 0.34234946875 0.7695624624999999 0.3440537
9 0.5275735609375001 0.26516823437500003 0.529436934375 0.2553883 0.5250054796875 0.246851575 0.5035981734375 0.24685448281250003 0.5027698265625 0.2566965296875 0.5275735609375001 0.26516823437500003
9 0.6254943578125001 0.31542735624999996 0.6321506984374999 0.3056339375 0.653415915625 0.282141271875 0.62765399375 0.26138011875 0.6134011125 0.2536430953125 0.596920759375 0.2513504796875 0.593056790625 0.2501691453125 0.5768770046875 0.249657878125 0.5633349015625 0.2626273625 0.547454315625 0.2740366046875 0.5391989374999999 0.2862982640625 0.5473448421875 0.290055809375 0.5600741375 0.28803331249999997 0.608322040625 0.31355673125 0.6254943578125001 0.31542735624999996
2 0.6483235875 0.5722461015625 0.67738759375 0.5988898859375 0.7041364890625 0.5943838640625 0.717126709375 0.5666451390625 0.710327334375 0.5250202515625 0.6964333453125 0.5218436718749999 0.6796618703124999 0.5416611437500001 0.6550093296874999 0.5430028359375 0.6496462890625 0.558698284375 0.6483235875 0.5722461015625
10 0.6184499234375 0.5300997140625 0.590200284375 0.5333816625 0.6374004828125 0.56002784375 0.64470735 0.5453496140625 0.6184499234375 0.5300997140625
5 0.164869596875 0 0.159117378125 0.0127031640625 0.22096403593749997 0.061207728125000006 0.31406480625 0.1420991375 0.33670857656250003 0.1473303046875 0.3269732296875 0.090658603125 0.3051116671875 0.10130938125 0.24887130625 0.062129335937499995 0.23800352500000002 0.0368210796875 0.21937845312499998 0 0.164869596875 0
9 0.8573122046874999 0.1613020390625 0.8732363875000001 0.2149587125 0.8785513015624999 0.22107353437500002 0.926377521875 0.16385951875 0.9117395125 0.1542959921875 0.8783187890624999 0.1395883609375 0.8434057328125 0.1375949734375 0.8337465406250001 0.149607403125 0.8573122046874999 0.1613020390625
9 0.79209260625 0.383075021875 0.783457140625 0.3601568765625 0.79731919375 0.33674370625 0.786406890625 0.3322340578125 0.7671303421875 0.3419260875 0.7363028515625001 0.34992994374999997 0.732022665625 0.351691446875 0.7418899765625 0.36912022499999997 0.7427512609375 0.393348734375 0.746379665625 0.41875761093749997 0.752890034375 0.42158594374999997 0.7715793265625 0.41216398749999994 0.79209260625 0.383075021875
9 0.22573985156249998 0.167126315625 0.224689153125 0.1750672984375 0.31773580468749996 0.20495986406250002 0.3068271453125 0.191090628125 0.286231740625 0.1746725703125 0.26115312031250004 0.1639073625 0.24999612343750002 0.1625615953125 0.22573985156249998 0.167126315625
10 0.376976834375 0.79319336875 0.35172513437499997 0.7869491531249999 0.3283502328125 0.7629762875 0.31369755 0.74187330625 0.297798390625 0.7341529734375001 0.27755285937499996 0.75659719375 0.2867786859375 0.807535528125 0.2898837921875 0.8102560593750001 0.3192215359375 0.826310325 0.3636811796875 0.8328181859375 0.37824294062499997 0.8045028828125 0.376976834375 0.79319336875
10 0.5797063203125 0.8196971109375 0.6471982796875 0.786560096875 0.6945905734375 0.7514159171875 0.6994531859374999 0.7146649921875 0.6923700312500001 0.670080246875 0.693209146875 0.6386714046875 0.6910238984375 0.6380033078125 0.66930879375 0.5865551359375 0.604467878125 0.5380536640625 0.55941695625 0.529059628125 0.5357962296875 0.53856684375 0.38482132343750003 0.5985048875000001 0.3357365125 0.61183004375 0.32924081250000004 0.618964675 0.3163639625 0.654346290625 0.303348634375 0.704735696875 0.3261407640625 0.7630853390625 0.357831884375 0.7871130921875 0.38624700624999997 0.7958004671875 0.4708975875 0.8342273453125 0.5135214515625 0.8329199624999999 0.5797063203125 0.8196971109375
