12 1 0.43546537812499997 0.9698840921875 0.430106715625 0.9829080234375001 0.45731310468749997 1 0.46449531562499996 1 0.43546537812499997
12 0.5756277015625 0.7050031796875 0.5753531890625 0.666441528125 0.5670844640625 0.635849221875 0.55235321875 0.6135118203125 0.5411252046875 0.6031565265625 0.5195130453125001 0.6061699328125 0.5157843062499999 0.621443840625 0.504480815625 0.64815779375 0.484324503125 0.660402496875 0.4681106234375 0.6716957359375 0.460065140625 0.701581040625 0.48457810312499994 0.730901765625 0.51973303125 0.75018565625 0.54007448125 0.7548302625 0.58489793125 0.7745777609375 0.59624844375 0.7691895578125 0.5979732234374999 0.7317821953125 0.5756277015625 0.7050031796875
12 0.788675134375 1 0.84086491875 0.9096046421875 0.8354433484375001 0.9030635234375 0.7916991375 0.8616857093749999 0.7571098593750001 0.8252561890625 0.7007366109375 0.834406796875 0.6759541718750001 0.8623451624999999 0.666575471875 0.9035663484375 0.66639418125 0.9424163140624999 0.66870685 0.9733793296875 0.6941984265625 1 0.788675134375 1
10 0.7474926796875 0.2653243046875 0.76189996875 0.26116016875 0.7688564984374999 0.260000896875 0.7700162984375 0.2515373078125 0.763571509375 0.24598887500000002 0.7536338546875 0.24557958593749998 0.742442234375 0.2374431609375 0.731836971875 0.23086421875 0.7233704249999999 0.234043790625 0.7154192234375001 0.239500128125 0.7223180921875 0.245766715625 0.72908983125 0.24373957656249998 0.7364702703125 0.24937043281250001 0.7349081296875 0.25425363437500004 0.7474926796875 0.2653243046875
4 0.67262615625 0.28479391249999997 0.671539759375 0.2896466015625 0.679170228125 0.294052053125 0.691081690625 0.275202696875 0.6879283640625 0.2695762515625 0.6834305578125 0.2686543828125 0.67262615625 0.28479391249999997
10 0.671867784375 0.4091422515625 0.6942876515624999 0.40060572656250004 0.6976693187499999 0.3826301765625 0.6869014265625 0.3632029875 0.67041999375 0.3524051203125 0.66190005625 0.3536968875 0.657895415625 0.3441389265625 0.6456665671875 0.3528651578125 0.6461965468749999 0.36507597812500003 0.638943509375 0.367876425 0.6432065484375 0.380689840625 0.6538151515624999 0.3966493078125 0.671867784375 0.4091422515625
10 0.5499236328125 0.41793112343749994 0.557343840625 0.4131578328125 0.560391609375 0.40585922031250005 0.5535738375 0.3988176015625 0.54551453125 0.40503427031249994 0.540437353125 0.410125184375 0.5499236328125 0.41793112343749994
10 0.7621980875000001 0.700865390625 0.7980548296875 0.71874925 0.8143031359374999 0.7099369875 0.8209071734375 0.6591701515625 0.815099609375 0.64556673125 0.788456096875 0.6317216125 0.7689867375 0.6327811203125 0.765053725 0.6169297234375 0.7552080046875 0.6143194390625 0.7385998828125 0.6534173359375 0.734242734375 0.6772947640625 0.7621980875000001 0.700865390625
1 0.86552296875 0.665410728125 0.8706096640625001 0.6665539093749999 0.87358633125 0.659065225 0.8690899125 0.6578184484375 0.8664947796875 0.6568841140624999 0.864061240625 0.6610991281249999 0.86552296875 0.665410728125
1 0.35985817343750004 0.9448267328125001 0.3694889375 0.95038705625 0.375748596875 0.9395450078125 0.37351351093749996 0.9350787078125 0.3659643609375 0.931957 0.35906970781249997 0.936791 0.35985817343750004 0.9448267328125001
16 0.1607489921875 0.8487067109374999 0.1486293359375 0.8597206109375 0.1496193125 0.8750578843750001 0.1632686625 0.8829383406250001 0.1693484921875 0.8475242375 0.1607489921875 0.8487067109374999
9 0.2700827296875 0.9254754921874999 0.2823273609375 0.9233831796875 0.2858971640625 0.9132279390625 0.276188703125 0.9057140203125 0.2683746375 0.905592928125 0.261323059375 0.9101105640625 0.26214338125 0.9193648984375 0.2700827296875 0.9254754921874999
9 0.2427774703125 0.7960816562499999 0.2611901921875 0.8083604171875001 0.2680945296875 0.8187010609375 0.305174234375 0.83252585 0.348440409375 0.7185622765625 0.3600461890625 0.694600846875 0.3576106703125 0.6602241624999999 0.346552171875 0.641640221875 0.32206052343749997 0.6518985890625 0.2978262921875 0.6642830203125001 0.30227303125 0.6853130625 0.2921375046875 0.7071571718749999 0.28716867343749997 0.7419223734375 0.2827301140625 0.7551855921875 0.2427774703125 0.7960816562499999
3 0.27744422812499997 0.75978300625 0.28676141718750003 0.7485976 0.28480145 0.7249993234375001 0.2795643484375 0.725403196875 0.274924075 0.7381457218749999 0.2732351375 0.7472613031249999 0.27744422812499997 0.75978300625
2 0.12627250625 0.6956595546875 0.1424974609375 0.7104944640624999 0.16545997343750002 0.7109252421875001 0.17554605 0.6978779203125 0.175083771875 0.6967168890625001 0.1478369828125 0.6790941687500001 0.12489102187500001 0.6687901734375 0.11509062656249999 0.668809040625 0.1108214109375 0.6808520296875 0.12627250625 0.6956595546875
9 0.09518414375 0.768916853125 0.123955103125 0.7609274765625 0.140320440625 0.7514519484375 0.1573561328125 0.723860578125 0.1203259265625 0.7018502859375 0.096415003125 0.69267125 0.071453690625 0.7121120078125001 0.0523988796875 0.711204075 0.039312290625 0.7204693234375 0.057123637500000005 0.7402142921875 0.06574049374999999 0.742245375 0.0737963640625 0.7605636625 0.09518414375 0.768916853125
9 0.36752955625 0.8973121296875 0.39740511875 0.9040881781250001 0.42084125625 0.8912438578125 0.40687555625 0.8765862906249999 0.473046228125 0.8189846046874999 0.48176136875 0.7953129718749999 0.49817036562499994 0.7663871171875 0.49268884843749994 0.7496470453125 0.4657143578125 0.718169859375 0.42964074218750004 0.7206152296874999 0.434312165625 0.79778510625 0.44611222812499995 0.8197249890625 0.363393046875 0.8832876765625001 0.36752955625 0.8973121296875
9 0.561937846875 1 0.5660386468749999 0.963806803125 0.53090840625 0.9035729578125 0.457941278125 0.9235056140625 0.35964144062500003 0.9641093156249999 0.363834190625 0.998734903125 0.366025403125 1 0.561937846875 1
