2 0.927336534375 0.41839526562499996 0.9099059890625 0.4062903734375 0.8628471109375001 0.374509203125 0.8547058578125 0.3871960109375 0.8837013859375 0.42763565156250005 0.900006965625 0.4588063375 0.9710218218750001 0.5252754234375 0.999988340625 0.49694329687499994 0.9790310468750001 0.4555266359375 0.927336534375 0.41839526562499996
4 0.9060679421875 0.398668478125 0.9248516375 0.415634921875 0.9414377921874999 0.4202746140625 0.97103068125 0.3820351609375 0.9776448484375001 0.35876641249999996 0.94934439375 0.34687926406249997 0.9060679421875 0.398668478125
2 1 0.35742533593750003 0.96000256875 0.3315442875 0.891015540625 0.34481785781249996 0.8631196843750001 0.3640484109375 0.8558850984375 0.3779894703125 0.8506283531250001 0.4498410984375 0.8571469593750001 0.49994644062500004 0.8712045343750001 0.5336669359374999 0.8822732249999999 0.555038225 0.957041159375 0.55414090625 1 0.519865875 1 0.35742533593750003
2 0.8041385125 0.30141578125 0.791173546875 0.31454299375 0.7979638015625 0.33621108906249997 0.7928294421875 0.36190216875000003 0.7792939484375 0.3680194 0.7710638953125 0.368701115625 0.749258740625 0.3873988546875 0.692466996875 0.39563929375 0.7105975953125 0.410241428125 0.7428920953125 0.39940659843750004 0.7915225828125 0.388979359375 0.8355136984374999 0.3801959546875 0.8632636218749999 0.3602041609375 0.90350083125 0.33670121875 0.9436304640625 0.32796633750000004 0.9525490375000001 0.298597475 0.9436362390624999 0.290074328125 0.906153175 0.2980751453125 0.8747264828124999 0.3069771578125 0.8362733312499999 0.293786715625 0.8041385125 0.30141578125
2 0.7564866109375 0.3812738234375 0.7712851781250001 0.3704427328125 0.783175328125 0.3678542546875 0.7897651781249999 0.360237009375 0.7955608140625 0.3412191578125 0.80060490625 0.315864959375 0.7927106421875 0.295705325 0.775288784375 0.282375765625 0.7576812515625 0.28018425625 0.7371574421875 0.279737215625 0.698144815625 0.28299749531249996 0.6677961359375 0.29832333125 0.6448101828125 0.3149003984375 0.6374380015625001 0.334578490625 0.6401645546875 0.3544361140625 0.6416118421875 0.36601117968749997 0.6590633718750001 0.3883711421875 0.6695099124999999 0.391170284375 0.6845614921875 0.3937596 0.74313165 0.3867172921875 0.7564866109375 0.3812738234375
2 0.590932540625 0.22079026562499998 0.5754763734375 0.2419108140625 0.56834039375 0.26201326406250003 0.5600154125000001 0.273496275 0.556677259375 0.28595443125000003 0.5581797328125 0.298627490625 0.5714482359375 0.31048309218750003 0.5872986890624999 0.314008603125 0.5966198859375 0.31578407343750003 0.5946740671875 0.31129306875 0.6165433609375001 0.3001912265625 0.6380727046875 0.2929679203125 0.6738216218749999 0.2614057703125 0.6939386265625 0.24117302031249999 0.69817585625 0.20838498125 0.69093405 0.1884001703125 0.6555783234375 0.1727911296875 0.63500705 0.1777447359375 0.617076725 0.19242843437499998 0.590932540625 0.22079026562499998
2 0.4240289578125 0.16014642031249998 0.41730587343750003 0.170807165625 0.41258282343749997 0.1785145546875 0.42051075156250006 0.20844856875 0.4394523453125 0.2252379125 0.45820401874999994 0.23101010781250003 0.46895246406249996 0.2251669859375 0.5022927765625 0.203549196875 0.55084376875 0.1684547984375 0.5659213203125 0.15006276875 0.566346553125 0.12051689843749999 0.547221821875 0.0971978890625 0.5293808906249999 0.08892816249999999 0.509430334375 0.085825525 0.48927703749999996 0.10061388281250001 0.43254064999999997 0.1482208328125 0.4240289578125 0.16014642031249998
2 0.36582234062499996 0.223531353125 0.3872356890625 0.2247823125 0.39865463437500004 0.21463211875 0.40089525468750004 0.2053686109375 0.40412656093750005 0.19601534375000002 0.41648330468749994 0.17515017500000002 0.42722064687500005 0.16033061875000001 0.44008579843750006 0.097887078125 0.4473615890625 0.06893064374999999 0.4350388265625 0.0481813828125 0.41673912656249995 0.023588040625 0.380027109375 0.014498784375 0.3601446296875 0.023517109375 0.3543416265625 0.028941259375 0.3434325171875 0.046206590625 0.3351959140625 0.1358164546875 0.3444856671875 0.17419680937499998 0.3427321765625 0.1834470546875 0.33944741875 0.19029366718750002 0.3424487953125 0.20704933749999999 0.352294565625 0.21990659531249998 0.36582234062499996 0.223531353125
2 0.1540355984375 0 0.248872684375 0.131469234375 0.270010965625 0.14066136093749998 0.289883878125 0.1724460109375 0.29553556406250003 0.1845437328125 0.317467609375 0.19077348593750001 0.3456412515625 0.1711572421875 0.3438655609375 0.1548061484375 0.3354218015625 0.1352565609375 0.330352928125 0.1133179859375 0.32600791875 0.08357767187500001 0.2910099921875 0.0329231609375 0.27253678125 0 0.1540355984375 0
2 0.11633650625 0 0.09741251875 0.0706252796875 0.137482775 0.128467153125 0.1574281296875 0.1472173625 0.18121238281250002 0.1465345859375 0.2038965375 0.1448514109375 0.21541525468749997 0.129945125 0.2240620625 0.11426984531249999 0.22194660625 0.09535774687500001 0.152353628125 0 0.11633650625 0
9 0.105424440625 0.0847139703125 0.09702216875 0.0720820875 0.08657478125 0.11107226875000001 0.1044831453125 0.097161990625 0.105424440625 0.0847139703125
