12 0.8714702140625 0.8494746093750001 0.8757524406250001 0.7871764328124999 0.8514873046875 0.778140625 0.8243681640625 0.7971627609375 0.8043852546875 0.8095273437499999 0.7708432609375 0.7738606765625 0.77231689375 0.7763613281249999 0.7637065421875 0.814283203125 0.773697753125 0.8418658859375 0.8332890624999999 0.845669921875 0.8714702140625 0.8494746093750001
2 0.555560546875 0.779091796875 0.591243653125 0.777189453125 0.608728515625 0.7505579421874999 0.60623095625 0.7201223953125 0.5883891593749999 0.6958691406249999 0.5441416015625 0.6925397140625 0.5024165046875 0.6966555984375 0.475986328125 0.725353515625 0.48455029375 0.7724342453124999 0.5113129890625 0.7862252609375 0.555560546875 0.779091796875
4 0.9758784171875 0.489599609375 0.959107421875 0.47818619843750004 0.9391245125 0.5019641921875 0.94947314375 0.52764453125 0.9712397453125 0.5195598953125 0.9758784171875 0.5024401046875 0.9758784171875 0.489599609375
2 0.6498564453125 0.5343385421875 0.648072265625 0.5191204421875 0.629517090625 0.5110358078125 0.6095341796875 0.48630664062499995 0.56064795 0.46680859375 0.518185059375 0.44826171875 0.502127440625 0.49153776093749996 0.578489746875 0.523400390625 0.6452177734375 0.5405201828124999 0.6498564453125 0.5343385421875
10 0.7672661140625 0.42312109375 0.7571123046875 0.4212154953125 0.7505336921875 0.4286484375 0.7605444343750001 0.43798762968749994 0.7686962890625 0.432841796875 0.7672661140625 0.42312109375
2 0.99951171875 0.4861334640625 0.9770659171875 0.50016015625 0.993369140625 0.530083984375 0.99951171875 0.5270338546875 0.99951171875 0.4861334640625
16 0.99951171875 0.4611829421875 0.943349121875 0.44054231718750003 0.908242675 0.43806510468750004 0.8683872062500001 0.43421223906249995 0.879538575 0.44824804687500003 0.9497504875 0.4611829421875 0.99951171875 0.47191666718749997 0.99951171875 0.4611829421875
9 0.17508691406250002 0.2297317703125 0.16268164062499998 0.22002734375 0.10795947343750001 0.2190208328125 0.11548681718750001 0.2613600265625 0.1273525390625 0.2620787765625 0.1788627921875 0.2588444015625 0.17508691406250002 0.2297317703125
17 0.0414716796875 0.1215494796875 0.030864746874999998 0.10178059843750001 0.022412109375 0.087423828125 0.0092412109375 0.0888483078125 0.014457031249999999 0.10785481718750001 0.020257325 0.11790494843749999 0.03301904375 0.12276432343749999 0.0414716796875 0.1215494796875
9 0.0620224609375 0.11646875000000001 0.057547851562499995 0.10862760468749999 0.048763671875 0.10277473906250001 0.0469521484375 0.10100455781249999 0.0383227546875 0.1043209640625 0.0420517578125 0.1119407546875 0.0420517578125 0.1110572921875 0.0620224609375 0.11646875000000001
