1 0.5471832234375 0.374298340625 0.5452126671874999 0.37865478750000003 0.550729378125 0.3977733984375 0.5621975203125 0.4058884359375 0.57383979375 0.3973914390625 0.5838635390625 0.3931887875 0.577065253125 0.3814370265625 0.567900746875 0.37209905 0.5553158703125 0.3700963109375 0.5471832234375 0.374298340625
9 0.5634679874999999 0.450930509375 0.586615115625 0.4819535078125 0.611497146875 0.45728025 0.5874830484375 0.4312402171875 0.5634679874999999 0.450930509375
10 0.6835954078124999 0.3089338484375 0.675026721875 0.3062401703125 0.6721377640624999 0.3081949765625 0.6706067015625 0.3100494078125 0.7127742203125 0.3232723703125 0.7149636828125 0.3197654671875 0.7124148015625 0.31642939531250003 0.708075021875 0.3129993921875 0.689894965625 0.3092339328125 0.6908705453125 0.30033568593750004 0.6835954078124999 0.3089338484375
10 0.8319461046875001 0.567191484375 0.8309526671875 0.5743611343749999 0.841478884375 0.5778921203125 0.8418298890625 0.570689159375 0.8319461046875001 0.567191484375
9 0.696457596875 0.49668240781249995 0.692714046875 0.4902582796875 0.6873109359375 0.48662285 0.6852975328124999 0.4944871359375 0.693262359375 0.4992533375 0.696457596875 0.49668240781249995
10 0.7598645046875 0.6651818015625001 0.7533245156249999 0.660979371875 0.7489336921875 0.6600577234375 0.7509237546875001 0.6681256984374999 0.7571115046875 0.668876253125 0.7598645046875 0.6651818015625001
10 0.7439073640625 0.640707925 0.746330396875 0.6441190999999999 0.7525208265625001 0.6358704921875 0.7482252875000001 0.6376713109375001 0.7439073640625 0.640707925
10 0.8197644609375001 0.671547034375 0.8251721875 0.667650484375 0.8154371984375001 0.662848446875 0.81413171875 0.67078284375 0.8197644609375001 0.671547034375
10 0.6772624296875 0.7473444609375 0.6796119703125 0.7449736640625 0.6769400734375 0.741249653125 0.6735196625000001 0.742115965625 0.6736145703124999 0.7426056328125 0.6741972515625 0.7445705640625 0.6772624296875 0.7473444609375
10 0.636125625 0.7158412359375 0.6429855437499999 0.7237121390625 0.64882095 0.719224090625 0.6425787765625001 0.710967534375 0.636125625 0.7158412359375
10 0.6392614953125 0.734897609375 0.6380505484375 0.7312203296875001 0.63133223125 0.729456903125 0.631914425 0.7363198875 0.6390316671875 0.7384249046875 0.6392614953125 0.734897609375
10 0.6088988671875 0.732949428125 0.6093048515625 0.730341684375 0.6077466921875 0.7285342046875 0.6050871250000001 0.731424834375 0.6079428984375 0.7338101875 0.6088988671875 0.732949428125
10 0.529774790625 0.7119191390624999 0.534471503125 0.7189969031250001 0.5599279562499999 0.7093757515625 0.5567590250000001 0.703073175 0.529774790625 0.7119191390624999
10 0.5626069015625 0.68162270625 0.563548578125 0.678172578125 0.561503571875 0.6746168046875 0.55770466875 0.6777482140625 0.5579553078124999 0.679739128125 0.5626069015625 0.68162270625
9 0.53039701875 0.8241568625 0.5327306828125 0.8281180593749999 0.5386473890625 0.8311133875 0.5455684609375 0.83248508125 0.5513051953125 0.83307409375 0.551569396875 0.8108471640625 0.5519007015625 0.8110629250000001 0.5517622171875 0.80923534375 0.5499365421875 0.8093377796875 0.5419205890625001 0.8212820296875 0.5409369296875 0.8221677203125 0.5330001734375001 0.8226350828125 0.53039701875 0.8241568625
9 0.5515446546875 0.8638718531249999 0.5535254796875 0.8642458140624999 0.548086609375 0.8566076515625 0.546416134375 0.8571868296874999 0.5515446546875 0.8638718531249999
10 0.6455799140625 0.6350720953125 0.6485691640625 0.6403692734375 0.6521368671875 0.6387723671875001 0.6481304765625 0.6341117374999999 0.6455799140625 0.6350720953125
10 0.6813284109375 0.63272073125 0.68759135625 0.639703553125 0.6891111765625 0.63519870625 0.6868567156250001 0.6330467718749999 0.6813284109375 0.63272073125
10 0.6069936125 0.568503709375 0.6104122265624999 0.57226285625 0.61079289375 0.58152625 0.6122577484375 0.5907742078125 0.6201298859375 0.595350878125 0.625576121875 0.5860556390625 0.6212971625 0.5685000296875 0.6178706703125 0.56774295625 0.6069936125 0.568503709375
0 0.5858535781249999 0.6110210703125001 0.5796324312500001 0.6097100984375 0.57409165 0.6084349140625 0.5736798375000001 0.608697384375 0.5681164890625 0.6143546453125001 0.571810775 0.6208570078125 0.5785858562499999 0.627501603125 0.58761678125 0.6283345734375 0.5953584296875001 0.6255761546875 0.5960357203125 0.6209699953125 0.5911803812499999 0.6163773109374999 0.5858535781249999 0.6110210703125001
9 0.4963296265625 0.519492984375 0.49830989218750005 0.5342553999999999 0.5001787859375 0.535628675 0.5035104625 0.5358956046875 0.5013480343750001 0.5210868578125 0.4963296265625 0.519492984375
9 0.5637820359375 0.521861096875 0.5628708265625 0.5185225390625 0.5558247515625 0.5146099484375 0.5553199625 0.5169111625 0.5616904125 0.5212489171875 0.5637820359375 0.521861096875
9 0.55975338125 0.5108858781250001 0.5580491921874999 0.515562640625 0.5599453359375001 0.5177370375 0.5617672328125 0.5136015015625001 0.55975338125 0.5108858781250001
9 0.5675343546875 0.512752525 0.567703775 0.5089030328125 0.5630009421875 0.5060677890624999 0.563611040625 0.509353271875 0.5657065671875 0.512364853125 0.5675343546875 0.512752525
