5 0.227403046875 0.5287326796875 0.24348913125 0.446206990625 0.2256008765625 0.3321142640625 0.2245061296875 0.324594759375 0.01273979375 0.27953625625 0.0087477609375 0.373977653125 0.022194546875000002 0.5078312109375 0.1385590046875 0.510024634375 0.136992990625 0.528317825 0.1866033171875 0.5583736125 0.1970618703125 0.525945696875 0.227403046875 0.5287326796875
10 0.16822338750000002 0.576966353125 0.214359046875 0.5388437515625 0.2141624265625 0.5258556578125 0.1989079859375 0.5288208203125 0.18160297812499998 0.5619594328125 0.14383838437500002 0.5401453875 0.139042496875 0.5106826359375 0.1253501359375 0.5121039171875 0.0938005015625 0.5653793171875 0.1018536703125 0.5948297953125 0.16822338750000002 0.576966353125
10 0.319800990625 0.6132550875 0.3120125609375 0.5899566234375 0.2882567671875 0.5635591796874999 0.2575352453125 0.5540225359375001 0.2406662140625 0.5678473703125 0.2361404984375 0.5972609421875 0.240202971875 0.63493009375 0.260369453125 0.662025228125 0.28291528593750004 0.6750114296875 0.308421365625 0.67687714375 0.3283986859375 0.6574863953125 0.319800990625 0.6132550875
5 0.4073024421875 0.5425288125 0.4326758078125 0.5413182109375 0.4487192953125 0.5040832125 0.4679865375 0.46187922343750004 0.4417341421875 0.3795187140625 0.23912435781250002 0.338796425 0.22975069375 0.33574265468750003 0.24358568749999998 0.44284725312499995 0.230399328125 0.48759147187499996 0.2361921375 0.514999328125 0.2406433640625 0.5259194140625 0.25556523124999997 0.5236397703125 0.2555011828125 0.5137272687500001 0.3970031796875 0.5302634796875 0.4073024421875 0.5425288125
9 0.46898879843749997 0.5525204796875001 0.44865949687500006 0.586867075 0.4570769921875 0.6205883359375 0.46462905 0.6594402968749999 0.48860086718750007 0.68455550625 0.5342808859375 0.680018565625 0.5664396390624999 0.65143639375 0.5711336078125 0.6133054046875 0.5516318765625 0.5848400609375 0.5396024171875 0.5828367484375 0.5081833046875001 0.5697142203125 0.4841270890625 0.548957771875 0.46898879843749997 0.5525204796875001
9 0.657879490625 0.8534654828124999 0.65468355625 0.8801400875000001 0.6589178125 0.8923433453125 0.727906640625 0.8280682687500001 0.733065896875 0.792328075 0.7294642359375 0.773799134375 0.7138963375 0.7631780421875 0.70252824375 0.7765537250000001 0.6771616500000001 0.744265915625 0.7170194046875 0.690615825 0.71443163125 0.6725099265625001 0.6772678812499999 0.6394138953125 0.5762784562500001 0.599899909375 0.5731852703125 0.626149165625 0.56867881875 0.6412916859375 0.55793924375 0.6650902703125 0.53846289375 0.6750788078125 0.5079857609375 0.685965440625 0.46988520468750006 0.6815861203125 0.4649140078125 0.694337740625 0.473118465625 0.7125928609375001 0.552709025 0.7244156421875 0.657879490625 0.8534654828124999
9 0.6538880296875 0.6317956640625 0.7445910484375 0.6600673125000001 0.80955961875 0.6685288515625001 0.8814386890625 0.686192196875 0.8814415125 0.693428153125 0.8964798625 0.667518315625 0.8169249859375001 0.643902525 0.7691383578125001 0.6352025171875 0.6665546984375 0.60580658125 0.5941466937500001 0.57583910625 0.44401809375 0.498284203125 0.43512555312499995 0.512418928125 0.43779786718749997 0.5261667921875001 0.595601446875 0.6145908109375 0.6538880296875 0.6317956640625
9 0.72931113125 0.604664659375 0.774169809375 0.6294413546875 0.8102952374999999 0.6236595265625 0.8423915875000001 0.6546392 0.882894828125 0.61388995 0.930340321875 0.5872988125 0.8892586140625 0.5388366828125 0.936988653125 0.5041264015625 0.9359056859375 0.441065709375 0.86887799375 0.426800953125 0.8488476109375 0.38603293125000004 0.8767879859375001 0.3477256546875 0.9091384687499999 0.2794071546875 0.8128079187499999 0.3012332765625 0.71860501875 0.322025703125 0.71065038125 0.3769181734375 0.7211750328125001 0.42387627656250004 0.686500828125 0.4802402703125 0.673178371875 0.538657378125 0.7026630703125 0.5825508984375001 0.6147875843749999 0.54008244375 0.5593575875 0.5303869171875 0.6332203421875 0.5941880796875 0.72931113125 0.604664659375
2 0.21551132968750003 0.4280626359375 0.21999034687500002 0.42474391875000006 0.18372176875 0.4065835921875 0.1740604234375 0.42308301562499995 0.170747528125 0.4401138484375 0.15598598125000002 0.46542058906249995 0.1613113390625 0.47724297499999996 0.1853049328125 0.4536710484375 0.1946794859375 0.44932764531249997 0.21551132968750003 0.4280626359375
10 0.399200590625 0.442754153125 0.4043472078125 0.4932599765625 0.4031470546875 0.5204561015625 0.40707872500000003 0.5380129390625 0.4362857625 0.5347558718750001 0.44458737968750006 0.4733393125 0.43366995937499997 0.430523378125 0.41470717500000004 0.421073803125 0.399200590625 0.442754153125
