1 0.6319708328125 0.4216355 0.6343726671875001 0.4102925 0.6338923328125 0.39912925 0.6270471671875 0.39066675 0.6194816671875001 0.38868625 0.6157401671875 0.390325 0.6083133328125 0.40561100000000005 0.6109553328125 0.4173145 0.6232043328125 0.41857475 0.6319708328125 0.4216355
9 0.5860131671875 0.44662625 0.5829745 0.479542 0.6128766671875 0.47810175 0.6125163328125 0.447853 0.5860131671875 0.44662625
10 0.7574675 0.44637950000000004 0.7566729999999999 0.44172275 0.7472831671875 0.42894424999999997 0.7529893328124999 0.4238545 0.7434551671875 0.42515400000000003 0.7395548328125 0.41854800000000003 0.7366031671875 0.41813775 0.7345710000000001 0.41843975 0.7537838328124999 0.45092774999999996 0.7571786671875 0.44995324999999997 0.7574675 0.44637950000000004
10 0.6900063328125 0.67382925 0.6852769999999999 0.6778117499999999 0.6899415 0.6860677500000001 0.6942820000000001 0.681697 0.6900063328125 0.67382925
9 0.6455885 0.5454415 0.6442363328125 0.54004675 0.6384623328125001 0.54388725 0.6407944999999999 0.5514635 0.6442928328125 0.5516577500000001 0.6455885 0.5454415
10 0.5864751671875 0.688424 0.5842143328125 0.68533 0.5808656671875 0.6915875 0.5843651671875 0.69559975 0.588225 0.69482825 0.5864751671875 0.688424
10 0.5920846671875 0.6701775 0.591673 0.673727 0.6003186671875 0.6720295000000001 0.596562 0.67071775 0.5920846671875 0.6701775
10 0.6226163328125 0.733097 0.6282771671875 0.73371425 0.6248416234375 0.72510371875 0.619477 0.72939325 0.6226163328125 0.733097
10 0.4920918328125 0.69571825 0.48942500000000005 0.6943135 0.4892053328125 0.6946785 0.488452 0.6962585 0.48881233281250003 0.6997705 0.49165933281249996 0.6996085 0.4920918328125 0.69571825
10 0.48070399999999996 0.65627 0.4805598328125 0.6651852500000001 0.4868303328125 0.6656715 0.4875871671875 0.6568645 0.48070399999999996 0.65627
10 0.4731345 0.66713025 0.4698771671875 0.662172 0.4663235 0.66686025 0.46963883281249996 0.67226325 0.4718011671875 0.670156 0.4731345 0.66713025
10 0.45538633281249996 0.6501462499999999 0.4554303328125 0.64810875 0.4520893328125 0.6484235 0.45253883281249996 0.65156925 0.45363783281250003 0.65156925 0.45538633281249996 0.6501462499999999
10 0.4154246671875 0.593008 0.4143605 0.60018375 0.4360226671875 0.6086245 0.4376136671875 0.6028137499999999 0.4154246671875 0.593008
10 0.456159 0.5908905 0.45689333281250005 0.5874652499999999 0.45269133281249996 0.58728175 0.4517123328125 0.5886885000000001 0.4535888328125 0.592542 0.456159 0.5908905
9 0.3725348328125 0.6663555 0.3606175 0.66935525 0.3594866671875 0.66935525 0.3541805 0.6651165 0.3516578328125 0.66459475 0.350875 0.66844225 0.3529191671875 0.67372425 0.3565291671875 0.67854975 0.3598346671875 0.68220175 0.3727086671875 0.6682465 0.3727956671875 0.6685727499999999 0.37375250000000004 0.66733375 0.3725348328125 0.6663555
9 0.3423808328125 0.70188425 0.3434246671875 0.7032535 0.344338 0.695298 0.34294633281250003 0.6947110000000001 0.3423808328125 0.70188425
10 0.9638096671874999 0.9593942500000001 0.9927128328125001 0.9824532500000001 0.9728253328124999 0.99975 0.9998333328125 0.99975 0.9998333328125 0.9363355 0.9622186671874999 0.91089125 0.9455131671875 0.9124815 0.9489603328125 0.9335525 0.9638096671874999 0.9593942500000001
10 0.532879 0.61041275 0.5317486671875 0.61548275 0.5349266671875 0.616508 0.5350473328125 0.61126075 0.532879 0.61041275
10 0.5569196671875 0.6293485000000001 0.5569041671875 0.637359 0.5604443328125 0.6353685 0.5602431671875 0.6327145 0.5569196671875 0.6293485000000001
10 0.539428 0.5706607499999999 0.5481995000000001 0.5678737500000001 0.5555186671875 0.554287 0.5537759999999999 0.5518485 0.5464353328125 0.54611575 0.5464568328125 0.550455 0.5414030000000001 0.5565515000000001 0.5370463328125 0.56325775 0.539428 0.5706607499999999
0 0.4999301671875 0.5730145 0.5064221671875 0.5756877499999999 0.5094853328125 0.5731515 0.5090281671875 0.56746225 0.5087081671875 0.561019 0.5055078328125 0.556632 0.502719 0.5526565 0.5023075 0.55258775 0.4955413328125 0.552999 0.49416966718750005 0.55923675 0.4946726671875 0.56732525 0.4999301671875 0.5730145
9 0.49701116718750005 0.46227425 0.4974126671875 0.46421375 0.4993753328125 0.466287 0.506468 0.45565300000000003 0.504193 0.45177375 0.49701116718750005 0.46227425
9 0.5469943328125 0.489182 0.5447575 0.48267249999999995 0.5431215 0.4838445 0.5446863328125 0.49023775 0.5456643328124999 0.4918215 0.5469943328125 0.489182
9 0.5493806671875 0.48255400000000004 0.5456251671875 0.48454825 0.545586 0.48701175 0.5491068328125001 0.48542825 0.5493806671875 0.48255400000000004
9 0.5555618328125 0.48583875 0.5541968328125 0.48135199999999995 0.5527059999999999 0.48378575 0.5523148328125 0.4868945 0.5532536671875 0.488185 0.5555618328125 0.48583875
10 0.0748935 0.690725 0.0741905 0.69959175 0.0781126671875 0.7041815 0.08107816718750001 0.692707 0.0748935 0.690725
10 0.07639066718750001 0.7446287500000001 0.07591233281250001 0.69873125 0.06778100000000001 0.70030875 0.064624 0.7424772500000001 0.0676853328125 0.74649325 0.07639066718750001 0.7446287500000001
10 0.0646193328125 0.7661455 0.0457735 0.74018475 0.040512 0.740328 0.0361113328125 0.72326 0.030658499999999998 0.7251245 0.0319978328125 0.742336 0.0185091671875 0.7615557500000001 0.0223358328125 0.773317 0.0327631671875 0.7558185 0.036494 0.756679 0.029415000000000004 0.77761975 0.035824499999999995 0.7781935 0.037641999999999995 0.7678665 0.0417555 0.7555315 0.058592500000000006 0.76858375 0.064715 0.76958775 0.0646193328125 0.7661455
10 0.0124768328125 0.80839525 0.0238608328125 0.775263 0.0138633328125 0.77592975 0.013767667187499999 0.764025 0.023716832812499998 0.75828775 0.0308915 0.744662 0.026012667187499998 0.7350522500000001 0.0184551671875 0.739355 0.0193161671875 0.724295 0.0141503328125 0.720996 0.011983832812500001 0.7219405 0.0053976671875 0.7323850000000001 0.0007101671875 0.741421 0 0.815997 0.0124768328125 0.80839525
10 0.10002 0.66207525 0.1090123328125 0.65590775 0.1035595 0.642999 0.0995416671875 0.64744525 0.0951411671875 0.6451505 0.0931321671875 0.6451505 0.0958106671875 0.6561945 0.10002 0.66207525
15 0.0575216671875 0.63812225 0.0563736671875 0.6431425 0.10018783281250002 0.6414212499999999 0.0992311671875 0.636688 0.0575216671875 0.63812225
15 0.0182031671875 0.6395959999999999 0.0180046671875 0.64472025 0.0309193328125 0.6441465 0.031110667187500003 0.63812225 0.0182031671875 0.6395959999999999
15 0.0116415 0.6573495 0.0135548328125 0.6628000000000001 0.0302003328125 0.64788325 0.028574 0.64372375 0.0116415 0.6573495
10 0.036944 0.62536125 0.0403878328125 0.62005425 0.045075500000000004 0.61288275 0.0414401671875 0.59767925 0.0262296671875 0.6005477499999999 0.0139846671875 0.61618175 0.0195331671875 0.5961015 0.0096798328125 0.592946 0.0084361671875 0.609297 0.004226832812499999 0.6184765 0.002505 0.63310625 0.0063314999999999995 0.635975 0 0.64831 0.000024 0.65897125 0.01475 0.63855675 0.0197245 0.634971 0.0298648328125 0.6322457499999999 0.036944 0.62536125
10 0.0303431671875 0.6622225 0.0377093328125 0.6636569999999999 0.0393723328125 0.6634562500000001 0.035796 0.6270822500000001 0.0302475 0.63038125 0.0303431671875 0.6622225
