9 1 0.41473115 0.9841514734375 0.4135346421875 0.439067896875 0.27090338125 0.41498577656249996 0.262977725 0.3508281765625 0.272922784375 0.308047971875 0.29148509843750003 0.27292626875 0.318456221875 0.2278368640625 0.34817656874999997 0.186363240625 0.42692204062499994 0.181120928125 0.48144276875 0.213351734375 0.53168770625 0.2317325484375 0.543432928125 0.4657521171875 0.6659928374999999 0.66931464375 0.7880527234375 0.7447979078125 0.7217683796875 0.8340634874999999 0.71701661875 0.9229343640625001 0.6184827046875 0.996664909375 0.5330956765625 1 0.523169546875 1 0.41473115
11 0.6384953062500001 0.3273857875 0.6355057546875 0.30720706249999996 0.6190043515625 0.3062566953125 0.6068508984375 0.32025954687499997 0.6172070140625 0.32215906875 0.6384953062500001 0.3273857875
5 0.6277284171875 0.28412011718749997 0.6268397125 0.29962071562500003 0.655463846875 0.2934189375 0.6534806953125 0.2853873375 0.6277284171875 0.28412011718749997
10 0.7904543859375 0.15775101875 0.8155970484375 0.163959971875 0.8775930203125 0.121332653125 0.8834291796875 0.11428693906250001 0.8613134765625 0.05954865625 0.8301960015625 0.0580420046875 0.7904543859375 0.15775101875
9 0.6473669890625 0 0.605146665625 0.0587340296875 0.6057557515624999 0.09425290625 0.7295577765625 0.0145307484375 0.7516487765625001 0 0.7034200046875 0 0.69953018125 0.004233935937500001 0.66044639375 0.011538026562500001 0.6541271140625 0 0.6473669890625 0
10 0.47689865468750003 0 0.45652944375000004 0.020983234375 0.425838765625 0.0009599750000000001 0.3797865921875 0.0158817421875 0.35651686875 0.0263885625 0.3472402109375 0.0224515890625 0.2495975015625 0.06190180468749999 0.2439206046875 0.0906377046875 0.20408833125 0.1185209984375 0.20418824062500002 0.160115028125 0.21986628593750002 0.1806775703125 0.22737795312500003 0.2004862296875 0.21471585312500002 0.2579212140625 0.24020032656249998 0.23951876093750002 0.282336753125 0.2051777484375 0.3054005453125 0.2087551921875 0.32991197968749997 0.190377646875 0.38597256875 0.183202228125 0.437631646875 0.15054059687500002 0.49775073281250004 0.11814485156250001 0.5502540984375 0.09730034062500001 0.5501909109375 0.07890383749999999 0.5053810984375 0.085954615625 0.47737649062500004 0.084742184375 0.477313953125 0.06634541875 0.49839475 0.0467746640625 0.518568515625 0.0091483390625 0.49035709218749995 0 0.47689865468750003 0
10 0.503003446875 0 0.5016213890625 0.01854685625 0.504625975 0.06854684531250001 0.508591778125 0.10268395 0.5152215796874999 0.0996365421875 0.5043734671875 0.0192772046875 0.50739476875 0 0.503003446875 0
9 0.380233965625 0.2170153546875 0.3904669328125 0.18042207187499998 0.3655467421875 0.1806632 0.3271052859375 0.19559903437499998 0.31339788281250003 0.20590194374999998 0.2869781671875 0.20734501249999998 0.16483376249999998 0.2873663109375 0.1996861640625 0.2723917390625 0.3002879875 0.260929478125 0.3137048734375 0.2656337484375 0.3245037515625 0.2844978546875 0.35540390781250003 0.2735027609375 0.3946929625 0.26656237968749996 0.4288089140625 0.276304109375 0.44945847343749995 0.24681777343750003 0.4286471265625 0.2188963015625 0.39232592187500004 0.23416654375 0.380233965625 0.2170153546875
9 0.69261834375 0.170909228125 0.669716790625 0.151574065625 0.6263932546875 0.14853063125 0.58929763125 0.14714019218750002 0.5609379234375 0.146730396875 0.4963541171875 0.1746105203125 0.469641371875 0.23036920468750002 0.4304432375 0.2640737 0.471986575 0.27647261562500003 0.497092225 0.29045026875 0.5270411625 0.2712032546875 0.5664668453124999 0.2341308734375 0.575146178125 0.23300685937500001 0.5811243078125 0.2517343421875 0.6027548453125 0.24924860781249997 0.6153346265625 0.2391035234375 0.6728675015625 0.22325959687500002 0.6840610234375 0.20771879062499998 0.69261834375 0.170909228125
10 0.24280518125 0.338156353125 0.2893688890625 0.2990938765625 0.3284108453125 0.2797467578125 0.3066678328125 0.25934799218750004 0.20125462500000002 0.273647465625 0.132120053125 0.30009083593749997 0.10308004374999999 0.34517594375 0.09814354374999999 0.38111869062500003 0.08411450781249999 0.4073340703125 0.09310342656250001 0.4168049734375 0.1069739703125 0.4442558984375 0.1229759109375 0.46518706718749997 0.1382748046875 0.480447046875 0.181514975 0.47935492812499997 0.179810046875 0.45056248906249996 0.19186434531250002 0.40668201093749995 0.212380240625 0.3680184890625 0.24280518125 0.338156353125
9 0.2094657734375 0.5288970015625 0.1828627171875 0.47681187812500003 0.14663955 0.4855480046875 0.12453706406250001 0.5152662046875001 0.091110415625 0.5671867203125001 0.1234173390625 0.5577070187500001 0.1932147015625 0.52504005625 0.2094657734375 0.5288970015625
10 0.22777875781249998 0.7875069078125 0.177864434375 0.8163098375000001 0.1898218796875 0.824283615625 0.265412590625 0.78629836875 0.2969865109375 0.7523983046875 0.4364171609375 0.6591387734375 0.39530957031249997 0.6242299515624999 0.3263339703125 0.58717954375 0.31583398749999997 0.5857637671875 0.33925148906249997 0.6260332765625 0.327312634375 0.65348906875 0.2814909859375 0.739600434375 0.22777875781249998 0.7875069078125
10 0.17623317968750002 0.8122723359374999 0.23715457812500002 0.7831914953125 0.27857754218749997 0.730422925 0.3041408015625 0.6983563703125 0.3361825203125 0.631212884375 0.3377772859375 0.5978119000000001 0.28545492656250004 0.564631540625 0.24737764843750001 0.5460674859375 0.198985696875 0.5226152296875 0.1853658953125 0.5224195953125 0.15634873124999998 0.5340466890625 0.074132109375 0.5900334890625001 0.030469109374999997 0.6313602015625001 0.020894704687499998 0.648906365625 0.084825621875 0.8071409375 0.121241078125 0.8157298781250001 0.17623317968750002 0.8122723359374999
9 0.9241178359375001 0.700024334375 0.9699374125 0.6861727921874999 0.940517275 0.6455202250000001 0.9033379015625 0.64908521875 0.8985411828125001 0.6311260140625 0.8413863265625 0.6728605890625 0.8484501671875 0.6903442078124999 0.880638659375 0.7014903218749999 0.9241178359375001 0.700024334375
10 0.7407960296875 0.31227939375 0.752654528125 0.3032491203125 0.7402710359375 0.3009844828125 0.7373640515625 0.292589684375 0.7275718875 0.295940221875 0.7254126546874999 0.306987659375 0.7300450984375 0.319651246875 0.72895041875 0.32493897656250004 0.72818441875 0.33263739062500003 0.734895040625 0.343249834375 0.745300759375 0.34461789062500003 0.7595617031249999 0.3387350578125 0.745751428125 0.338137346875 0.7366171078125 0.3263232046875 0.7407960296875 0.31227939375
