10 0.203189940625 0.6176699218749999 0.18822265625 0.6152272140624999 0.1530942375 0.60912109375 0.12224267656250001 0.577775390625 0.0806997078125 0.6115631515625 0.0574848625 0.6563424484375 0.050764648437500004 0.6905377609375 0.036713378125 0.7442727859375 0.0037236328125 0.7507858078125 0.018080078125 0.7853880203125 0.0446552734375 0.7906803390625 0.07611816406250001 0.766662109375 0.0629829109375 0.7491575515625 0.09994384687499999 0.6575638015624999 0.1356831046875 0.6490149734374999 0.19127734375 0.6575638015624999 0.203189940625 0.6176699218749999
2 0.0855874015625 0.8012643234375 0.076729003125 0.8491419265625 0.0831435546875 0.8576907546875001 0.099638671875 0.8605403640624999 0.1033042 0.8479205734375 0.10819140625000001 0.8267526046875 0.1317119140625 0.7978496093749999 0.149734375 0.7249817703125 0.146068846875 0.7009635421875 0.1359887703125 0.6936360671874999 0.11888281249999999 0.6895651046875 0.1066640625 0.699900390625 0.0975004890625 0.7296178390625 0.0861982421875 0.7686979171874999 0.0825327140625 0.7919016921875001 0.0855874015625 0.8012643234375
9 0.6224877921874999 0.6482890625 0.3377973640625 0.6311914062499999 0.33352099687500003 0.64258984375 0.574225096875 0.6552096359374999 0.6169897468750001 0.6605013015625001 0.6224877921874999 0.6482890625
9 0.5682744140625 0.3567571609375 0.5682744140625 0.3517688796875 0.46250292968749995 0.347263671875 0.4510327140625 0.3459759109375 0.44475390625 0.351447265625 0.4451162109375 0.3601360671875 0.4703515625 0.3535390625 0.5682744140625 0.3567571609375
12 0.555958496875 0.34313737031249997 0.571413575 0.3370227859375 0.58880078125 0.3469993484375 0.613552734375 0.3347701828125 0.6193486328125 0.3128860671875 0.6186240234375 0.30805859375 0.574552734375 0.2961510421875 0.53760546875 0.296794921875 0.4859375 0.29328515624999996 0.48435742187499997 0.3236673171875 0.486893065625 0.3341263015625 0.5173203125 0.3447467453125 0.555958496875 0.34313737031249997
10 0.3917592765625 0.2614049484375 0.388376953125 0.25869987031249997 0.38344775468750003 0.2669427078125 0.38441455 0.27415559843750004 0.3892465828125 0.27673112031249997 0.3917592765625 0.2614049484375
10 0.562689453125 0.3914401046875 0.567908203125 0.378431640625 0.5394951171875 0.3779166671875 0.5389150390624999 0.37237825468749997 0.4899169921875 0.37170377656250003 0.47087841875 0.3963033859375 0.544810546875 0.41269075468749994 0.5476132812500001 0.40638020781249995 0.562689453125 0.3914401046875
10 0.49026122968749997 0.4672018234375 0.49225390625000004 0.48722200468750004 0.4983852546875 0.4888561203125 0.4974653328125 0.4661803390625 0.49026122968749997 0.4672018234375
12 0.7688120125 0.3831751296875 0.7764243171875 0.39953580781250003 0.7861928703125 0.4048854171875 0.793134765625 0.4127389328125 0.796630859375 0.421462890625 0.81984814375 0.41691536406249996 0.8553544921875 0.40488476562500003 0.875857421875 0.3917408859375 0.8644360359375 0.3707643234375 0.851586425 0.3589186203125 0.8354521484375 0.35338216093749997 0.827040528125 0.35774283906250004 0.815350096875 0.366755859375 0.8016308593750001 0.3721634109375 0.789650878125 0.3693307296875 0.7814384765625 0.3637942703125 0.77651123125 0.366369140625 0.761853515625 0.3512532546875 0.7412456046875 0.3558899734375 0.7516166984375 0.36266666718749996 0.7620541984375 0.3763092453125 0.7688120125 0.3831751296875
9 0.7686567390625 0.4911673171875 0.788654784375 0.49659049531250005 0.8193500984375 0.49318164062500003 0.84155859375 0.5039140625 0.8638017578125 0.5039563796875 0.86787109375 0.49403971406249997 0.8682197265625 0.4783899734375 0.8664760749999999 0.4661490890625 0.8371762687500001 0.4596412765625 0.83229296875 0.46057096406250003 0.8027602546875 0.4582467453125 0.77194921875 0.4596412765625 0.746224121875 0.4632760421875 0.69494189375 0.4742779953125 0.7121499015625 0.48760351562500004 0.739240721875 0.4938014328125 0.7686567390625 0.4911673171875
10 0.0442114265625 0.47607421875 0.04346875 0.4636048171875 0.03544873125 0.4558854171875 0.0240126953125 0.4849817703125 0.0241611328125 0.5041809890625 0.040201171875000004 0.4905234375 0.0442114265625 0.47607421875
11 0.324393065625 0.478251953125 0.3653852546875 0.5006184890625 0.3830590828125 0.50437890625 0.38142529375 0.48973177031250004 0.36820703125 0.48478385468749996 0.350681153125 0.465583984375 0.330482421875 0.44678059843750006 0.29879345625 0.426119140625 0.2943916015625 0.4299563796875 0.29869873125 0.4428216140625 0.309392090625 0.45727083281249997 0.324393065625 0.478251953125
7 0.8374399421875 0.918521484375 0.8431928718749999 0.9281048171874999 0.8795595703125001 0.9478196609375 0.886134278125 0.9209856765625 0.8787373046875 0.9051041671875 0.872779296875 0.9053782546875 0.8577802734375 0.8790917968749999 0.8357958984374999 0.8596510421874999 0.8294267578125 0.8722467453125 0.8376450203125 0.8826516921875 0.8386723640625 0.8985325515625 0.8374399421875 0.918521484375
9 0.8080229484375 0.2907890625 0.79841796875 0.28751106718749997 0.7851826171875 0.288759765625 0.7824887703125001 0.276740234375 0.7681987296874999 0.272994140625 0.7207612296875 0.2765846359375 0.708813965625 0.280798828125 0.707876953125 0.2904772140625 0.7664418937499999 0.29000846406249997 0.7771005859375 0.3017161453125 0.8080229484375 0.2907890625
12 0.9365356437499999 0.1735397140625 0.9551591796875 0.17213476562500002 0.9517626953124999 0.1615201828125 0.9411035156249999 0.1580859375 0.9114697265625 0.155900390625 0.9036220703125 0.16058333281249998 0.89108935625 0.1716666671875 0.917677734375 0.1886809890625 0.9535195312500001 0.19149088593750002 0.9573847656250001 0.1833736984375 0.9365356437499999 0.1735397140625
