2 0.935622865625 0.4104405953125 0.958209040625 0.361837659375 0.951048096875 0.3425018453125 0.95187980625 0.329679496875 0.9414904515625 0.323545075 0.9053853484375001 0.40048545 0.935622865625 0.4104405953125
2 0.834089696875 0.5703969296875 0.8511985890625 0.6266403984375 0.86287689375 0.6125126359374999 0.8554495203125001 0.568377234375 0.834089696875 0.5703969296875
2 0.616374575 0.861341878125 0.675862303125 0.9137491296875 0.7038576296875 0.9044088765625 0.70515208125 0.887162040625 0.69879275625 0.8852387703125 0.6830622281250001 0.8771807062500001 0.6760782609375 0.8609060109375 0.6470143421875 0.8454434578125 0.624516421875 0.8404040359374999 0.616374575 0.861341878125
2 0.5373308625 1 0.53437351875 0.9974507140625001 0.5227662703125 0.9772191625 0.4860837078125 0.9798959796875 0.484875875 1 0.5373308625 1
2 0.4680508234375 1 0.43232276562500005 0.946398675 0.4251405734375 0.9442149296875 0.4178145515625 0.9361952125 0.40616452968749994 0.9415526390625001 0.41361240312499997 0.9503346671875 0.4125953875 0.9586971046875 0.4366270265625 1 0.4680508234375 1
2 0.5093224140625 0.9281512031249999 0.49965761249999996 0.9029256640625001 0.42619835000000006 0.8879839921875 0.412264934375 0.89741294375 0.40461008437499996 0.9070215578124999 0.41665832968750005 0.9275735140625001 0.43634607968749994 0.9445745515624999 0.46487978906249994 0.9619337124999999 0.4978752109375 0.9643318078125 0.5093224140625 0.9281512031249999
2 0.530685840625 0.9377393218750001 0.533148325 0.9311008609375 0.5125255390625 0.8958906125 0.4640365125 0.8512225578124999 0.4474520875 0.8550172375 0.43588911250000006 0.8695392500000001 0.45245257031249997 0.8926979171875 0.5046100421874999 0.9063210078124999 0.505939984375 0.943019821875 0.519561975 0.9488721625000001 0.5296346484375001 0.9545044921875 0.53803349375 0.94712231875 0.530685840625 0.9377393218750001
2 0.4688506140625 0.8555054859375 0.4993177140625 0.8850575375 0.5044656468750001 0.8793148000000001 0.4992099109375 0.8462122390625 0.4947808734375 0.792428025 0.480456153125 0.7870772359375 0.4635110328125 0.79229575 0.4628592859375 0.80665504375 0.46389436875 0.8242622000000001 0.46725565468749997 0.8405250171875001 0.4666143921875 0.8414076390625 0.4688506140625 0.8555054859375
2 0.4363913734375 0.8565313703124999 0.43468634218749996 0.8556290015625001 0.4342472328125 0.8590181749999999 0.4654878953125 0.8466570718750001 0.4624524859375 0.7923503968750001 0.48972669843750005 0.7882321125 0.48759321250000004 0.7772433296875 0.47287219062499997 0.778008903125 0.449195534375 0.780883778125 0.442985525 0.7922159125 0.4357083890625 0.8546866265625 0.4363913734375 0.8565313703124999
2 0.5596985125 0.8502470875 0.58102085 0.8529291265625 0.590959721875 0.839249440625 0.5796266671875 0.8234520265624999 0.57971505625 0.821303625 0.556949765625 0.8206076437500001 0.554435075 0.8379954140624999 0.5596985125 0.8502470875
2 0.50849184375 0.796887875 0.4951026140625 0.8097456656249999 0.4954838578125 0.8096852828125 0.5073853015625 0.8206918671875 0.5380102796874999 0.817996903125 0.5298563609375 0.8022966468750001 0.50849184375 0.796887875
10 0.493035796875 0.7948193359375 0.5314263625 0.7967542875 0.524360784375 0.6842117265625001 0.462374896875 0.68894105625 0.46134739687500004 0.7107801671875 0.46817354062499994 0.7784407859375 0.48610401718749996 0.7769725953125 0.493035796875 0.7948193359375
2 0.70502540625 0.907296921875 0.72129194375 0.9076532703125 0.7417738390624999 0.91242078125 0.7594356624999999 0.9006449062499999 0.736244890625 0.8935719109375 0.7401683609374999 0.8826008171874999 0.710760034375 0.875729859375 0.699254928125 0.8869230828125 0.70351200625 0.8940616078125 0.70502540625 0.907296921875
2 0.15085629218750002 0.661264696875 0.07842716718750001 0.6984538265625 0.08110738437500001 0.7100580187500001 0.09129261718750001 0.73194385625 0.1661915546875 0.6926861984375 0.17474294375 0.6795853421875 0.1692743390625 0.6645058203125 0.15085629218750002 0.661264696875
2 0.140552365625 0.7991192890625001 0.1531735828125 0.8116686234375001 0.19097291562500002 0.7995369015625 0.1703535515625 0.76634471875 0.10457904375 0.7927804125 0.12308408125 0.796567246875 0.140552365625 0.7991192890625001
2 0.1401427234375 0.74715575625 0.128617178125 0.780307496875 0.1577100171875 0.7661955984375 0.16201216093749998 0.7512252921875 0.1401427234375 0.74715575625
2 0.1535054390625 0.7520354046875 0.16619069375 0.7332460953125 0.10534964843750001 0.7269684375 0.099886 0.7367388265625 0.12063739531249999 0.749401134375 0.1535054390625 0.7520354046875
2 0.216033134375 0.8119281609375 0.2143463578125 0.8242234609375 0.2501234328125 0.8381456609375 0.24473315 0.81276640625 0.216033134375 0.8119281609375
16 0.23293903125 0.8093301374999999 0.25558949062499997 0.7753789249999999 0.256301978125 0.765142978125 0.2264857078125 0.7293663312499999 0.1973007046875 0.7098423140625 0.1805061109375 0.7107459171875 0.1587678328125 0.733261590625 0.1589191828125 0.750174771875 0.16110925625 0.7652079515625 0.177008390625 0.769701459375 0.1916437765625 0.79814521875 0.1658005515625 0.8119662249999999 0.2136115296875 0.8188106656249999 0.23293903125 0.8093301374999999
2 0.3594164484375 0.5207431062500001 0.3710551546875 0.5119258890625 0.36387347812500004 0.5010073796875 0.34419738906249997 0.49525380625000004 0.33862727187499997 0.5113290265625 0.3594164484375 0.5207431062500001
16 0.7152079171875 0.8616199609375 0.700961090625 0.8551300640624999 0.68084236875 0.8731543796875 0.7035494203125 0.882983403125 0.7152079171875 0.8616199609375
2 0.5739385328125 0.8641455609375001 0.5997015625000001 0.8547847640624999 0.6241190609375 0.8612938124999999 0.6213083046875 0.8448619624999999 0.5961363375000001 0.833592903125 0.566772321875 0.8599924484375 0.5739385328125 0.8641455609375001
2 0.18830840937499999 0.6921738453125 0.1901189359375 0.7069898984375 0.2233304859375 0.7276275640625001 0.23708904999999997 0.714437378125 0.2197228015625 0.698937503125 0.2047310328125 0.68944193125 0.18830840937499999 0.6921738453125
2 0.207322278125 0.69132458125 0.21968319531249997 0.7012357265625 0.21906781406250003 0.693107896875 0.20866719531250003 0.6734473578125 0.1966962203125 0.6668452921875 0.191082615625 0.6595074328125 0.1862105671875 0.6636493734375 0.1885837265625 0.6709599109375 0.19388731406249998 0.6899430093750001 0.207322278125 0.69132458125
16 0.2526405625 0.715171965625 0.25433333281250003 0.7003416031249999 0.24694483906250003 0.6903176265625001 0.23532573124999998 0.711437675 0.2526405625 0.715171965625
16 0.1573068671875 0.6438135859375 0.1637232515625 0.6689579515624999 0.18162321406249998 0.6593850906250001 0.1756299046875 0.644556796875 0.1573068671875 0.6438135859375
16 0.189273665625 0.70590960625 0.18713241875 0.69411260625 0.195301003125 0.6912027203125 0.18551367968750002 0.665611346875 0.18307807812500002 0.660908278125 0.1733707390625 0.6617688187499999 0.167645859375 0.674135853125 0.16826500312499998 0.6873875453125 0.1546579765625 0.6968210296875 0.1566950875 0.6994650578125 0.162790715625 0.7013332265625001 0.175118040625 0.704238009375 0.189273665625 0.70590960625
16 0.176589840625 0.7092635234375 0.163966075 0.6993940078125 0.16692216875000002 0.71644471875 0.176589840625 0.7092635234375
16 0.15367206718749998 0.7345112609375 0.16397024531249998 0.7300209578125 0.1637103546875 0.7151992453125 0.1492751265625 0.7047114375 0.1441182953125 0.7034349953125 0.1149122875 0.7206038625 0.11442212968750001 0.7307004921875 0.15367206718749998 0.7345112609375
2 0.44557179218750004 0.691414796875 0.462058025 0.6553696812500001 0.4653660828125 0.6323760609375 0.467883065625 0.6274419453125 0.4582147890625 0.6218708234375 0.45644723593750003 0.62843651875 0.44053872343749995 0.6461998390625 0.4395538359375 0.6526421296875 0.4263954703125 0.674250921875 0.44557179218750004 0.691414796875
2 0.401269365625 0.6643223765624999 0.42287187031249995 0.67401403125 0.42322699375 0.6718133625 0.44016403437499996 0.6524385953125 0.43928974375 0.5801989078124999 0.43581210156249994 0.577672253125 0.39337685 0.5766250953125 0.38801724531250004 0.6313751390625 0.39032631093750003 0.6526779968749999 0.401269365625 0.6643223765624999
16 0.3326902359375 0.5109015390625 0.3398276640625 0.5047078609375 0.3392607734375 0.4970795078125 0.33085100624999997 0.4906916734375 0.3192300734375 0.48585681562499994 0.312824934375 0.4885581015625 0.31229354374999996 0.49635929218749997 0.32514232656250003 0.509442090625 0.3273234015625 0.511026734375 0.3326902359375 0.5109015390625
