2 0.0926479484375 0.5860549453125 0.07986425781249999 0.5836197796875 0.0663676765625 0.5929179484375 0.11343652343749999 0.618940659375 0.12156201250000001 0.61195970625 0.109990234375 0.5978857140625 0.0926479484375 0.5860549453125
12 0.1842890625 0.6381216125 0.1880439453125 0.6555787546875 0.28605175781250003 0.7085142859375 0.370916503125 0.6308007328125 0.37992871093749997 0.5530871796875 0.3205986328125 0.45847985312499995 0.28492529375000003 0.43088571406250004 0.2657744140625 0.435391209375 0.2244682625 0.42131282031249995 0.18691748125000002 0.44158534843749997 0.16513818281249998 0.48100512812499996 0.1639365234375 0.5108073265625 0.167015625 0.55871868125 0.1876684578125 0.5801179484375 0.1842890625 0.6381216125
10 0.12313671875000001 0.5839128203125 0.117265625 0.5787450546875 0.0987583015625 0.58908131875 0.109990234375 0.5986512828125 0.12454052812500001 0.5917604390625 0.12313671875000001 0.5839128203125
7 0.05689404375 0.551374359375 0.048447428125000004 0.5557654734375 0.0479594734375 0.5883157515625 0.0623823234375 0.5904205124999999 0.076677734375 0.5839128203125 0.0824213875 0.566686446875 0.0746352546875 0.5492688640625001 0.05689404375 0.551374359375
12 0.46691259687500003 0.8384805859375 0.6062421875 0.8778109890625 0.7335512703125 0.8556871796875001 0.8231591796875 0.8343831500000001 0.9165917968749999 0.789317215625 0.9193237312500001 0.7278637359375 0.8739731453124999 0.751625640625 0.8351796874999999 0.7385157515625 0.7674272453125 0.6967267406250001 0.659788575 0.6639516484375 0.60132470625 0.6582153843749999 0.4160981453125 0.7762073265625 0.43194335937500006 0.8179956046875001 0.46691259687500003 0.8384805859375
2 0.343853515625 0.7775150187500001 0.368103028125 0.7960688640625 0.3938374015625 0.8127677656250001 0.40051855468750003 0.7908739921875 0.4247685546875 0.76489816875 0.411653809375 0.754508425 0.400271484375 0.7507978015625 0.36711328125 0.735954578125 0.359689940625 0.7378095234375001 0.35003955000000003 0.7459736265625 0.3431108390625 0.746344321875 0.33939941406249996 0.7593326 0.343853515625 0.7775150187500001
9 0.4319379890625 0.6560344328125 0.41016308593749995 0.6653120875 0.3688393546875 0.7373010984375 0.41783349531249997 0.7573399265625 0.4284741203125 0.76364761875 0.5066674796874999 0.713180953125 0.4319379890625 0.6560344328125
12 0.335509765625 0.7851706953125 0.366193359375 0.7996424906249999 0.34367578125 0.7744095234375 0.338974121875 0.7543706953125 0.355553221875 0.736188278125 0.40776464843750004 0.6697648359375 0.4320146484375 0.6556637359375 0.5121875 0.71429450625 0.561353028125 0.683123809375 0.5494755859375 0.66939340625 0.5348764640625 0.6775575093749999 0.5220087890625 0.6712490843750001 0.47177734375 0.652323809375 0.4925629890625 0.647499634375 0.48266503906249997 0.629317215625 0.4146167 0.588127471875 0.36042578125 0.6500974359375 0.32627832031250004 0.6738468859375 0.295100096875 0.6898029296875 0.2856967765625 0.7246842484375 0.2985639640625 0.76105055 0.297650390625 0.764019046875 0.29888769531250003 0.7603084250000001 0.335509765625 0.7851706953125
4 0.5426298828125 0.6659816843749999 0.537186034375 0.6407487171875 0.5324848640625001 0.6359245421875 0.5218442390625 0.6329560437499999 0.47334472656250004 0.6526227109375 0.5082348624999999 0.661157509375 0.5337216796875001 0.6811963375000001 0.5426298828125 0.6659816843749999
4 0.4604775390625 0.5925076921875 0.4708701171875 0.5980739921875 0.5065024421875 0.5598527468750001 0.5062553703125 0.553544321875 0.5055126953125 0.5461230765625 0.504275878125 0.5338776562499999 0.49561523437500005 0.5264556781249999 0.4839848640625 0.5286820515625 0.4416713875 0.57840659375 0.4409291984375 0.584344321875 0.44909472656249994 0.5984454218749999 0.4604775390625 0.5925076921875
4 0.4948725578125 0.5735831499999999 0.5173901359374999 0.5939919406249999 0.5302578125 0.6043824171875001 0.540650390625 0.600300365625 0.5483212890625 0.5913948718750001 0.5465893546875 0.5739538468750001 0.5416401375000001 0.5650483515625 0.514173340625 0.553544321875 0.5098735343749999 0.5533487171875 0.5062553703125 0.5498337 0.5074926765625001 0.5579978015625 0.4948725578125 0.5735831499999999
2 0.45497119062499997 0.6094871796875 0.48367529375 0.6272989015625 0.4886240234375 0.6384315015625 0.504213378125 0.640286446875 0.5220297859375 0.6317516484375 0.5306904296875 0.635091575 0.5475166015624999 0.6436263734375001 0.5655805671875 0.64548131875 0.5593940421875 0.6217326 0.546279296875 0.6143113546875 0.50099658125 0.5990967031250001 0.4960478515625 0.6020652015625 0.4589306640625 0.5916754578125001 0.45645605468749995 0.5976124546875 0.45497119062499997 0.6094871796875
10 0.52476904375 0.5605040296875 0.539368653125 0.5664417578125 0.551740721875 0.5590197796874999 0.5537202156250001 0.575347253125 0.544069825 0.59798315 0.5344194328125 0.6072600734375 0.56188623125 0.624330403125 0.5670825203125001 0.6436263734375001 0.5363989265625 0.6451106234374999 0.5443173828125001 0.670344321875 0.560896484375 0.6859296703125 0.6143447265625 0.6562432234375 0.6987246093749999 0.676652746875 0.704416015625 0.5671838828125 0.7207475578125 0.5289626375 0.6989721671875 0.5360131875 0.69625 0.499276190625 0.6707631828125 0.5022446890625 0.6296865234375 0.5233963375 0.618056640625 0.5508564109375 0.5824243171875 0.5345289375 0.5564423828125 0.5553091578125 0.5203149406249999 0.5152329671875 0.5057158203125 0.5107794875 0.50621045 0.5122637359375 0.49284814375 0.5263648359374999 0.5069526359375 0.5460322343749999 0.5086850593750001 0.5527113546875 0.52476904375 0.5605040296875
4 0.550005371875 0.5576278390625 0.5373857421875 0.559482784375 0.5505004875 0.5865721609375 0.55396484375 0.5795216125 0.550005371875 0.5576278390625
