16 1 0.4430321984375 0.9559222984375 0.252110696875 0.900235675 0.16314667031250002 0.850504115625 0.16823469687499998 0.363855509375 0.5030354640625 0.315870103125 0.5329122374999999 0.453704359375 1 0.5569678015624999 1 0.5866259109375 0.9931528859375 1 0.79642401875 1 0.4430321984375
2 0.3417716359375 0.7607540187499999 0.3350402546875 0.68376160625 0.325708796875 0.594930196875 0.300142259375 0.57641754375 0.284419215625 0.57584586875 0.2629732484375 0.5991414671874999 0.256407934375 0.7474077921875 0.2735336796875 0.7852782265625 0.2838910359375 0.8349836390625001 0.31567878125000004 0.854060528125 0.333072565625 0.8228960031250001 0.3296934046875 0.78405303125 0.3417716359375 0.7607540187499999
2 0.3168853640625 0.5337616859375001 0.321526271875 0.5274732015625 0.3126597484375 0.5244749828125 0.3041492859375 0.521050125 0.2820002546875 0.4962515328125 0.159150515625 0.47244083750000004 0.1456002890625 0.4780042953125 0.1346497296875 0.49827116406250005 0.13571888125 0.5258496125 0.1435385515625 0.534478390625 0.2624470796875 0.5400692984375 0.30131511093749996 0.5363129515625 0.3168853640625 0.5337616859375001
2 0.47093698125000005 0.4273002234375 0.5207931718750001 0.397458825 0.5112020765625 0.355915228125 0.49654530625 0.3255934734375 0.474919684375 0.31580347343750004 0.43606103125000006 0.30939957812499996 0.29102583125 0.3795459734375 0.25075868749999997 0.43141766875 0.2369601296875 0.43992532500000003 0.2328038046875 0.47459042656249995 0.25923589687500004 0.47203584374999996 0.287522246875 0.4950715359375 0.3135926703125 0.502653565625 0.3694225921875 0.48503310624999996 0.47093698125000005 0.4273002234375
2 0.6248305390625 0.277838121875 0.6334703968750001 0.23918184999999997 0.6207949921875 0.19598438125 0.5901259765625 0.197742871875 0.5714410812499999 0.183134528125 0.5169051390625 0.1868553859375 0.41642533281249994 0.21005297656250002 0.38780511875 0.22848707343750002 0.37535613125 0.26624926875 0.3971260859375 0.302024309375 0.4178582984375 0.3137948296875 0.46731484375 0.31538606874999997 0.5885401921875 0.309869609375 0.604229328125 0.28614203437499997 0.6248305390625 0.277838121875
2 0.657232596875 0.14806016718749998 0.6336064890625 0.11572025625 0.6019445828125 0.0726361203125 0.5282358515625 0.0399232453125 0.506340015625 0.0303907828125 0.4942966875 0.05041078125 0.5117072625 0.112698253125 0.554962615625 0.149126571875 0.605480775 0.15138861718750002 0.6384191046875001 0.16500226406250001 0.657232596875 0.14806016718749998
2 0.4512038890625 0.18752950156249998 0.46780954531249996 0.1697714796875 0.44920954999999996 0.13295515156249998 0.44169164062500005 0.1444764515625 0.43944659374999995 0.1431660734375 0.378322603125 0.1387116625 0.37514315 0.175252046875 0.3565780203125 0.21733257187500002 0.350129390625 0.2506492234375 0.43493235468749997 0.2045479515625 0.4512038890625 0.18752950156249998
2 0.46805833281250003 0.149224503125 0.465576046875 0.183085603125 0.47466014687499997 0.189830915625 0.55374376875 0.1840558359375 0.55154249375 0.1590774875 0.49302650000000003 0.1080907546875 0.46805833281250003 0.149224503125
2 0.28435631093749997 0.2509301765625 0.37494393125 0.140553759375 0.38901761874999996 0.12430085312500001 0.3565558609375 0.0797826140625 0.275860790625 0.1883953078125 0.2720906765625 0.21839330625 0.2647179171875 0.2362193 0.2769139953125 0.2547289703125 0.28435631093749997 0.2509301765625
2 0.277694765625 0.3233973921875 0.2859782265625 0.29235740625 0.262942425 0.256065228125 0.22236168125 0.31536683593750003 0.17126213125 0.38229762031250003 0.17704317812499998 0.42621441875 0.18098785 0.4398679078125 0.213844628125 0.426040528125 0.22928578593750001 0.39854955312499996 0.22628468124999998 0.3529506546875 0.277694765625 0.3233973921875
2 0.276947896875 0.3922272328125 0.3373723515625 0.35539134375 0.3435470453125 0.32379790625 0.32454422968749996 0.287605609375 0.323257853125 0.287391771875 0.2898666890625 0.3143454875 0.22786905468750002 0.3546654703125 0.2307216921875 0.40133894375 0.243567928125 0.424379859375 0.276947896875 0.3922272328125
1 0.0769910125 0.43928426875 0.0872894765625 0.44280637343749996 0.0924953890625 0.4275106953125 0.07595551874999999 0.40975195937500003 0.072242503125 0.42628674999999994 0.0769910125 0.43928426875
