10 0.554721309375 0.8118333156249999 0.5662013421875 0.76320573125 0.5358236171875 0.752103740625 0.5471674328125 0.7358338468750001 0.5368883906249999 0.71159345 0.50729801875 0.7317867078125 0.48525138593749995 0.77421459375 0.509670659375 0.7950690625 0.525026428125 0.8240963593749999 0.554721309375 0.8118333156249999
10 0.456604840625 0.7743239234375 0.4595762125 0.7754136 0.4602253078125 0.776389703125 0.48334936562499997 0.7677084203125 0.48754658749999996 0.75418586875 0.45609091562500004 0.7626783359375 0.456604840625 0.7743239234375
10 0.6221043374999999 0.7421798265625 0.6137401578125 0.7626119984375 0.6275330593749999 0.8451793000000001 0.6842678734375001 0.8100692859375 0.6221043374999999 0.7421798265625
10 0.7084003625 0.6773644296875 0.6950287265624999 0.680239615625 0.694016746875 0.6923797640625 0.6992409640624999 0.6972390734375 0.7404247125000001 0.713783471875 0.7712085515625 0.7301869203125 0.7897837984375 0.751956584375 0.80637774375 0.724954453125 0.8028261437499999 0.6978990609375 0.767011796875 0.69162163125 0.7327838765625 0.6689693296875 0.712924359375 0.6463799765625 0.70285275 0.65005305625 0.7084003625 0.6773644296875
10 1 0.415499409375 0.978018334375 0.42288701875 0.954238675 0.43698841093749996 0.9340269109375001 0.5083724875 0.9751065890625 0.51901443125 1 0.5539323078125 1 0.415499409375
10 0.6262166734375 0.11398913749999999 0.5986016765625 0.0890644265625 0.5623697562500001 0.093875271875 0.567899940625 0.057779896875 0.5399123546875 0.06975743281249999 0.5201708671875 0.120614934375 0.50954906875 0.16653166875 0.51524929375 0.1944655 0.52062205625 0.19978165 0.5413454 0.20171090781249998 0.560354571875 0.21869500937500003 0.584865146875 0.231729253125 0.62401605 0.22118248125 0.645605875 0.208239375 0.623869084375 0.18686035625 0.622335334375 0.176335253125 0.6326914968749999 0.160060625 0.6293421609375 0.142901659375 0.6262166734375 0.11398913749999999
10 0.6790114968750001 0.1775509984375 0.7017843187499999 0.1569041 0.7191911765625 0.12102176406250001 0.7017537875000001 0.0851824890625 0.6908759984375 0.09135304375 0.684944521875 0.1243414984375 0.6626054671875 0.12744235937499998 0.6593383109375 0.1466624921875 0.66508831875 0.159473690625 0.6569141000000001 0.174427290625 0.6790114968750001 0.1775509984375
10 0.5972518796874999 0.3809492203125 0.6246821703125 0.36802666875 0.6454593656250001 0.3663261859375 0.6249067375 0.408206096875 0.6308433578125 0.4152523875 0.6887407890625 0.338737546875 0.67914533125 0.3271785796875 0.69747985 0.295780090625 0.715359221875 0.264904425 0.728318609375 0.23889588437499998 0.6712467671875 0.2462720484375 0.6746653984375001 0.28555147812500004 0.6603110390625 0.316733309375 0.618429771875 0.33042100625000004 0.5972518796874999 0.3809492203125
10 0.743702825 0.28581875625 0.7068556265625 0.281822275 0.6743499796875 0.330316215625 0.7146678515625 0.3649251890625 0.761271521875 0.2909806828125 0.743702825 0.28581875625
10 0.850518325 0.4741801609375 0.8783925671875 0.45704318437499997 0.8829645046874999 0.41500696406250004 0.84901930625 0.407448365625 0.818449928125 0.4539019796875 0.850518325 0.4741801609375
12 0.8561717375000001 0.47487333125 0.8253317843750001 0.530377459375 0.8697218828125 0.5525026046875 0.9090812609375 0.49047483593749996 0.8561717375000001 0.47487333125
2 0.9324537968750001 0.40641915468749995 0.9576098828124999 0.4109803546875 0.9762277718749999 0.394661078125 0.9838097375 0.3189390890625 0.978534559375 0.280584215625 0.9780557484375001 0.27130298124999996 0.9611643234375 0.2743486234375 0.9580900640625 0.2877171953125 0.9542451234374999 0.303792125 0.943150415625 0.33002750625 0.9324537968750001 0.40641915468749995
10 0.46046508125 0.21161560468750001 0.45229018437499996 0.22301517343750002 0.44447279531249995 0.228017196875 0.4188186265625 0.22699806093750002 0.407414446875 0.2351281171875 0.4164196765625 0.23694142812500002 0.43446358749999997 0.23573993125 0.44729227656250004 0.2459254375 0.42988530156250004 0.287700259375 0.4129043734375 0.3142189640625 0.3966985640625 0.3306661109375 0.3871459265625 0.33207741562500004 0.37213929375 0.28109588125 0.3660521578125 0.272334225 0.36193355625 0.2682916421875 0.35497868593750004 0.2758936765625 0.36026689375 0.28118414999999997 0.36287179531249997 0.283502584375 0.366272134375 0.3081989421875 0.3669151 0.3298083890625 0.3782505390625 0.3415123703125 0.40071512656249997 0.351787590625 0.42442280937500004 0.3448686875 0.442716609375 0.3232253734375 0.46034443437499994 0.26702841875 0.4566809625 0.24071188281250003 0.46886394375 0.20873811718750002 0.46046508125 0.21161560468750001
10 0.470387084375 0.078831846875 0.3938714921875 0.12122312187499999 0.3993337140625 0.13219431406249998 0.475560253125 0.0882187859375 0.470387084375 0.078831846875
3 0.5081509703125 0 0.5062847390625 0.001371965625 0.5228371234375 0.025234223437499998 0.523509753125 0.0252263953125 0.5865712015625 0.00248113125 0.584922665625 0 0.5081509703125 0
16 0.4164625421875 0.723869596875 0.43309992656249996 0.723251371875 0.450649409375 0.6955662109375 0.4316111875 0.68285075 0.4195389875 0.6925488234375 0.41869581250000004 0.689770771875 0.427832678125 0.6757319296875 0.39361235625 0.65314114375 0.38376414531249997 0.6545488234375 0.3656981140625 0.679740753125 0.4164625421875 0.723869596875
10 0.4147366375 0.6368076375 0.389119825 0.630186128125 0.38965011875 0.6527560453125 0.40132195781249996 0.6557599046875 0.419784428125 0.6676462765625 0.43256647031249995 0.655027759375 0.4297207390625 0.6409893656250001 0.4147366375 0.6368076375
10 0.323976909375 0.370930465625 0.31497743125 0.3537038203125 0.2971768078125 0.3566605859375 0.2742013546875 0.3697879703125 0.279243 0.3850780484375 0.28960868125 0.395217184375 0.3026935890625 0.41261007968749996 0.3066146875 0.41978022187499997 0.3298061578125 0.3989419125 0.323976909375 0.370930465625
16 0.241382190625 0.37736708124999996 0.259540071875 0.3860047421875 0.26862765 0.3972896125 0.2740495875 0.39786570781249997 0.29016335625 0.435106978125 0.2946959890625 0.433491115625 0.28572300781250004 0.3993625890625 0.280889471875 0.3906464265625 0.2622538921875 0.374446765625 0.27301845 0.367254875 0.281852315625 0.34898114375 0.284394328125 0.3421637859375 0.2470174421875 0.36082638125 0.2318629546875 0.381504390625 0.241382190625 0.37736708124999996
16 0.5991064875000001 0.5769831484375 0.5874082359374999 0.578937528125 0.58641969375 0.58257491875 0.5906316046875 0.59143801875 0.59324423125 0.5920927296875 0.6002395359375 0.5816056781250001 0.5991064875000001 0.5769831484375
