5 0.40040091875000006 0.5289428468749999 0.4510799484375 0.5558963203125 0.4888558234375 0.5609260734375 0.5082062546875 0.5912560609375 0.5240480843750001 0.5802968 0.5387897390624999 0.5758576484375 0.563931690625 0.5964487562499999 0.582184490625 0.5446487765625 0.5953006703125 0.45479048593750004 0.59535553125 0.4415000953125 0.5903744828125 0.388933940625 0.5165412234375 0.3389413140625 0.4260326765625 0.31195361250000003 0.40713594999999997 0.326943234375 0.400238228125 0.3821596125 0.390702609375 0.46500699375 0.40040091875000006 0.5289428468749999
12 0.8520408249999999 0.8092593296875 0.8689685890625001 0.8036331640625001 0.8665256921875001 0.7915433625 0.9077137234375 0.78989255 0.9020734046875001 0.7383836859375 0.9241493046875 0.683740246875 0.9129827265625 0.6368712546874999 0.865387246875 0.623905584375 0.8296922796875 0.6381650640625 0.8181490312499999 0.6732292078125 0.8358946484375 0.7023708671875 0.8364238859375 0.7552682749999999 0.8291013265625 0.8112142890625 0.8520408249999999 0.8092593296875
12 0.7538457140625 0.9125982671875 0.7820794453125 0.90052695625 0.7730258359375 0.8585261765625001 0.72676524375 0.8484407890625001 0.6784576625 0.8142585812500001 0.6520937890625 0.870962909375 0.688710625 0.9050236249999999 0.7267229140625 0.9131065828124999 0.7224833703125 0.895971275 0.7373287421875 0.88637540625 0.7538457140625 0.9125982671875
12 0.6419200593750001 0.734966528125 0.697044696875 0.829876703125 0.735332178125 0.8628934828125001 0.80988429375 0.8565385015625001 0.84052606875 0.8163473484375 0.82460971875 0.8027737390624999 0.8396839140625 0.7227965890625 0.8257863984375 0.6819670203125 0.7938324828125001 0.6747014515624999 0.74901671875 0.6699017781250001 0.6995728875 0.6785166 0.66465600625 0.6947640078124999 0.6383757046875 0.69880760625 0.6419200593750001 0.734966528125
12 0.56559573125 0.7067191 0.5407000109375 0.72413234375 0.5945732390625 0.7635026375 0.6385991578125 0.788600696875 0.6447798296875 0.7865952546874999 0.6400572390625 0.7678836796875 0.6434257046875 0.713788853125 0.6425024374999999 0.6691839453124999 0.6071798984375001 0.6089385453125 0.5655334453124999 0.6114428875 0.5639593015625 0.6408972484375 0.5591541999999999 0.674846809375 0.56559573125 0.7067191
12 0.6137530171875001 0.5583812218750001 0.6165058609375 0.577138025 0.6078218703125 0.5996281671875 0.596521025 0.61152649375 0.6425925359375 0.6644366578125 0.7370107578125 0.677233490625 0.8291584796875 0.6632485015625 0.834080521875 0.6221475796875 0.8494073859375 0.5909077140625 0.8392996984375 0.5427585171875 0.807312809375 0.49156879375000007 0.75256311875 0.42551465781250003 0.7078552265625 0.42683719375000007 0.6420781140625 0.3676726828125 0.6301508109375 0.3924563953125 0.640230315625 0.48595081875 0.6137530171875001 0.5583812218750001
4 0.566996340625 0.6686226 0.5422145484375 0.5739394890625 0.5135954625 0.579444521875 0.5401658390625 0.66063184375 0.5678852359375 0.6730186359375 0.566996340625 0.6686226
12 0.44702744687499996 0.7945665843749999 0.4722867421875 0.8282975984375 0.5449360859375 0.840461234375 0.5735658234375001 0.816381775 0.57913416875 0.8141404250000001 0.6024094234375 0.808261246875 0.6008605109375 0.789648321875 0.6010400687499999 0.7651732234375 0.5448900875 0.7154670515625 0.5262447796874999 0.7042172156250001 0.48470677812499996 0.7128434078125 0.47639882343749995 0.735982959375 0.4831206828125 0.7645863484375 0.47041876406250005 0.7799500671875 0.4484898640625 0.766420175 0.44702744687499996 0.7945665843749999
12 0.29288642187499997 0.7819542296875001 0.19866177812500002 0.8259778890625 0.1999904484375 0.8400020765624999 0.25931851250000004 0.882152353125 0.3177012859375 0.92056036875 0.3836679609375 0.936900871875 0.41007381875000004 0.905546228125 0.4381723421875 0.83228500625 0.44887499374999995 0.807029475 0.42478819687499997 0.76699579375 0.372466271875 0.7427487078125 0.3718749078125 0.70164974375 0.383688509375 0.6818896296875 0.3226187609375 0.6711550749999999 0.32626535 0.7245797484375001 0.30603067031250003 0.7725026546875 0.29288642187499997 0.7819542296875001
9 0.25398952656249996 0.35085671875 0.2816475203125 0.37907858125 0.281823096875 0.3721575078125 0.259801259375 0.3447724546875 0.25398952656249996 0.35085671875
9 0.22323357656249998 0.4028273859375 0.21998373437500002 0.40438965937500004 0.1894418125 0.3803121515625 0.1890995421875 0.3899090703125 0.21666814687499997 0.40951017968750003 0.22046152812500003 0.41839989375000003 0.232127121875 0.424950759375 0.23886308750000002 0.41628436718749995 0.23688117812499998 0.41283074218750004 0.22323357656249998 0.4028273859375
9 0 0.6433726921875 0.111579359375 0.8219369953125 0.1382248703125 0.8255601921875 0.1801881375 0.8341554828125 0.229540365625 0.8211127359375 0.31273743125000003 0.7683514687499999 0.3156357734375 0.751428675 0.32941136875 0.69880843125 0.30589030156249997 0.5993604828125 0.2816940125 0.5127597859375 0.2503376546875 0.4495665125 0.15817822343750002 0.37645290937500003 0.0696549734375 0.366777421875 0 0.3999102015625 0 0.6433726921875
4 0.207781728125 0.6950321421875 0.1727108296875 0.622340315625 0.1280989859375 0.6215896546875 0.12544503906249999 0.6387220609375001 0.16849039375 0.7085384078125 0.207781728125 0.6950321421875
9 0.0215072078125 0.23568051875 0.025724593750000004 0.234670325 0.0221597875 0.2089985015625 0.0117466453125 0.2155053546875 0.0133447328125 0.2329040875 0.0215072078125 0.23568051875
2 0.32609727187500004 0.1143849140625 0.33074623124999997 0.121412890625 0.3329278421875 0.13272155000000002 0.3552281453125 0.14207662031249998 0.3836548 0.1305290171875 0.37717703281250003 0.116716509375 0.36309657500000003 0.058386471875 0.3420336 0.009119160937499999 0.2972347265625 0.037112603125 0.299454265625 0.0433560375 0.32609727187500004 0.1143849140625
2 0.42357278593750003 0.1959030515625 0.40743846093749997 0.1779000828125 0.3870069140625 0.1283336171875 0.372492446875 0.13637630625 0.386025040625 0.1806637796875 0.3790883328125 0.190135246875 0.4240998078125 0.308252803125 0.4392866671875 0.3107498859375 0.4592990140625 0.2978803109375 0.42357278593750003 0.1959030515625
2 0.5933798453125 0.33704488125 0.577319940625 0.2750785171875 0.5579693406249999 0.22106965937499998 0.55298126875 0.21596660937499998 0.5334446546875 0.164128971875 0.5173923359375 0.16559659531249998 0.5302423578125001 0.21990052499999999 0.5289399265625 0.237154265625 0.5541206734374999 0.3354686515625 0.5726319046875 0.34410838125 0.5933798453125 0.33704488125
2 0.74210640625 0.34563532656249996 0.734964478125 0.3101796953125 0.740761709375 0.299707228125 0.7260319203125001 0.246920940625 0.703505840625 0.19852714062500001 0.6881952015625 0.1954213390625 0.674499328125 0.22863930625 0.7029607718750001 0.2988749296875 0.7141988890625 0.3127444015625 0.7279243921874999 0.34047144218750003 0.74210640625 0.34563532656249996
2 0.7238805171875 0.3330782296875 0.7136639203125 0.3113785265625 0.659345403125 0.2569571609375 0.640825796875 0.26476255625 0.638198778125 0.281130965625 0.6994418578125 0.3486922328125 0.7154913109375001 0.3513353 0.736494275 0.36766599843750003 0.7463006234375 0.36057674375 0.7238805171875 0.3330782296875
10 0.7685312390625 0.286537765625 0.7742452375 0.3179009609375 0.8082818484375001 0.3087405453125 0.8012853062499999 0.2780576390625 0.7685312390625 0.286537765625
10 0.794341290625 0.24061201875 0.8032283671875 0.2737604640625 0.8237828031250001 0.2626285796875 0.8152079078125001 0.2238061703125 0.794341290625 0.24061201875
2 0.5486261078125 0.5188693171875001 0.56186641875 0.5186014015625 0.5476409 0.4550589234375 0.5490034859375 0.42486309375 0.53787540625 0.3710815 0.5213789015625 0.342163753125 0.4866263609375 0.354897428125 0.4928636328125 0.3767499875 0.500293703125 0.3846836390625 0.5119632625 0.42350399687499996 0.5240433624999999 0.45038966406250003 0.5486261078125 0.5188693171875001
2 0.5625141484375 0.5488027671875 0.57385391875 0.54860329375 0.5741680031249999 0.5145721156249999 0.5820365765625 0.506660171875 0.5748493546875 0.39587154999999996 0.5516049671875 0.393927421875 0.5447510671875 0.41857140781249996 0.5477869203125 0.43314323125 0.55032428125 0.47497506093749997 0.5609995109375 0.509325909375 0.5624190984374999 0.5249076875 0.5625141484375 0.5488027671875
2 0.4478742171875 0.3918111328125 0.4529854203125 0.40358857812500004 0.4514697359375 0.417710321875 0.4653848171875 0.437461284375 0.4800569828125 0.503749796875 0.494547515625 0.5071097109375 0.4956587484375 0.491305771875 0.486522065625 0.45150193437499997 0.49480457656250004 0.42446769531250006 0.4904759765625 0.40890703281249996 0.48825703281250005 0.3776560671875 0.49437289843750004 0.37413353437499997 0.47882567500000006 0.3323462921875 0.44442756406250006 0.3373728546875 0.44056374062500003 0.361046753125 0.4478742171875 0.3918111328125
2 0.4597044859375 0.5436668046875 0.46829867500000005 0.5397930453125 0.465257759375 0.48240627343750003 0.46253322499999994 0.4391949171875 0.45443088749999994 0.4283871515625 0.448526009375 0.3883604984375 0.4342247078125 0.3856187875 0.4329354671875 0.4310402171875 0.4259541484375 0.44109162968750004 0.4267112328125 0.487629178125 0.44559418281249996 0.5369133859375 0.4597044859375 0.5436668046875
9 0.449964903125 0.1046290046875 0.4750324234375 0.0987694125 0.480895675 0.09447317656250001 0.47481574843749996 0.078663671875 0.44991773437499993 0.0863147515625 0.4441068921875 0.0994338671875 0.449964903125 0.1046290046875
7 0.2086163890625 0.61012215 0.21813008125 0.5749251359375 0.19361404843750002 0.5652319343750001 0.16044311875 0.5528920546875 0.1231417796875 0.6022602890625001 0.131499096875 0.6252430046875 0.150486275 0.6337279015624999 0.1993119984375 0.6100016953125 0.2086163890625 0.61012215
1 0.0779776125 0.5658437921874999 0.08441159375 0.5868359109375 0.0980225796875 0.5896841687500001 0.0907152671875 0.5638189046875001 0.0779776125 0.5658437921874999
2 0.0692095328125 0.7147933328125 0.0874478484375 0.713479815625 0.110906115625 0.6857711734375 0.1151158265625 0.6568556953125 0.1081450796875 0.6421345390625001 0.0782044109375 0.6502448765625 0.057032993750000004 0.6622018046875 0.0432217953125 0.6742237453125 0.0433260125 0.693235584375 0.047402371875 0.7012870640625 0.058378792187499993 0.7147776375 0.0692095328125 0.7147933328125
4 0.2027877625 0.778182484375 0.209640171875 0.7734032265625 0.2332758 0.74344515625 0.2194012671875 0.730918659375 0.2070479125 0.7259188437499999 0.19297200625 0.733443078125 0.181078334375 0.7256132828124999 0.169706046875 0.7395018984374999 0.1699680796875 0.7490888953125 0.17186965781250002 0.7597717687500001 0.18665829375 0.7742708796875 0.2027877625 0.778182484375
4 0.297321759375 0.7848224125 0.303082365625 0.78079828125 0.30239724218749997 0.7786836562499999 0.3028574359375 0.7793158546875001 0.3006667578125 0.733130621875 0.3132645625 0.7074530453125 0.278291403125 0.7136214828125 0.2851458 0.7322305234375001 0.2920830234375 0.7397667734375 0.2756740390625 0.759346475 0.27086374687500003 0.7699837078125 0.2747482859375 0.7802743546875 0.2969024890625 0.784659896875 0.297321759375 0.7848224125
4 0 0.6433726921875 0.0015003875 0.6457738140625 0.0030382171875 0.6467300828125 0.026508528125000003 0.6054630125 0 0.5865946859375 0 0.6433726921875
10 0.721476446875 0.9001112046875 0.740190575 0.9395014734375 0.760520459375 0.9267979515625001 0.7361801734375 0.8864552828125 0.721476446875 0.9001112046875
12 0.5201680468750001 0.6605803234375001 0.5165776140625 0.6034211546875 0.4934403625 0.56869538125 0.44834383750000006 0.5540792171875 0.4083585765625 0.5445727421875 0.31945010156250003 0.5879930328125 0.3806148734375 0.6398354703125 0.4134679296875 0.66401890625 0.4504611328125 0.681781884375 0.4900461734375 0.6883450171875001 0.5201680468750001 0.6605803234375001
2 0.43409461406250005 0.725423521875 0.4589662671875 0.7399027984375001 0.47580431718750005 0.7338524468750001 0.488464484375 0.6965595859375 0.49059518124999996 0.6869246203125 0.4350955109375 0.6794479625000001 0.43409461406250005 0.725423521875
10 0.3783851546875 0.672496278125 0.3681650140625 0.6959559609375 0.3678531875 0.7175754140625 0.36961964531249997 0.7368917609375 0.3891560125 0.7504609234374999 0.4027243546875 0.7737838515625 0.42212517031249996 0.75898306875 0.43052466718750004 0.7627734203125 0.4307070609375 0.7624011015625001 0.47266221875000003 0.7823483703125 0.48559623125 0.7531772328125 0.467266121875 0.735506521875 0.4535344015625 0.7360525609375 0.434629125 0.7251023859375 0.4330439421875 0.7036638734375 0.43823638593750003 0.678994675 0.381203146875 0.6396029484375 0.3844979796875 0.6730288015625 0.3783851546875 0.672496278125
7 0.380258203125 0.6388952453125001 0.364963603125 0.6337233624999999 0.345837134375 0.6433315562499999 0.3247631421875 0.6337365453125 0.32625033124999997 0.6682908703125 0.3795174953125 0.67350388125 0.3831920671875 0.6725466578125 0.380258203125 0.6388952453125001
4 0.3644848859375 0.627326909375 0.366351715625 0.6274992859374999 0.336699809375 0.610208703125 0.3260642671875 0.6205367796875 0.3168152546875 0.628659553125 0.338881090625 0.6426570203125 0.356767684375 0.6435314390625 0.3656286171875 0.627951128125 0.3644848859375 0.627326909375
9 0.3232145125 0.6578021984375 0.3210302765625 0.6313824 0.33732883125 0.61684569375 0.333481653125 0.6018417875 0.31927720000000004 0.5859463921875 0.3056361171875 0.5854313484375 0.32041255 0.660557503125 0.3232145125 0.6578021984375
2 0.5499283265625 0.7175339968750001 0.5649606515625 0.7023006078125 0.5620351765625 0.6702562109375 0.5405013765625 0.660351425 0.5198007812500001 0.6651106 0.5051896453125 0.6789134140625 0.5161034718749999 0.704797675 0.5499283265625 0.7175339968750001
9 0.48233292499999997 0.7135935203125 0.4876217171875 0.7159005328125 0.503322975 0.704381634375 0.515919 0.71310501875 0.5220232421875 0.7088018421875 0.507837875 0.6764256875 0.49049063593750003 0.686776621875 0.485166934375 0.7106938375 0.48233292499999997 0.7135935203125
4 0.617964078125 0.5779334203125 0.6160944374999999 0.5564914921875 0.60328348125 0.545726290625 0.5827442281249999 0.56154610625 0.5784012703125 0.574071721875 0.5806583125 0.5884462765625 0.5919762953125 0.5937457421875 0.600074575 0.597799353125 0.617964078125 0.5779334203125
2 0.637272509375 0.492492190625 0.6118817812499999 0.465697546875 0.6013547625 0.4893393421875 0.5836841453125 0.5251246187499999 0.5791455265625001 0.5450244468750001 0.5776400875000001 0.5626033578125 0.58842798125 0.5537290921875 0.6002874578124999 0.5501572312499999 0.61695476875 0.526091740625 0.637272509375 0.492492190625
1 0.6287606546875 0.4598167875 0.6340306671875 0.45399062968750004 0.6319215875 0.4506153984375 0.625285678125 0.444096840625 0.6205239203125 0.4513388 0.6287606546875 0.4598167875
2 0.4938201734375 0.42194620625 0.4908547234375 0.44893716250000004 0.49310044687500004 0.478637390625 0.513039128125 0.5356276375 0.5352273734375 0.5409352515625 0.5469610109375 0.5310476609375 0.5372140515625 0.479617915625 0.5194104734375 0.4434491953125 0.49832494218749995 0.382063303125 0.48364645624999997 0.3805831703125 0.4938201734375 0.42194620625
2 0.4622663125 0.4420888203125 0.46546715625 0.4784355921875 0.481585453125 0.511396271875 0.508011259375 0.548568371875 0.5295944 0.5455871359375 0.5308553453125 0.546223871875 0.5308964296875 0.5406592765625 0.5159898234375 0.5367660875 0.4914958109375 0.46941445625 0.49634505781250005 0.50430454375 0.48714484531249996 0.5074968015625 0.479214265625 0.500947884375 0.46885351406250003 0.45160720000000004 0.4622663125 0.4420888203125
9 0.40330879062499997 0.5236976125 0.40218032499999995 0.4279534671875 0.334488975 0.4095969265625 0.2813719546875 0.416793671875 0.26376351875 0.4451262765625 0.2649748234375 0.47160195937499994 0.29009849375 0.5512180828125001 0.31541124374999996 0.5880094296875 0.3853601078125 0.5467757296875 0.40480402968750007 0.5228672671875 0.40330879062499997 0.5236976125
