12 0.84289965 0.666626465625 0.8304503249999999 0.6686547843749999 0.8155117328125 0.6787963875 0.8055526703125 0.7055703125 0.775260109375 0.7493818359375 0.7532666 0.7854853515625 0.7350079875 0.8689106453125 0.726294059375 0.99951171875 0.9995007484375 0.99951171875 0.9995007484375 0.6911645515625 0.9599201203125001 0.6723061515625 0.9142735890625 0.6564853515625 0.88439590625 0.6564853515625 0.84289965 0.666626465625
9 0.220381428125 0.22129394531250002 0.2289825265625 0.1792529296875 0.1702086875 0.1841577140625 0.13365401875 0.21205566406249998 0.0691467796875 0.50264453125 0.411426859375 0.9154184578125 0.4737848234375 0.9630654296875001 0.69741288125 0.7841357421875 0.908139790625 0.5830390624999999 0.905272590625 0.557814453125 0.8693919125 0.518131346875 0.8513704437499999 0.5523144531249999 0.6642965546874999 0.68053955 0.220381428125 0.22129394531250002
9 0.40730154843750005 0.40615429687500004 0.509797803125 0.3907392578125 0.5628377437500001 0.3038540046875 0.510514728125 0.2527041015625 0.5198322515625 0.23448632812499998 0.4839945078125 0.2057583 0.46679231093749995 0.2141665046875 0.375764353125 0.12868310624999998 0.33992611093749997 0.127981934375 0.32774138750000004 0.11747167968750001 0.3026550171875 0.11677099531249999 0.29405391875000003 0.1258798828125 0.25825461875 0.1255014640625 0.24459760312499998 0.150404296875 0.2187943078125 0.22257470625 0.40730154843750005 0.40615429687500004
9 0.520990015625 0.23407421875 0.5134907640625 0.2517348625 0.5560993515625 0.294720703125 0.560189715625 0.3180463875 0.5803005484375 0.31737988281249996 0.6004118828125 0.33470751875000004 0.6055247125000001 0.36503125000000003 0.64267948125 0.35403466875 0.6893784328125 0.2867236328125 0.6972181734375 0.27239501875 0.68187918125 0.252734375 0.6856285578125 0.24173828125000002 0.6733574640625 0.222744628125 0.63927059375 0.2067495109375 0.6290449328125 0.20874902343750001 0.5976849718749999 0.1827573234375 0.606206690625 0.1647631828125 0.576210184375 0.13477343749999998 0.549622565625 0.13410693437500001 0.5291707437500001 0.1171123046875 0.4470214671875 0.11044775468750001 0.43509136249999997 0.1221108390625 0.41643884218749994 0.15971435625 0.47531352968749996 0.213747559375 0.49610634062500003 0.20708300781250003 0.520990015625 0.23407421875
10 0.5279036453125 0.36827050781250004 0.52074538125 0.38059960937500004 0.5429016468750001 0.38559814531250003 0.5718751875 0.39426171875 0.5841467796875001 0.38626464843749997 0.5936909640625 0.3746015625 0.6005082374999999 0.36827050781250004 0.606644034375 0.351609375 0.5936909640625 0.3262841796875 0.5827833250000001 0.3222856453125 0.5681258109375 0.319953125 0.5592631046875 0.319953125 0.550059909375 0.3142880859375 0.5388112828125 0.336947265625 0.5279036453125 0.36827050781250004
9 0.4933654515625 0.49598925781250003 0.5414278578125 0.44333984375 0.5639251125 0.4140161125 0.5724468296875 0.4010205078125 0.536315028125 0.3836928703125 0.4087678484375 0.408955565625 0.454506740625 0.4636665046875 0.4674598109375 0.48399316406250004 0.4862071890625 0.4983217765625 0.4933654515625 0.49598925781250003
9 0.6299885171875 0.3796938484375 0.6531672484375 0.353369140625 0.6064682968749999 0.367364746875 0.6299885171875 0.3796938484375
9 0.744202196875 0.409351075 0.7390888671875 0.41468261718750005 0.7261362953125 0.449337890625 0.7482925609375 0.4593344734375 0.7731757359375 0.43834130781249997 0.744202196875 0.409351075
2 0.619606590625 0.5588745125 0.5810888671875001 0.59186376875 0.6441492765625 0.6619892578125001 0.7038007984375 0.564021484375 0.724594109375 0.5323647453125 0.7385696453125 0.5173701171875 0.7494772843749999 0.5130380859375 0.7614073890624999 0.48704638593749994 0.7539086375 0.46360058593750003 0.7198612078125 0.449384278125 0.706868696875 0.453242675 0.6888027953125 0.478234375 0.6888027953125 0.4822329109375 0.619606590625 0.5588745125
9 0.8339455812500001 0.5691220703125001 0.9413190218749999 0.414505859375 0.7330489265625 0.526802734375 0.65164603125 0.6714926765625 0.6645991015625 0.676158203125 0.8339455812500001 0.5691220703125001
2 0.75833749375 0.4952055671875 0.742316525 0.51419970625 0.7453844234375 0.51953125 0.8138991515624999 0.4792109375 0.8210569140624999 0.47187988281250004 0.8234433343750001 0.4558852546875 0.81151273125 0.441556640625 0.7992416375 0.43056054687499995 0.7828801796875 0.4285610359375 0.752883675 0.4545522453125 0.752201696875 0.4605502921875 0.7631098359374999 0.47587890625 0.75833749375 0.4952055671875
2 0.8221762359375001 0.47569921875 0.87432900625 0.45137353593749996 0.885918621875 0.44270996093750004 0.8958037937500001 0.42571533125 0.9053479781249999 0.41771826093750003 0.90296205625 0.40538867187500005 0.8961447828125 0.39405908125 0.8773969046874999 0.384729003125 0.8630803796875 0.38239648437499996 0.8494458312500001 0.399390625 0.840583125 0.4107202140625 0.832402396875 0.42271630781249997 0.8102461312499999 0.43671191406250004 0.8126320515625001 0.44171044843749996 0.827289565625 0.4563720703125 0.8221762359375001 0.47569921875
2 0.7164982531249999 0.349123046875 0.71036295625 0.3597861328125 0.705931603125 0.3737817390625 0.6974098859375 0.37678076250000003 0.691956065625 0.38277880937500003 0.693660009375 0.392775390625 0.686502246875 0.399439940625 0.6415077390625 0.5042080078125 0.616965053125 0.5652797859375001 0.6718447328125 0.5009677734375 0.7083175234375 0.45498290937499997 0.721952071875 0.44955908125 0.7628562156250001 0.36192138749999997 0.7730823765625 0.3589223625 0.7816040937500001 0.34925878906249996 0.7935341984375001 0.3311489265625 0.7877398906249999 0.3198193359375 0.7686510234374999 0.306490234375 0.7475611578125 0.303924315625 0.7321782328124999 0.3231313484375 0.7297923109375 0.3317954109375 0.7297923109375 0.33879296875 0.7164982531249999 0.349123046875
2 0.632368946875 0.42163720781249997 0.625826759375 0.42883251875 0.5655806296875 0.5297666015625 0.556039440625 0.5590800781249999 0.5862985515625 0.5915913078124999 0.614376934375 0.5622778328125 0.6844368453125 0.4022553703125 0.695614078125 0.3958598640625 0.6953414875 0.380669921875 0.7048826765625 0.37400781250000004 0.717149775 0.348158690625 0.7103344984375 0.334567871875 0.6855277078124999 0.317779296875 0.6724423359375 0.31964453125 0.6571762359375 0.33909814374999997 0.65117923125 0.34895800781249997 0.6494533203125 0.3570834953125 0.6281048421875 0.3779521484375 0.6405471796875 0.392057128125 0.6389116328125 0.40458203125000003 0.632368946875 0.42163720781249997
2 0.492381428125 0.4979682625 0.5558986515625 0.5635239249999999 0.5651677484375 0.5251499015625 0.62459560625 0.428682128125 0.6363180234375 0.41162695312500003 0.6406794812500001 0.3969702140625 0.6278671984375 0.3773525390625 0.6078347484375 0.3715375984375 0.59420419375 0.3715375984375 0.5734862703125 0.39285644531249997 0.57239540625 0.401384278125 0.492381428125 0.4979682625
