16 0.3865963578125 0.6024535859375 0.4078070453125 0.5792980640625001 0.44072464062499994 0.50839860625 0.3664501296875 0.47021066562499997 0.3536741953125 0.46051755625 0.31707205 0.49435541718750003 0.32286516875000004 0.575242334375 0.3865963578125 0.6024535859375
5 0.4963495375 1 0.502030275 0.82706111875 0.476871953125 0.7307655921875 0.52365073125 0.702083759375 0.521694434375 0.658776746875 0.5202004812500001 0.6176420968749999 0.508961453125 0.6149201140625 0.49646879843749997 0.658459653125 0.4957612203125 0.693248753125 0.46954281406250004 0.6942787906250001 0.43764945781250003 0.646545215625 0.3990300421875 0.673492721875 0.33626854375000004 0.6209640171874999 0.287598890625 0.7851926625 0.29098777343750004 0.8713515328125 0.3121652765625 1 0.4963495375 1
16 0.14048966406250002 0.8096537265625001 0.15263953125000002 0.8320498031250001 0.156056975 0.8320802828125 0.1862346078125 0.8283149078125 0.214760565625 0.7953807203125 0.20808502812500002 0.7733347984375001 0.155095965625 0.7660536296875 0.14207481875 0.793043090625 0.14048966406250002 0.8096537265625001
11 0.2808528203125 1 0.26391371406249997 0.9597744703125001 0.194322053125 0.883744234375 0.18328002031249999 0.850515575 0.1379050765625 0.8416159750000001 0.11508919375 0.8532775578124999 0.111998546875 0.8374008609375 0.0783520640625 0.8275220593749999 0.058290828125000006 0.8267889 0.093344221875 0.9917021578125 0.11502396875000001 1 0.2808528203125 1
5 0.6679328359375 0.6414256765624999 0.6864806515625 0.6804633953125 0.6953897546875 0.68031179375 0.7579850640625 0.6516155484375 0.784928178125 0.616267596875 0.7866398125 0.5781506515625 0.74925773125 0.525401503125 0.705504465625 0.5637418656250001 0.6735501859374999 0.6175797953125 0.6679328359375 0.6414256765624999
9 0.75017865625 0.75540383125 0.7076307671875 0.7540796765625 0.6758316062499999 0.7213412140625 0.6515623515625 0.6978647859375 0.6505982234375 0.6985627171875 0.6488513046875 0.685110315625 0.6350369265625 0.703845528125 0.6301194999999999 0.7294917187500001 0.641122428125 0.7534051625 0.655874528125 0.8001350781250001 0.6773065218750001 0.8242153765625 0.7191374953125 0.802980784375 0.7462717046875 0.7823166046875001 0.75017865625 0.75540383125
1 0.9870611890625 0.6190609359375 0.9720818625 0.6113831140625 0.97079031875 0.6098041546874999 0.9584821515625 0.6241480203124999 0.9648211343750001 0.6469931250000001 0.972197115625 0.6572746656249999 0.9948993312500001 0.6524491609374999 0.9870611890625 0.6190609359375
6 0.958217675 0.724125784375 0.957072346875 0.7402668640625001 0.9945786828125 0.744482146875 0.9943629828124999 0.7294259546874999 0.958217675 0.724125784375
10 0.96779196875 0.7684578796875 0.96263116875 0.780683659375 0.9703101734375 0.7737516984374999 0.9708956140625 0.7662085734375 0.9700803765625 0.7661171875 0.96779196875 0.7684578796875
7 0.49163384062500004 0.45436032343750005 0.504410159375 0.408896734375 0.508933146875 0.38178823125 0.485993928125 0.35304696406249997 0.46335387499999997 0.346238228125 0.44056180468750006 0.3519131890625 0.43230847656250004 0.37026827500000004 0.43940419531249997 0.422714178125 0.4397255609375 0.45501788125 0.453235046875 0.47165219843750006 0.468858871875 0.4733118046875 0.49163384062500004 0.45436032343750005
9 0.8371346281250001 0 0.80112685625 0.0660586984375 0.79071619375 0.1071513078125 0.8020441171874999 0.1334251140625 0.8000231171875001 0.1644482734375 0.7958768515625 0.21249551718749998 0.8128822046874999 0.2452111421875 0.8639741984375 0.26940705625 0.880460296875 0.265902828125 0.9099502890625001 0.2672831296875 0.907946878125 0.3231602796875 0.8842467812500001 0.3715391265625 0.8983365328125 0.4771912515625 0.947154359375 0.48071427031249997 0.9508775625 0.45687913125 0.9651822515624999 0.414334671875 0.9348050734375001 0.3838474375 0.94689886875 0.3541634640625 0.961715734375 0.26733457031249996 0.951003 0.21693512343750002 0.91857850625 0.202834340625 0.9146919203125 0.162581959375 0.9373370546875 0.1526419015625 0.904892015625 0 0.8371346281250001 0
10 0.8800356484374999 0.36703810625 0.9095065625000001 0.30978325 0.9097134828125 0.270222721875 0.8197670609375001 0.253779140625 0.8045149046875 0.2594394671875 0.7926876 0.32314139218750004 0.7870812984375 0.382333890625 0.762525328125 0.3996634984375 0.753661328125 0.45253821875 0.7747888281249999 0.5181583484375001 0.80807240625 0.5193690875 0.8631630046875 0.47005462500000006 0.8744634046875 0.40837664843750004 0.892400559375 0.39819055625 0.8800356484374999 0.36703810625
9 0.7116407125 0.41143375156250006 0.6925472953125 0.46485211406250004 0.7420020015625 0.4644134859375 0.7534451796875 0.455614053125 0.756807653125 0.4237432296875 0.7116407125 0.41143375156250006
