9 0.8148197921874999 0.5846307296875 0.81964444375 0.5658231765624999 0.845456596875 0.5632914062500001 0.84931631875 0.5325481765625 0.8225392359375 0.50723046875 0.79986336875 0.4945713546875 0.7909376734375 0.5043369796875 0.7829947921875 0.5221473953125 0.763678125 0.5766736984375 0.8051704859375001 0.59656640625 0.8148197921874999 0.5846307296875
9 0.7107739578125 0.5329098953125 0.73682725625 0.5546109375 0.75081875 0.5795671875 0.7645690968750001 0.5144640625 0.738274653125 0.4840825515625 0.704984375 0.480465625 0.6958173609375 0.4840825515625 0.68978663125 0.5018052078124999 0.689062846875 0.52929296875 0.6880979171875 0.5455690109375 0.7107739578125 0.5329098953125
9 0.75660850625 0.5864393234375 0.7633630203124999 0.5810140625 0.78507413125 0.5245911453125001 0.7645690968750001 0.52314453125 0.7633630203124999 0.52350625 0.7450291671875 0.5878859375000001 0.75660850625 0.5864393234375
9 0.68700086875 0.6175700515625 0.708470659375 0.6284205734375 0.72897569375 0.6226338546875 0.7415197921875001 0.6009325515625 0.7448970484374999 0.5795932296874999 0.743690971875 0.5622325515625 0.7239097218749999 0.5354677078125001 0.7034048609375 0.5307658859375 0.6850710062500001 0.5459567703125 0.6705970484375 0.5604239578125 0.66963211875 0.59152890625 0.6705970484375 0.6132299484375 0.68700086875 0.6175700515625
9 0.6303677078125001 0.5861036453125 0.6680001734375 0.5719979171875 0.67933819375 0.5470416671875 0.6788557296875 0.525340625 0.6733072921875001 0.5029161453125 0.6605218749999999 0.49315078124999995 0.6400170140625 0.4942356765625 0.6202357640625 0.5105114578125 0.6154111109375 0.5318510421875 0.6190296875 0.5546369796875 0.6250604171874999 0.5752531249999999 0.6303677078125001 0.5861036453125
10 0.258854340625 0.5731200515625 0.2887973953125 0.58876484375 0.2857729171875 0.6016888015624999 0.30077569375 0.5936989578125 0.30439409687499996 0.5781466140625 0.2889552078125 0.5593390625 0.20307586875 0.5730830734375 0.2021109375 0.6154 0.21803229218750003 0.6117833328125 0.2515954859375 0.6021421874999999 0.258854340625 0.5731200515625
10 0.3728560765625 0.5709127609375 0.34294305625 0.5806783859375 0.2835994796875 0.6132299484375 0.290112846875 0.6508450515625 0.28818298593749997 0.6700143234375 0.300003471875 0.6844817703125 0.30120954843750003 0.67363125 0.31471875 0.6729078125 0.317372221875 0.6848434890624999 0.332811284375 0.68990703125 0.3405307296875 0.6870135421875 0.34414913125 0.6754395828125 0.365377778125 0.6689294265625 0.370926215625 0.59080546875 0.3728560765625 0.5709127609375
10 0.3035036453125 0.5741328125 0.30977569374999997 0.5213270828125001 0.3191838546875 0.5090296875 0.34210104218750004 0.5075830734375 0.3471670140625 0.5057744796875 0.34330711875 0.49637083281249994 0.30014496562500004 0.49093255156250004 0.29867881875 0.5057744796875 0.3039861109375 0.5271138015625 0.29795520781249996 0.5647291671875 0.3035036453125 0.5741328125
10 0.35257256875 0.51483515625 0.33303506875 0.5065114578125 0.3143517359375 0.5089125 0.3088001734375 0.5149953125 0.30143350625 0.5910151046875 0.32257239531250004 0.5946966140625001 0.3367833328125 0.5942695312499999 0.3338892359375 0.57644921875 0.352679340625 0.5702190109374999 0.35257256875 0.51483515625
10 0.35249618125 0.5710033859375 0.37950694375 0.5626796875 0.37972048593749996 0.51401875 0.3622114578125 0.5064955734375001 0.35377725625 0.506815625 0.340325346875 0.5072958328125 0.339684721875 0.5098570312499999 0.351321875 0.5160997390625 0.35249618125 0.5710033859375
10 0.4556078125 0.4736963546875 0.44696006875 0.44376328125000003 0.447707465625 0.43367890625000005 0.439059721875 0.4277565109375 0.4301984375 0.4407221359375 0.42902413125 0.44440364531250004 0.38183524375 0.45608880156250003 0.37414843750000004 0.45368776093749996 0.374575346875 0.4717755203125 0.44162204843749997 0.45897005156250004 0.45005625 0.4749768234375 0.4556078125 0.4736963546875
10 0.3795932296875 0.5266671875 0.3918708328125 0.5156223953125 0.39144375 0.49065156249999997 0.3949670140625 0.4868005203125 0.40414843749999996 0.4930432296875 0.4612661453125 0.4827986984375 0.45806336875 0.47319453125 0.449415625 0.47159375 0.44066111093749993 0.4594286453125 0.37179965312499996 0.4711135421875 0.3688173609375 0.46413151093750005 0.365607465625 0.46903281249999995 0.3665682296875 0.5084098953125 0.3794864578125 0.5114510421875 0.3795932296875 0.5266671875
10 0.46236822968749997 0.48113255156249995 0.4050380203125 0.4918770828125 0.401643403125 0.48791874999999996 0.3922142359375 0.48791874999999996 0.3927798609375 0.5150625 0.38693368125 0.5218484375 0.38127621562499997 0.5447510421875 0.377881596875 0.5605851562499999 0.384670659375 0.5631299484375 0.4005119796875 0.56001953125 0.4169189234375 0.5571921875 0.450298784375 0.5557783859375001 0.456710590625 0.5543645828125 0.4589736109375 0.5311791671874999 0.46727152812500006 0.5215658859375 0.475003471875 0.5142143234375001 0.47556927031249996 0.49413906250000006 0.48103819375 0.48848411406250003 0.481021875 0.48387473906249995 0.47783229218749995 0.4783052078125 0.46463124999999994 0.4783052078125 0.46236822968749997 0.48113255156249995
9 0.43120572968750004 0.49478515625 0.43742899375000005 0.5247567703125 0.44327517343749995 0.5558591140625 0.4476126734375 0.554728125 0.4489328125 0.5533143234375 0.441012153125 0.5179705734375 0.43309166718750003 0.48771640625 0.43120572968750004 0.49478515625
9 0.37746336875000003 0.6852739578125 0.40725989531250006 0.6787705734375 0.4440342015625 0.6818809890625 0.4440342015625 0.60695234375 0.4434685765625 0.5704778640625 0.4330963546875 0.5668020828125 0.3848182296875 0.5696294265625 0.3736916671875 0.5713260421874999 0.3719942703125 0.5755671875 0.370485590625 0.5775466140625001 0.3678454859375 0.6360755203124999 0.3659595484375 0.6824463546875 0.37746336875000003 0.6852739578125
9 0.5088645828125 0.5648229171875 0.506790278125 0.5611471359375 0.4468197921875 0.5642572921875 0.43946493125 0.5690640625000001 0.44191649375 0.576415625 0.44153940937499997 0.6137382812500001 0.44455677031249996 0.6810325515625 0.46190677031250005 0.67707421875 0.4664328125 0.6748122390625 0.52244288125 0.6677434890625 0.5194255203125 0.5704778640625 0.5071673609375 0.5673674484375 0.5088645828125 0.5648229171875
9 0.46676406249999997 0.54682890625 0.482039409375 0.5162919265625 0.48243645781250005 0.5118135421875001 0.46280364531249996 0.5213815109375 0.45658038124999994 0.5346705734375 0.45808906250000003 0.5592697921875 0.46676406249999997 0.54682890625
10 0.47770590312500005 0.5635721359375 0.5018449656249999 0.5630067703125 0.510519965625 0.5695098953125 0.5212692703124999 0.5649859375 0.5476713546875 0.5372765625 0.5429567703125 0.523421875 0.53541336875 0.5222908859375 0.5325845484375 0.5121117187500001 0.5290013890624999 0.48525078125 0.514857465625 0.4787473953125 0.502787846875 0.47422343749999996 0.4843064234375 0.5070223953124999 0.4662020828125 0.5420833328125 0.45639565937500004 0.5627239578125 0.47770590312500005 0.5635721359375
10 0.54687899375 0.5419497390625 0.53273506875 0.5490184890625 0.5214197921875 0.5634388015625 0.5267001734375001 0.6016098953125 0.5380154515625 0.60698203125 0.5766755203125 0.6018924484375 0.5836532984375 0.5939755203125 0.5891222218750001 0.561459375 0.6028890625 0.5558044265625 0.60439774375 0.5399705734375 0.5966657984375 0.5379911453124999 0.5942140625000001 0.5263984374999999 0.584219096875 0.4972755203125 0.588179340625 0.4913377609375 0.58648211875 0.4794622390625 0.57592118125 0.48200703125000005 0.5698864578125 0.4896411453125 0.558194096875 0.4947307296875 0.5491420140625001 0.5077372390625 0.5448045140625 0.5244192703125 0.54687899375 0.5419497390625
9 0.5233057296875 0.50560859375 0.5268888890625 0.49118854218749997 0.5263230906249999 0.5090015625000001 0.5167052078125 0.6093776046875 0.5236828124999999 0.6093776046875 0.5344322921875 0.51239453125 0.542730034375 0.5075877609375 0.5429185765625 0.4894919265625 0.5329236109375 0.48411979218749995 0.5357524312499999 0.46291354218749997 0.5314149312499999 0.46149973906249997 0.5314149312499999 0.4654583328125 0.529151909375 0.481009375 0.5187796875 0.4875127609375 0.5170822921875 0.50871875 0.5233057296875 0.50560859375
9 0.535563715625 0.5036294265625 0.5476333328125 0.5044776046874999 0.553856596875 0.5977848953125 0.5621545140624999 0.5901505203124999 0.5568739578125 0.5058914062500001 0.568377778125 0.49825703125 0.564040278125 0.47761640625 0.5559310765625 0.48157500000000003 0.55366805625 0.46291354218749997 0.549519096875 0.45725859375000005 0.5483876734375001 0.4767682296875 0.547821875 0.48468515625 0.539335590625 0.4835541671875 0.535563715625 0.5036294265625
9 0.5655802078125001 0.58919296875 0.545660590625 0.5981575515625 0.5468364578125 0.6079283859375 0.56390399375 0.6061005203125001 0.56679930625 0.5989033859374999 0.5655802078125001 0.58919296875
9 0.2591567703125 0.63343203125 0.27474941875000003 0.6349612671875 0.2747333328125 0.6347924484374999 0.27548186874999997 0.6345883015625 0.2773041671875 0.6291239578125001 0.27443090312499996 0.6118919265625 0.2763967015625 0.6105315109375 0.28426059062500003 0.6028223953125 0.2887973953125 0.5894450515625 0.259610590625 0.57266640625 0.2514442703125 0.6062234375 0.2591567703125 0.63343203125
