10 1 0.157067390625 0.99652051875 0.1555549359375 0.953255840625 0.1629154625 0.9524916546875 0.1776122765625 0.999095553125 0.1824836078125 1 0.1821625046875 1 0.157067390625
10 1 0.2411634515625 0.991490690625 0.24017785468750003 0.9356414109375001 0.2706522359375 0.9379656359374999 0.2828663765625 1 0.26959361406250004 1 0.2411634515625
10 0.88327466875 0.3052444203125 0.8831743328125 0.2819091484375 0.8813487640625001 0.27021052343749996 0.8000069249999999 0.27842852812499996 0.814506903125 0.290855196875 0.88327466875 0.3052444203125
10 0.851305578125 0.24686024999999998 0.843332725 0.267518021875 0.8824771484375 0.2636357796875 0.87379695625 0.23761500624999998 0.851305578125 0.24686024999999998
10 0.8721816734375001 0.184833828125 0.8600080546875001 0.2135339890625 0.876240271875 0.224823209375 0.8953420046874999 0.1953827359375 0.918332021875 0.18665385 0.897680953125 0.177670015625 0.8721816734375001 0.184833828125
10 0.8280575765625 0.2413821328125 0.8562240046875 0.24477657812500003 0.8660196671874999 0.24711708593749998 0.881121534375 0.22506163437499999 0.836216309375 0.210075309375 0.8280575765625 0.2413821328125
10 0.6874946234375 0.2607400015625 0.710971471875 0.22412058125 0.706680059375 0.20832105781250002 0.683628078125 0.22059990937500001 0.6775693046875 0.2478855296875 0.6874946234375 0.2607400015625
10 0.6014571203125 0.21815114375000003 0.6360652671875 0.24158109843750003 0.6984475375 0.21477179687499998 0.6760948124999999 0.1869902515625 0.63467340625 0.20503524843749998 0.6014571203125 0.21815114375000003
10 0.778577371875 0.367773525 0.788102565625 0.31176709062499997 0.73920398125 0.3220726703125 0.734318684375 0.34024859531249996 0.75416131875 0.3664642109375 0.778577371875 0.367773525
10 0.6991971765625 0.34622914374999997 0.6822756156249999 0.3271657671875 0.6332168578124999 0.3465995703125 0.65561384375 0.3718453078125 0.7199151625 0.3845140625 0.7451262390625 0.360726528125 0.7134737328125 0.342420484375 0.6991971765625 0.34622914374999997
10 0.379284840625 0.3804718265625 0.4165827765625 0.3774236484375 0.41097244999999993 0.34993434218749997 0.3685419125 0.3385422609375 0.3400516046875 0.342609628125 0.379284840625 0.3804718265625
10 0.1315177171875 0.2596772765625 0.10099824375 0.263710065625 0.0751995875 0.28189979374999996 0.1307535296875 0.27437409062499996 0.1315177171875 0.2596772765625
10 0.321601715625 0.2684362703125 0.3443518921875 0.2775956515625 0.341517203125 0.23645910625000002 0.3057975328125 0.218589725 0.286412271875 0.22433813906250002 0.321601715625 0.2684362703125
10 0.23118640156249998 0.2482289640625 0.20176075 0.2477153375 0.21306610468749998 0.2687096109375 0.24827613906249998 0.2576574453125 0.23118640156249998 0.2482289640625
10 0.326194053125 0.2711919203125 0.3280638859375 0.2803547375 0.37304876249999996 0.2907777828125 0.3613421375 0.2636888765625 0.326194053125 0.2711919203125
10 0.5879560671874999 0.24177517656249997 0.587917684375 0.21489078281250001 0.5241612546875001 0.2041400796875 0.537328425 0.23480468281250003 0.5350860078124999 0.2469391125 0.5879560671874999 0.24177517656249997
10 0.6062112625 0.24260147656250003 0.6045117453125 0.252716453125 0.629043725 0.3201169828125 0.6361554093749999 0.27152915312500003 0.6998233265625 0.28735063437499997 0.673376878125 0.2615274015625 0.6062112625 0.24260147656250003
