10 0.7530001859375 0 0.752515640625 0.0077055703125 0.7573808171875 0.018663820312500003 0.7556442 0.0408651609375 0.7503778624999999 0.06381676875 0.743733996875 0.061846735937499994 0.7344130453125 0.0592152796875 0.7091973140625 0.0479707484375 0.697442734375 0.0501616484375 0.6838320437500001 0.0512097671875 0.678686734375 0.076902653125 0.6775374140625 0.0866799328125 0.6553624046875 0.0843205421875 0.6344005171875 0.0724786828125 0.6155541453125 0.0770998296875 0.6091535828125 0.080612846875 0.58514819375 0.080488196875 0.563186978125 0.082388434375 0.584979240625 0.11965484062500001 0.5716826953125 0.0999880953125 0.5548624359375001 0.1023473296875 0.550339803125 0.08750262187499999 0.5287768890625 0.056826603125 0.47837968750000004 0.0281491234375 0.4505984640625 0.012421749999999999 0.4412676359375 0.0265189796875 0.39831939375 0.052376776562500005 0.36602076875 0.0713567203125 0.37020982343750003 0.09411761874999999 0.34119516562499996 0.0919200640625 0.327712446875 0.0783456640625 0.31658260625 0.0717700828125 0.27928153437500003 0.06062206875 0.2867161359375 0.086442953125 0.3166859546875 0.11958773125 0.33132365468749997 0.131475025 0.3126503421875 0.14842317656249998 0.29053573125 0.1369721671875 0.25384039375 0.1332345921875 0.208889915625 0.13644315625 0.19567679843750002 0.157711546875 0.18582592656250002 0.18259160937500002 0.1948331609375 0.2046169984375 0.2097707265625 0.2138444453125 0.2221824609375 0.26002795 0.22595495625 0.2848970078125 0.23280253593750003 0.3405156109375 0.2536318609375 0.361181878125 0.27446102968749997 0.38184741875 0.2921649984375 0.3979865453125 0.3090233359375 0.407094346875 0.3103117109375 0.42332681406250006 0.3389274515625 0.43483908906249996 0.38072426875 0.44527987343750003 0.37294119375 0.45241429687499995 0.3485615484375 0.4526927609375 0.3500330203125 0.474877559375 0.3793524046875 0.49060003124999996 0.39359895312500004 0.48586438750000005 0.4462811359375 0.49553631875 0.4553242078125 0.5034350046875 0.49860346250000004 0.5208340390624999 0.5156484453125 0.4288567875 0.47443829531250004 0.4024245171875 0.4747501515625 0.3909005734375 0.47992114687500004 0.382026034375 0.4981613125 0.3797857765625 0.51755754375 0.38875820625 0.526519096875 0.36884771875 0.5236201656249999 0.3465485875 0.5630319593750001 0.34430919531250004 0.597961421875 0.3397496921875 0.591377796875 0.3145500015625 0.655883871875 0.2840613359375 0.6764753359375 0.305874178125 0.6980881875 0.3180576984375 0.7140192484375001 0.3179450640625 0.7200710578125 0.3088840625 0.713210334375 0.351671953125 0.726888175 0.37127132343749997 0.73934960625 0.3649395546875 0.7524145515625 0.3744381984375 0.7713250796875 0.3724648421875 0.7981380546875 0.38558924375000003 0.8076822546875 0.3684198953125 0.81116785625 0.338625090625 0.8373500828125 0.2986869109375 0.8399459515625001 0.274810434375 0.8541550156250001 0.2767006296875 0.8666108875 0.247863359375 0.9219652984375 0.264333309375 0.9306818484375 0.24038325624999998 0.8803407562500001 0.20852581093749997 0.8838612187500001 0.18322538906250002 0.9180831250000001 0.14935221406250002 0.928442178125 0.11079480156249999 0.904892015625 0 0.81826360625 0 0.7884379515625 0.062810315625 0.7661174890625 0.072781828125 0.7619275890625 0.0530699015625 0.7713712640625 0.03784051875 0.7776760109375 0 0.7530001859375 0
13 0.5887394718750001 0.3551491765625 0.5866132890625 0.37401539375000004 0.5868560078125 0.4054725515625 0.5950840546875 0.4187974546875 0.59278295625 0.4218089984375 0.626039359375 0.415149525 0.6372662359375 0.39434889375000004 0.6386570984375 0.36336253281249997 0.5887394718750001 0.3551491765625
9 0.660593884375 0.4579062578125 0.6226685484375001 0.44837127812500005 0.59841876875 0.4858532609375 0.6249485390625 0.49085381874999995 0.6413277203125001 0.4726410421875 0.6704206703125 0.4738224 0.6781847062499999 0.46848909687500007 0.660593884375 0.4579062578125
13 0.646355796875 0.135734925 0.631929859375 0.1690286578125 0.6458532640625 0.201721946875 0.674072690625 0.20734999843750002 0.680948734375 0.2027880078125 0.7062058875 0.149365628125 0.7076019734375001 0.12039093593750001 0.6857396437500001 0.11186218125 0.6576141 0.121715621875 0.646355796875 0.135734925
9 0.49190429687500004 0 0.493435196875 0.0060736515625 0.5245714671874999 0.050662089062500006 0.5404010375 0.0878856984375 0.6117868484375 0.076376196875 0.6397773171875001 0.0678502796875 0.6666846734375 0.0529298796875 0.7045585578125 0.027582535937500003 0.6524680109375 0.0035814531249999996 0.6540052296875001 0 0.49190429687500004 0
9 0.7057715171875001 0.027791071875 0.6852398843749999 0.0402519 0.6455558375 0.0755534453125 0.6728400546875 0.0804559234375 0.704123109375 0.0447032171875 0.7057715171875001 0.027791071875
9 0.716736765625 0 0.7174255453125 0.00212821875 0.7066068999999999 0.023933534375000003 0.7094390109375001 0.045045275 0.712833571875 0.0470077421875 0.74643546875 0.063311125 0.757443496875 0.0410979375 0.7532938421875001 0 0.716736765625 0
10 0.2040211671875 0.1457327203125 0.181955384375 0.1047692875 0.15638698125 0.11410121718749999 0.17929847031249999 0.1610090578125 0.2040211671875 0.1457327203125
17 0.7964365984375 0.6809432515625 0.7904962390625 0.6703791203125 0.7849683796875 0.6798323265625 0.7896207265624999 0.688943040625 0.7964365984375 0.6809432515625
5 0.6527173453125 0 0.705622621875 0.0280680515625 0.7203933140625 0 0.6527173453125 0
