5 0.8931750984375 0.720226190625 0.9042058531249999 0.6004417984375 0.8024786703125001 0.5786626984375001 0.80697271875 0.5628730156249999 0.7685694437499999 0.528027115625 0.753862103125 0.5547063484375 0.727715278125 0.5470833328125 0.69952579375 0.61677579375 0.6957624015625 0.719972884375 0.6954404765625 0.7267599203125 0.8735649796875 0.8024411375 0.8931750984375 0.720226190625
10 0.773568453125 0.5257328046875 0.80298363125 0.5513234125 0.8021666671875 0.5780026453125 0.8144231156249999 0.5790912703125 0.8511919640625001 0.537711640625 0.849148809375 0.510487434375 0.787867559375 0.5148432546875 0.7408849203125001 0.5404338625 0.7388422625 0.5518677249999999 0.7527326390625 0.5518677249999999 0.773568453125 0.5257328046875
10 0.7317366078124999 0.4854417984375 0.7345967265625 0.45168452343750004 0.7215233140625 0.42446097812500005 0.703955853125 0.4092156078125 0.6818943453124999 0.403226190625 0.6610585312499999 0.4168379625 0.6610585312499999 0.45712896875000003 0.6639186515625 0.47890806875 0.6802604171875 0.5061316140625001 0.7055897812499999 0.519744046875 0.7227490078125001 0.510487434375 0.7317366078124999 0.4854417984375
5 0.7180694437499999 0.5826838624999999 0.7176612109375 0.557638228125 0.7156180562500001 0.5472936515625 0.702136409375 0.5467486765625 0.700501984375 0.5554603171875 0.5791646828125 0.5168029093750001 0.5722197421875 0.5042797625000001 0.54975 0.5010132281249999 0.5293224203125 0.5309589953125 0.5052187499999999 0.5647162703124999 0.5142063484375 0.641487434375 0.6850362109375 0.7118002640625 0.6927400796875001 0.7160800265625 0.69886805625 0.6197083328125 0.7180694437499999 0.5826838624999999
9 0.45116319374999997 0.38153439218749996 0.4405411703125 0.4142030421875 0.45279761875 0.4425158734375 0.4630109125 0.4463267203125 0.4883407734375 0.4632056875 0.505908234375 0.48552910000000005 0.5197986109375 0.4849847890625 0.543494046875 0.45830555625 0.5418596234375 0.42727050312500003 0.5418596234375 0.3918796296875 0.5251096234375 0.36574470937500003 0.48425496093750003 0.3619332015625 0.45116319374999997 0.38153439218749996
9 0.47974305624999997 0.36555555625 0.5083412703125 0.3611997359375 0.5410248015625 0.37154431250000003 0.5475615078125 0.3611997359375 0.5434761906250001 0.3437764546875 0.4756577375 0.31981944375000004 0.4053883921875 0.1886018515625 0.4127420640625 0.165733465625 0.41110813437499993 0.154299603125 0.3396130953125 0.19894642812500002 0.328990575 0.22943716875 0.328990575 0.24631547656250002 0.3408387890625 0.2582943125 0.35309474218750003 0.24849338593749998 0.3698452375 0.2811620375 0.32572271875 0.32145304218750004 0.3249052578125 0.3377870375 0.351869046875 0.373177909375 0.433740575 0.42509193125 0.440931546875 0.402579365625 0.4474682546875 0.390056878125 0.46095039687500006 0.371 0.47974305624999997 0.36555555625
9 0.35553720312500003 0.4045046296875 0.4139588296875 0.4431626984375 0.5324583328125 0.536851190625 0.5426716265625 0.5259616406250001 0.5426716265625 0.5134384921875 0.41929166718750005 0.4089001328125 0.3710838296875 0.3838538359375 0.2963204359375 0.34356283125 0.2407584328125 0.3250509265625 0.18070238125 0.29728306875 0.18193402812499998 0.2909312171875 0.164319940625 0.3111078046875 0.230095734375 0.345410053125 0.27054117031249997 0.3611997359375 0.35553720312500003 0.4045046296875
9 0.31662003906249997 0.5113174609375 0.3382728171875 0.4623148140625 0.3198883921875 0.4187566140625 0.3897495046875 0.4710264546875 0.43673164687500005 0.488994046875 0.38280406718750004 0.4203902109375 0.3002782734375 0.394799603125 0.2651438484375 0.3653981484375 0.23246031718750002 0.3643095234375 0.20958184531250001 0.3316408734375 0.1670932546875 0.360498015625 0.120928075 0.3757433859375 0.14870882968750002 0.42529034374999997 0.10090922656250001 0.44761375625 0.0911041671875 0.5031501328125 0.147483134375 0.5271071421875 0.158105159375 0.5663088625 0.1270560515625 0.5951660046875 0.08701884843749999 0.6496130953125 0.175264384375 0.6468908734375 0.261466765625 0.6447129625 0.27780853125 0.597888228125 0.2765828375 0.554875 0.31662003906249997 0.5113174609375
2 0.7565004953125001 0.6489186515625 0.7623120046875 0.634535053125 0.7795803578125 0.6148406078125 0.7769241078125 0.6035548937499999 0.7518511906249999 0.6201514546875 0.7428849203125 0.6223644187499999 0.7209796625 0.6374755296875 0.71648363125 0.6396243390625 0.745209325 0.6617526453125 0.7565004953125001 0.6489186515625
10 0.572101190625 0.5243630953125 0.5716458328125 0.5082817453125 0.5454632937499999 0.5061574078125 0.527704365625 0.5586494703125 0.5299811515624999 0.598093915625 0.5450079359375 0.6096236765625 0.5623115078125 0.59323941875 0.566409721875 0.5480297625 0.572101190625 0.5243630953125
