12 0.12019670625000001 0.2053967953125 0.10481946718749999 0.26146364218749996 0.0920890203125 0.29504536875 0.098640771875 0.38112939375 0.18438588125 0.4602837234375 0.2771199109375 0.4372161140625 0.300133775 0.44108662499999995 0.26715788749999997 0.489591228125 0.319936175 0.486525375 0.3964845171875 0.45605287031249997 0.454014675 0.4353573875 0.5041276625 0.4290250859375 0.5689931703125 0.4041907953125 0.6070382375000001 0.34964497968749997 0.5866415453125 0.332530121875 0.555447596875 0.2463566296875 0.5100141625 0.21029171406249997 0.4730705484375 0.14017588125 0.44024055312500004 0.142480803125 0.391775240625 0.075049275 0.278551675 0.1262170921875 0.2429339 0.0839780734375 0.1801076234375 0.103370975 0.168854015625 0.116782503125 0.13330200625 0.1649239671875 0.12019670625000001 0.2053967953125
11 0.5823882359375 0 0.5571969546875 0.030021799999999998 0.55016860625 0.080741175 0.5353330359374999 0.1094682390625 0.4801512921875 0.1218412453125 0.4534237109375 0.14264798750000002 0.5280367359375 0.16510929375 0.5479751453125 0.1993400078125 0.5464450171874999 0.23614340625 0.56372763125 0.2321157109375 0.596918040625 0.179673725 0.6180709249999999 0.1655114203125 0.6416938984375 0.18430431875 0.65431256875 0.1701865984375 0.6543658125 0.15855167812499998 0.6125196859375001 0.0846778546875 0.5893446859375 0.0837612515625 0.58310645 0 0.5823882359375 0
9 0.298548284375 0.694562765625 0.3097765234375 0.6904425015625 0.3071850453125 0.6571998171875 0.2756774453125 0.62956690625 0.24426996875 0.6506116203125 0.27722070468750004 0.6854299515625 0.289884190625 0.678530440625 0.298548284375 0.694562765625
5 0.2741376578125 0.8295113468749999 0.3153407734375 0.8301149234375 0.32609723281249997 0.7979650796875 0.2955683609375 0.679702384375 0.2501928640625 0.7208916000000001 0.2741376578125 0.8295113468749999
9 0.29068353125 0.8346465109375 0.24534748281250002 0.7358708015625 0.2127858640625 0.7332535375 0.14685259374999998 0.8560143109375 0.15118305468749998 0.860011475 0.2368817171875 0.931921190625 0.308531475 0.8469013890625 0.29068353125 0.8346465109375
11 0.348251478125 0.6417345890624999 0.383279440625 0.5990692656250001 0.46837188125000007 0.5335605328125 0.48211624999999997 0.4987704609375 0.4812096125 0.49800970156249996 0.47833390624999994 0.481185415625 0.4416439078125 0.45863362343749997 0.38748100625 0.4523028765625 0.3247990875 0.4892633125 0.28382980625 0.5104737328125 0.2482704390625 0.5454875140625 0.205926425 0.5223096890625001 0.1557895859375 0.5203863390625 0.146368425 0.5454218625 0.11039477499999999 0.535824178125 0.0376139609375 0.5406354484375 0.01333261875 0.586141746875 0.1243241015625 0.60207000625 0.117544390625 0.622116325 0.1891020625 0.6049556890625001 0.168212634375 0.6316912171875 0.15115443906249998 0.6925232203125 0.2328419 0.6458424984375 0.2977977546875 0.628222315625 0.3252094828125 0.630507915625 0.3376201125 0.6558993203125 0.348251478125 0.6417345890624999
5 1 0.6048091078125 0.8599021921875 0.6571471156250001 0.784202525 0.419659584375 0.76597760625 0.41468340625 0.7214015093749999 0.458601659375 0.7992116 0.6834487640625 0.70922138125 0.7170534765625 0.7082366265625 0.8047557125000001 0.6904127671875 0.836122684375 0.7381761234375 0.933846890625 0.74165798125 0.9223339218750001 0.8136344624999999 0.8365556906249999 1 0.6392896578125 1 0.6048091078125
9 0.747387109375 0.49249672499999997 0.695324790625 0.5085163671874999 0.65965548125 0.48485774531250003 0.6026461609375 0.5068864343749999 0.49460313749999996 0.6282828734375 0.424020728125 0.68846656875 0.3614842921875 0.7749611625 0.3715486484375 0.8338465109375001 0.43629056874999994 0.8871802890625 0.51006515625 0.95114364375 0.5703838875 0.8792585796875001 0.6039109171875 0.8641563890624999 0.6280751359375001 0.8556100125 0.6843579203125 0.8143091953124999 0.730079453125 0.7754694625 0.717856165625 0.7127134328125 0.7795492453125 0.68521629375 0.7843159203125001 0.6150996109375 0.7690315562500001 0.5302172328125 0.747387109375 0.49249672499999997
12 0.780441340625 0.40946370156249995 0.8027222953125 0.4607335265625 0.8440697296874999 0.4397955171875 0.8433458046875 0.417357896875 0.82669533125 0.3966936890625 0.8255210046875 0.396285903125 0.81318791875 0.38593721406250003 0.7889558140624999 0.393900840625 0.7526784890625 0.40330828125 0.7539804828125 0.4306764203125 0.780441340625 0.40946370156249995
2 0.474884221875 0.77650555625 0.4958706828125 0.8785255828125 0.517734615625 0.8948124765625 0.5656348046875 0.7898609640625 0.47760867500000004 0.7612921078125 0.474884221875 0.77650555625
4 0.5177721109375 0.6241135171875001 0.4483934859375 0.670896025 0.4284838609375 0.7231588859375 0.455123896875 0.7300721171875 0.4889969640625 0.7173194109375001 0.5280510328125 0.6790606578125 0.5177721109375 0.6241135171875001
16 0.864276896875 0.45446774375 0.947897178125 0.4072823828125 0.9740753046874999 0.3972063890625 0.9333489015625 0.3611049859375 0.9127520796875 0.391174296875 0.9024703453124999 0.40483206406249994 0.82915645625 0.4466151171875 0.7977879765625 0.4655876734375 0.8236146578125 0.52225790625 0.864276896875 0.45446774375
5 0.5426147859375 0.6478478156249999 0.48794537812499994 0.6899869875 0.451242553125 0.7051405140625 0.39946826406249997 0.725580528125 0.35835743125 0.727628078125 0.3381279015625 0.68131549375 0.3393604578125 0.658674546875 0.328128496875 0.625573765625 0.2981103640625 0.6328109468750001 0.31916127968749997 0.6988559859375 0.300155803125 0.71276105625 0.3240631109375 0.7698790062499999 0.3497767703125 0.75028060625 0.4465544453125 0.7182538593750001 0.5012974 0.700881578125 0.54120384375 0.6868103484375 0.5629678890625 0.630956153125 0.5700589453125 0.5921278484375 0.54128794375 0.5721043625 0.51502563125 0.597418896875 0.5426147859375 0.6478478156249999
