10 0.41181124999999996 0.797705 0.43737750000000003 0.8180941671875 0.433815625 0.8662416671875001 0.450608125 0.8829191671875 0.434324375 0.9358141671875 0.439413125 0.9934558328125 0.46790875 0.9961683328125 0.49589625000000004 0.9819275 0.572224375 0.9832841671875 0.629215625 0.9921 0.64142875 0.9744683328124999 0.64142875 0.8951258328125 0.6862075 0.9119241671875 0.7106325 0.8183408328124999 0.700455625 0.7613766671875 0.7152125 0.6867816671875 0.669415625 0.6406675 0.677048125 0.5711758328125 0.60784375 0.5365908328125 0.559503125 0.4687766671875 0.47554187499999995 0.4735241671875 0.402143125 0.5033916671875 0.445395625 0.6057908328125 0.44997499999999996 0.6586858328125 0.4377625 0.7258216671875 0.41181124999999996 0.797705
5 0.6261625000000001 0.2629683328125 0.650588125 0.13683416718750002 0.616494375 0.1293741671875 0.56968 0.28806 0.5773125 0.3402766671875 0.60682625 0.3416325 0.6261625000000001 0.2629683328125
9 0.680105 0.22079 0.716743125 0.23977750000000003 0.73552375 0.19101666718750002 0.680105 0.22079
10 0.7435562499999999 0.4271533328125 0.734905625 0.3803616671875 0.7059006250000001 0.3084783328125 0.68969125 0.3174375 0.65348875 0.36476416718750004 0.655015 0.42376250000000004 0.72014875 0.4407158328125 0.7435562499999999 0.4271533328125
2 0.77529 0.7278883328125 0.79920625 0.7353483328125 0.79818875 0.7156816671875 0.8048037499999999 0.6756716671875 0.80633 0.5963291671875 0.78641625 0.5625316671875 0.786485 0.60311 0.7640956250000001 0.6865216671875001 0.77529 0.7278883328125
10 0.9335437499999999 0.949855 0.952880625 0.9145916671875 0.918278125 0.873225 0.844494375 0.8162616671875 0.7590068750000001 0.78032 0.746285625 0.8033766671875 0.8531449999999999 0.8888225000000001 0.897924375 0.9234075 0.9335437499999999 0.949855
9 0.9815250000000001 0.5298183328125 0.999375 0.4993016671875 0.999375 0.3446858328125 0.9031612499999999 0.2850091671875 0.87771875 0.3894425 0.8899312500000001 0.428775 0.95659125 0.5060833328125 0.9815250000000001 0.5298183328125
2 0.9051918750000001 0.1472316671875 0.8207681250000001 0.1129816671875 0.8181775 0.1838508328125 0.879749375 0.2184366671875 0.9051918750000001 0.193345 0.9051918750000001 0.1472316671875
10 0.8690631249999999 0.0007533328125 0.8700806249999999 0.046188332812499996 0.999375 0.1370591671875 0.999375 0 0.8690631249999999 0.0007533328125
10 0.34676999999999997 0.4002866671875 0.21446749999999998 0.4492 0.19513125 0.5136233328124999 0.156458125 0.5705875 0.09437812500000001 0.6594233328125 0.12770375 0.6999316671875 0.18851625 0.8208216671875 0.229733125 0.885245 0.44548812499999996 0.7095191671875 0.45413812499999995 0.6735775 0.424625 0.54134 0.34676999999999997 0.4002866671875
9 0.09908625 0.0000875 0.006351875 0.0068775 0.055711250000000004 0.1018175 0.116265 0.1058858328125 0.134074375 0.08621999999999999 0.09908625 0.0000875
10 0.095015 0 0.132670625 0.060442499999999996 0.260901875 0.0136508328125 0.26344625 0 0.095015 0
9 0.277448125 0 0.31154125 0.0421325 0.326298125 0.1194408328125 0.325789375 0.1777608328125 0.384816875 0.1703008328125 0.392449375 0.20963333281250002 0.41636562499999996 0.25167833281249996 0.46063625 0.32017 0.496255625 0.3533991671875 0.5476631249999999 0.3287525 0.57412375 0.2955233328125 0.58633625 0.23042166718749998 0.548171875 0.1731558328125 0.55784 0.13518 0.6255181249999999 0.0972041671875 0.594986875 0.0490566671875 0.553260625 0.0198958328125 0.535450625 0.0673658328125 0.529853125 0.0958483328125 0.48609187499999995 0.0788941671875 0.4611575 0.0524466671875 0.47795 0 0.277448125 0
