5 0.2853948359375 0.3005752015625 0.2943896015625 0.3218703421875 0.3141791859375 0.33932346406249997 0.3734188859375 0.313764446875 0.364625553125 0.29611117187499997 0.3253503546875 0.299222096875 0.3110510203125 0.29005498749999997 0.2853948359375 0.3005752015625
2 0.31901563125 0.297469909375 0.34754681875000004 0.28043900625 0.355298603125 0.28087095156249997 0.3930107765625 0.2570954015625 0.39712454375 0.2523996171875 0.38979464375 0.24008514218750002 0.3758742015625 0.2272129765625 0.331352621875 0.2524516875 0.328810709375 0.26822781406249996 0.311690146875 0.28036329375 0.31901563125 0.297469909375
8 0.3195984578125 0.2950109671875 0.3428458734375 0.30349445625000004 0.364335346875 0.2939883765625 0.3740437109375 0.283498890625 0.3665470984375 0.26655066562499996 0.3475070546875 0.25127235 0.336479734375 0.247670578125 0.3219187359375 0.2622072484375 0.314392109375 0.2764073828125 0.3195984578125 0.2950109671875
9 0.20956768593750003 0.44867114218750004 0.22637196249999997 0.4454483359375 0.23318028281249997 0.43287635 0.2609739140625 0.4359124203125 0.2570357 0.41254507343749997 0.27930459375 0.409014453125 0.267716221875 0.38630818125 0.2506823734375 0.37969105000000003 0.22745367187499999 0.38698928125 0.20844588125 0.4080648796875 0.20429728906250003 0.424860096875 0.20956768593750003 0.44867114218750004
2 0.26326148437499997 0.43738065 0.2317221859375 0.4926447078125 0.235884484375 0.49642271562499996 0.26215531875 0.5138553484374999 0.29581260781249996 0.465434896875 0.2936791734375 0.44635800156250005 0.2799603328125 0.4371287328125 0.26326148437499997 0.43738065
12 0.2814102421875 0.4389072546875 0.295948571875 0.44833065625 0.333695946875 0.4705025328125 0.36924575625 0.4699072703125 0.4271018546875 0.462394784375 0.43379973749999995 0.4575851953125 0.5037389531249999 0.5096195 0.5086906890625 0.50978995625 0.534831653125 0.5275434437500001 0.557671615625 0.5335343109374999 0.5626607453125 0.5303181625 0.5416264328125 0.517855475 0.5252430218749999 0.5091955109375 0.50105214375 0.487708090625 0.4816888578125 0.45358029687499996 0.43136347500000005 0.37220184375 0.42718391718750004 0.34270801875 0.414330884375 0.2508029375 0.38750607812500004 0.23368714062499998 0.3958499828125 0.257025509375 0.37278281875 0.2737479640625 0.37393229843750003 0.28560265 0.3647019265625 0.29660471875 0.3738065359375 0.3101368265625 0.31493689687500004 0.341575071875 0.3036430359375 0.3315195703125 0.299031309375 0.33342665781249997 0.2730423265625 0.36963005312499997 0.275346128125 0.388546890625 0.2713804234375 0.3932032859375 0.28110100937500004 0.40568301875 0.2680515765625 0.4101912109375 0.2657900453125 0.41804527656249996 0.2814102421875 0.4389072546875
2 0.4759135109375 0.38364041875 0.5118243796875 0.3985076359375 0.5509679578125 0.42472318593749997 0.5796631875 0.414720753125 0.5797563968749999 0.38878064375 0.572946296875 0.368800003125 0.5309390859375 0.3720651546875 0.518587334375 0.361559865625 0.49125699218749996 0.3377340484375 0.4876094859375 0.3310813828125 0.4554189984375 0.318490009375 0.4488960640625 0.3183484296875 0.4365025046875 0.3160218875 0.435229340625 0.326306021875 0.4441350203125 0.3338005125 0.44707983906250004 0.3602581625 0.4759135109375 0.38364041875
7 0.5147025234375 0.2914241109375 0.5305291640625 0.3111364484375 0.5617755984375 0.31072325625 0.5829792578124999 0.3139311359375 0.587722640625 0.3176476203125 0.5975108 0.29559341875 0.5921234734375 0.28673226875 0.5541368875 0.2651841484375 0.5348385765625 0.2688172296875 0.525923471875 0.2709063875 0.5089812140625 0.2756941515625 0.5147025234375 0.2914241109375
9 0.4327758640625 0.32702685 0.4372239734375 0.3180908953125 0.44817986562499995 0.318827246875 0.453193809375 0.3119175765625 0.42984346875 0.304009225 0.42597406250000003 0.3502269953125 0.4293006984375 0.37058344062500004 0.4602070859375 0.3876229296875 0.4586782921875 0.3794736953125 0.4417637109375 0.3555098859375 0.4459704890625 0.34871442343750003 0.44175000468750003 0.33493665781250004 0.4327758640625 0.32702685
7 0.5212607671875 0.40724314531249994 0.5187267453125 0.4319946578125 0.575322375 0.46699723750000005 0.5822985218750001 0.47374425000000003 0.591482128125 0.4540610546875 0.5909013546875 0.42546072500000004 0.567105784375 0.4185097328125 0.549993621875 0.4202516328125 0.5212607671875 0.40724314531249994
2 0.5286297156249999 0.5123603640625001 0.6262353265625 0.551410171875 0.649944096875 0.5435168359375 0.6605068843749999 0.5461654375 0.662628990625 0.5454813406250001 0.661857503125 0.5309199890625 0.65276818125 0.5257511796875 0.62678848125 0.4973819046875 0.5739590734375 0.473793728125 0.518872459375 0.47754178437499994 0.49040367187499995 0.45362546249999997 0.483911625 0.45683654218749997 0.49790873125 0.48450304062500005 0.5286297156249999 0.5123603640625001
15 0.6099224984375 0.43197723281249994 0.5913991546874999 0.4250845046875 0.592634903125 0.431750884375 0.6095124859375 0.43662444687499996 0.6099224984375 0.43197723281249994
2 0.6612318203124999 0.3509674765625 0.6698201593750001 0.356107653125 0.6803376 0.35873909375 0.7077479046875 0.350236871875 0.7164002843749999 0.3414573875 0.718720125 0.32792150468750003 0.7167319953125 0.3130726703125 0.70450298125 0.29817854062500004 0.687345828125 0.294276690625 0.6638971 0.29481980937499996 0.6486485359375 0.309750334375 0.6472473671875 0.3163871453125 0.650554815625 0.3303612 0.6612318203124999 0.3509674765625
12 0.6590998453125 0.46124790937500004 0.6628790359375001 0.458433578125 0.6629799921874999 0.45905044375 0.6708941984375 0.4538033578125 0.6965196312499999 0.45584961875 0.7211808093750001 0.45915056718749997 0.746090775 0.4675509046875 0.758515565625 0.4630711359375 0.7712660453125 0.43732236562500004 0.7643160390625 0.4153724515625 0.7538994984375 0.38741556718750003 0.7275369640625 0.36117962812500004 0.709545578125 0.3548573546875 0.6920547765625 0.35517600625 0.6727599984375 0.3596642375 0.676357621875 0.3879386546875 0.6380071703125 0.4109064125 0.6330255453125 0.42514811406249997 0.6446844453125 0.45265630312500005 0.6590998453125 0.46124790937500004
12 0.5944055296874999 0.46460395937500004 0.5936006375 0.47804214375000004 0.5790628875 0.47668900000000003 0.6031532453125 0.4823758671875 0.6311956750000001 0.4451136671875 0.6283445375000001 0.442586065625 0.5944055296874999 0.46460395937500004
1 0.58746896875 0.478050534375 0.5950963859375 0.476013609375 0.59508205625 0.4671452859375 0.590763978125 0.463876378125 0.57998509375 0.47297547656249994 0.58746896875 0.478050534375
9 0.5506914625 0.453316803125 0.51609565 0.43165409062500004 0.519937090625 0.40595210000000004 0.5003676968749999 0.4120637421875 0.50307104375 0.42381653906250005 0.5244206671875 0.456245421875 0.5384648390625 0.4631334015625 0.5587390250000001 0.46103841250000005 0.5506914625 0.453316803125
