4 0.3947640140625 0.5237246 0.3555236921875 0.5579715281250001 0.3505982109375 0.6155321265625 0.37774180468749996 0.6403675953125 0.40515824531250005 0.6386061093750001 0.47115472656249996 0.646450271875 0.4754540328125 0.5720060703125001 0.46995812187499997 0.5293042078125 0.44079654843749994 0.5206645609375 0.3947640140625 0.5237246
2 0.6204127015625 0.79499549375 0.6212929859375 0.754374759375 0.604446696875 0.6898836187499999 0.58797605 0.646233540625 0.574858415625 0.6366854953125001 0.5332791765625 0.6364586812499999 0.5023916234375 0.648324634375 0.4960449171875 0.692604559375 0.4919233078125 0.7620146515624999 0.5365419171875 0.8146764 0.5857083578125 0.8424862203125001 0.6204127015625 0.79499549375
10 0.8162406015625001 0.8263948390625 0.8741092203124999 0.8419615484375 0.893311753125 0.8123922406249999 0.834357096875 0.7794602046875 0.8162406015625001 0.8263948390625
5 1 0.26017817656250003 0.986182540625 0.22426166093750002 0.98304968125 0.217514484375 0.9610230859375 0.20321024531249998 0.9484625140625 0.207930290625 0.9343005234374999 0.23864641875 0.942751765625 0.25864821718750003 0.9899456890625 0.27296862499999996 1 0.2826267015625 1 0.26017817656250003
9 0.656129953125 0.27581269218750004 0.6997519890625 0.2914418640625 0.7199488265625 0.268726503125 0.7114889843750001 0.2351122578125 0.6725302203125 0.22750069375 0.6514540890625 0.2473775296875 0.656129953125 0.27581269218750004
4 0.14439819375000001 0.2192704625 0.1673093078125 0.187491259375 0.1482419890625 0.1485324671875 0.12886752343750002 0.15345466875 0.07621907343749999 0.2345261734375 0.0769789125 0.23487067343749998 0.14439819375000001 0.2192704625
10 0.084251190625 0.269890546875 0.096192153125 0.245847828125 0.076310840625 0.2343848625 0.0496372328125 0.27545861562499996 0.058001540625 0.279505325 0.084251190625 0.269890546875
10 0 0.4309122859375 0.056827882812499994 0.41400311093750003 0.0334140234375 0.3801551640625 0.03136190625 0.3811046609375 0.028625568750000004 0.36781522031249997 0 0.388443078125 0 0.4309122859375
10 0.0510460921875 0.5309334890625 0.038757525 0.5435558078125 0.077015578125 0.584760615625 0.0959156921875 0.54125075625 0.0510460921875 0.5309334890625
4 0.38909793593750003 1 0.3822143984375 0.931052034375 0.3787909765625 0.8913957734375 0.3368740875 0.8278185375 0.2657385046875 0.7616261953125 0.23177086875000003 0.7656225984375 0.1966145015625 0.8106575875 0.1688933171875 0.8526443031250001 0.24981609531250001 0.93371031875 0.3518932515625 1 0.38909793593750003 1
2 0.12630723906250002 0.8404352703125 0.17520154375000002 0.8438507468750001 0.17756266874999999 0.8434237343750001 0.216145403125 0.7903130078125 0.26305413906249997 0.7607877515625 0.30891985625 0.8014803984375 0.31832312812499997 0.8094048062500001 0.3648632734375 0.7699446765625 0.3576402765625 0.7040533515625 0.3274071265625 0.681996525 0.2924800421875 0.6853698546875 0.229256278125 0.6952107578125 0.2286166484375 0.6947953765625 0.1790702 0.6989765421875 0.14568058281250001 0.7069840171874999 0.0758382421875 0.7319177796874999 0.0541330203125 0.7499372921874999 0.030724696875000002 0.7698802453125 0.0267513390625 0.7888503734375 0.08030605156250001 0.8236292093750001 0.0911969453125 0.8230879296875001 0.12630723906250002 0.8404352703125
10 0.3590355953125 0.8509232484375 0.44710645937500004 0.8378272296875 0.4230066734375 0.7755197078125 0.36572609843750004 0.7551215 0.3653184015625 0.7768367015625001 0.3347138984375 0.8078607984374999 0.3590355953125 0.8509232484375
10 0.2297053140625 0.6128867890625 0.22367890781250002 0.6451662765624999 0.2022822578125 0.660209290625 0.19570371875 0.6903352625 0.3372143359375 0.68360876875 0.270792296875 0.6196632984375 0.285377825 0.5857037390625 0.2297053140625 0.6128867890625
9 0.0913201234375 0.73293569375 0.18425114843749998 0.696470853125 0.1817873640625 0.652558440625 0.117627953125 0.6161073609375001 0.0345216453125 0.689716703125 0.025270946875 0.7551887515625 0.0913201234375 0.73293569375
