5 1 0.8049415375000001 0.9320940375 0.8179467953125 0.6123570125 0.8691077765624999 0.6002962234375 0.8705127234375001 0.6069746781250001 0.8928470671875001 1 0.8351663874999999 1 0.8049415375000001
10 0.8263976796874999 0.741887634375 0.8063248796875 0.745574915625 0.8049378812500001 0.7626709515625001 0.8006802859375 0.744456646875 0.775744584375 0.7289003890625 0.7195167140625001 0.7205740546875 0.6969320734375 0.6633828640625 0.6714880203125 0.6763231640625 0.688519046875 0.7891545171875001 0.702705965625 0.8504480031250001 0.8261836765625 0.8317340062499999 0.83189264375 0.8258859171875 0.8344043640625 0.8068120765625 0.8291666796875001 0.7749015078125 0.8237573906250001 0.7748926359375 0.8263976796874999 0.741887634375
9 0.8068583484375 0.8665475421875 0.7179829109375 0.879066009375 0.718052575 0.8848444656250001 0.725700534375 0.8953854515625 0.80572831875 0.895756325 0.8068583484375 0.8665475421875
9 0.523841978125 0.3971896546875 0.4299052875 0.318664978125 0.30306416875000003 0.368800459375 0.2865102859375 0.354422834375 0.3019133890625 0.5069330640625 0.265774328125 0.573130403125 0.3918065546875 0.677276753125 0.47811639531249994 0.556384209375 0.46223187499999996 0.5325307171875 0.5250846375 0.47571844375000005 0.523841978125 0.3971896546875
5 0.5013919578125 0.5985508359375 0.570221565625 0.57349201875 0.5367167625 0.474010821875 0.5142932499999999 0.47935641406249996 0.500074190625 0.5014980515625 0.46754476875 0.522896309375 0.470204440625 0.5371231125 0.5013919578125 0.5985508359375
9 0.2601513125 0.8418433703125 0.2873888640625 0.96123301875 0.5031918140625 0.9237345187500001 0.45889226250000004 0.8015928625000001 0.2601513125 0.8418433703125
9 0.3770614953125 0.7732371671875 0.40417321875 0.814516446875 0.47943567187499997 0.844762790625 0.53823560625 0.7337956640625001 0.461142025 0.691181240625 0.3794309640625 0.7731318546875 0.3770614953125 0.7732371671875
5 0.6940567015625 0.49617645625 0.6264850562500001 0.5777388359375 0.6346876078125 0.6030865984375 0.6706811453125 0.6587650125 0.6991168671875 0.667849940625 0.754999003125 0.61515923125 0.7720320921875 0.58163338125 0.7029390156249999 0.48830739218749997 0.6940567015625 0.49617645625
9 0.634578446875 0.48396774374999996 0.68102605 0.45861449218750006 0.7396431921875 0.45741365468749995 0.7381276156250001 0.443662334375 0.598832165625 0.409589278125 0.5925714359375001 0.416549728125 0.5368936 0.422754728125 0.5339081765625 0.430778171875 0.5197734890625 0.4657992703125 0.5426731796875 0.48415255312500005 0.55720120625 0.511673403125 0.5723379875 0.5299175609375 0.57376229375 0.5697238875 0.607183834375 0.5724714953125 0.6060650062499999 0.50762029375 0.634578446875 0.48396774374999996
10 0.6199720625 0.48918374687500005 0.60571034375 0.51367675 0.6142642406250001 0.573780596875 0.6284279749999999 0.5841399453125 0.7073306968749999 0.49629856562499997 0.7297787375 0.53128401875 0.7516576453125 0.5227637656249999 0.739910196875 0.46087526562500003 0.7269006921875001 0.45484460625 0.6794970499999999 0.4624578578125 0.6199720625 0.48918374687500005
11 0.7675082078125001 0.4571189359375 0.78850199375 0.4797478375 0.8022046578124999 0.45924341562500004 0.7865312171875 0.45061276718750004 0.767823465625 0.45529274218750004 0.7676803921875 0.4546196328125 0.7675082078125001 0.4571189359375
