10 0.4287940859375 0.682821803125 0.4503029109375 0.650508209375 0.4481987546875 0.609651346875 0.43283185625 0.5858959046875001 0.4132923421875 0.576999584375 0.3506512953125 0.570587190625 0.3341785046875 0.6382024265624999 0.3632133453125 0.6548405984375 0.370571815625 0.679785171875 0.3985305296875 0.6855555765625 0.4287940859375 0.682821803125
10 0.575919365625 0.6725096078125 0.5849695015624999 0.6705859421875 0.5995210578125 0.6403678671875 0.604565196875 0.6149349890625 0.5970793015625 0.6075970328125 0.5767161078124999 0.6433657359375 0.5694423703125 0.665255684375 0.575919365625 0.6725096078125
10 0.58195146875 0.54078805 0.5931246406249999 0.5363244109374999 0.5981691734375 0.5233473015625 0.59380376875 0.5159206859375 0.5803785265625 0.5287995921875 0.5777927 0.5349886109375 0.58195146875 0.54078805
10 0.580750109375 0.5551732687500001 0.593446359375 0.551294275 0.5946258609374999 0.5437334093749999 0.589861965625 0.5409865234375 0.5624176375000001 0.54494009375 0.5600748828125 0.5535837671875 0.5685053296875 0.545629934375 0.580750109375 0.5551732687500001
10 0.653795796875 0.5934476828124999 0.65676819375 0.514180146875 0.6513959546875 0.48169520468749993 0.63261113125 0.4850904359375 0.62803375625 0.5428735390625 0.6237371031250001 0.5423248546874999 0.61741871875 0.592090815625 0.6075314328125 0.61916595625 0.5861468234375 0.6572149015625001 0.5866767875 0.66691873125 0.5869340890625 0.6773069359375 0.5919873921875001 0.6964925171874999 0.6063497718749999 0.69719918125 0.608167596875 0.7077205625 0.6101523109375 0.7078781765625 0.6185307796874999 0.6987871203125 0.6492540296875 0.6178093859375 0.653795796875 0.5934476828124999
15 0.4870987578125 0.308550946875 0.5276927578125 0.3421083796875 0.5733888953124999 0.388200659375 0.5768467375 0.3804899296875 0.5186655421874999 0.31944632500000003 0.5004180859375 0.305721453125 0.5009569953125 0.30494099218750004 0.44340857031249997 0.2666829984375 0.4393148078125 0.2745288984375 0.4870987578125 0.308550946875
15 0.2701447828125 0.470790296875 0.2757943234375 0.4775616359375 0.3867042078125 0.36861833437499997 0.3826156328125 0.3608509078125 0.2701447828125 0.470790296875
10 0.381874775 0.410498990625 0.394700790625 0.404118790625 0.39666324531249997 0.39041479218749997 0.390904559375 0.3727051421875 0.3791852640625 0.3738672421875 0.37355102812499996 0.38801955625 0.36994364062499996 0.411706440625 0.381874775 0.410498990625
9 0.43245806093750006 0.4010790078125 0.443371896875 0.3804897984375 0.4491574625 0.3966126359375 0.4576977859375 0.394717696875 0.46146642499999996 0.3613636140625 0.47542735468749997 0.346769996875 0.4691564078125 0.3235224015625 0.451885078125 0.3225428265625 0.4427797328125 0.330789675 0.42236755156249994 0.401563075 0.43245806093750006 0.4010790078125
10 0.41054189374999994 0.46583798125 0.41890617812500003 0.4614025953125 0.41705208125000004 0.448509828125 0.4069802328125 0.446996721875 0.3972875828125 0.4576934375 0.401897884375 0.470000353125 0.41054189374999994 0.46583798125
10 0.5101153671875001 0.46426061875 0.5192923328125 0.47094647343749996 0.5303685375 0.41046182656249997 0.5222328468749999 0.40554785000000004 0.5201823546875 0.4136237328125 0.5253777171875 0.4161733703125 0.5176877328125 0.45401458124999994 0.5114228296875 0.45268905000000004 0.5101153671875001 0.46426061875
10 0.2775621296875 0.500758628125 0.2879417640625 0.4995488109375 0.2866166171875 0.48288966875000006 0.2852316109375 0.4775741359375 0.27910036250000003 0.4871448 0.27088057499999996 0.49121700312499994 0.2738133328125 0.5018876078125001 0.2775621296875 0.500758628125
17 0.029243084375 0.6356945046875 0.0318466953125 0.628358290625 0.03158443125 0.6194609484375 0.028502659375 0.61610821875 0.013791978125000002 0.617438275 0.021757053125000002 0.654911003125 0.0319925265625 0.643520284375 0.029243084375 0.6356945046875
17 0.034681515625 0.6885280203125 0.034089221875 0.653384459375 0.025401892187500004 0.664455059375 0.023362878125 0.6624658203125 0.0290819875 0.6893721109375 0.031037498437499998 0.6901164390625001 0.034681515625 0.6885280203125
10 0.59924729375 0.56761229375 0.607262403125 0.5738296625 0.6068593171875001 0.557016615625 0.5958701343749999 0.5450943796875001 0.5954405515625 0.5430733515624999 0.5846907265625 0.565425371875 0.5972281296874999 0.5796591921875 0.59924729375 0.56761229375
