9 0.0323977859375 0.6405932609375 0.05290885468749999 0.678482909375 0.0975930984375 0.7306503906249999 0.1906243484375 0.7784243156249999 0.3012356765625 0.8322387687499999 0.3796165359375 0.8053315421875 0.4675201828125 0.8360825203125 0.600107421875 0.6605288078125 0.7587011718750001 0.47397167968750004 0.770421875 0.45749804687499995 0.7806770828125 0.403134278125 0.7572363281250001 0.35810595625 0.6942389328125 0.3048403328125 0.6451595046875 0.29495605468749997 0.6056028640625 0.2839736328125 0.5623834640625 0.2828754875 0.5037812500000001 0.296603515625 0.4858333328125 0.3117744140625 0.0668268234375 0.6235703125 0.0323977859375 0.6405932609375
11 0.35050976562499997 0.4176616203125 0.35875195312499997 0.41243408125 0.34344205781250003 0.40462109375 0.329587890625 0.411166503125 0.3340260421875 0.4295434578125 0.35050976562499997 0.4176616203125
5 0.3065592453125 0.398657715625 0.3076438796875 0.406247559375 0.33440234375 0.401639159375 0.3282552078125 0.38862841718749996 0.3065592453125 0.398657715625
10 0.1444928390625 0.3365361328125 0.0757037765625 0.2646557609375 0.0034401046875 0.29799169999999997 0 0.3047626953125 0.05694270781250001 0.335494628125 0.125037109375 0.350600096875 0.1444928390625 0.3365361328125
9 0.2693912765625 0.1871201171875 0.20755012968750003 0.1480546875 0.20546614531250001 0.1657641609375 0.169333984375 0.17305664062499998 0.09151237031250001 0.13607470625 0.0539908859375 0.1100307609375 0.0387044265625 0.11732324218750001 0.0769205734375 0.178265625 0.1470989578125 0.1923291015625 0.281203125 0.21785205 0.2693912765625 0.1871201171875
10 0.388251953125 0.1651103515625 0.3646009109375 0.1758745109375 0.323634765625 0.1853725578125 0.3299694015625 0.2012021484375 0.3823391921875 0.20088574218750002 0.44526692656250005 0.2078510734375 0.5010149734375 0.21798193437500002 0.5516953124999999 0.2046850578125 0.5791471359375 0.211966796875 0.5977298171875 0.20088574218750002 0.6458756515624999 0.21576562500000002 0.6741725265625 0.2227309578125 0.6433417968749999 0.1777744140625 0.6429192703125 0.1581455078125 0.6492545578125 0.13503369062499998 0.6348951828125 0.0992583 0.5909726562500001 0.089127440625 0.5707005203125 0.0581298828125 0.557185546875 0.035018554687499995 0.54113671875 0.0027255859375 0.4608932296875 0 0.45751497343749997 0.026786621875 0.48327734375000003 0.061612304687499994 0.4718743484375 0.073009765625 0.44822330781249997 0.0720600578125 0.4034557296875 0.0752260734375 0.3840286453125 0.1030864265625 0.3553098953125 0.0903940421875 0.3265911453125 0.114455078125 0.3569993484375 0.139782715625 0.3819166671875 0.1492807609375 0.388251953125 0.1651103515625
10 0.3676510421875 0.1913642578125 0.35920442656249996 0.160654296875 0.3444225265625 0.1166474609375 0.32879622343750003 0.08498779375 0.3110579421875 0.0571274421875 0.2735338546875 0 0.26990885468750003 0.0000791015625 0.3110579421875 0.066044921875 0.342310546875 0.11823046875000001 0.3608938796875 0.1910473625 0.3676510421875 0.1913642578125
9 0.5132532546874999 0.26397997968750003 0.4767291671875 0.2634682609375 0.468537109375 0.294685546875 0.49652734374999996 0.31285351562499997 0.5224694015625 0.292638671875 0.5586516921875 0.28496240156249997 0.58903125 0.2836826171875 0.5917623703125 0.2637241203125 0.6016614578125 0.25502392500000004 0.6921171875 0.22994726562499998 0.7272760421875 0.23071484375 0.5944928390625 0.20435937499999998 0.5712819015624999 0.21229150468750002 0.5559212234375 0.20819726562500002 0.5176907546875 0.208708984375 0.4961861984375 0.2171533203125 0.5176907546875 0.245044434375 0.5132532546874999 0.26397997968750003
9 0.2532994796875 0.3425356453125 0.268318359375 0.35200341874999996 0.32327473906250004 0.3456440421875 0.337611328125 0.349994140625 0.3570677078125 0.3446206046875 0.3557024734375 0.326453125 0.36355338593750003 0.3244057609375 0.41031770781250004 0.3425737296875 0.4427454421875 0.34871484375 0.4594713546875 0.32798828125 0.49087500000000006 0.302911621875 0.4454759109375 0.28755859375 0.40314973906249996 0.248920409375 0.3379524734375 0.24738525312499998 0.3137174484375 0.2575830078125 0.2823138015625 0.27165625000000004 0.246130859375 0.2893120109375 0.23316015625 0.31387695312499997 0.2532994796875 0.3425356453125
10 0.714416015625 0.316523925 0.745478515625 0.3426240234375 0.7710794265625001 0.37614453124999997 0.77961328125 0.40147705 0.8171608078125001 0.38740380937499996 0.8250117187500001 0.36897998125 0.8314973953125 0.3454389640625 0.83388671875 0.31703564375000004 0.8383242187500001 0.30577685468750004 0.8171608078125001 0.28812109375 0.8004348953125 0.2589501953125 0.7598151046875 0.230291503125 0.691205078125 0.2315708 0.5956282546875 0.2558798828125 0.5840227859375 0.2809565421875 0.6243014328125 0.2840268546875 0.677892578125 0.3014267578125 0.714416015625 0.316523925
9 0.7854225265625 0.44479492187499997 0.856763671875 0.44863330156250003 0.887826171875 0.44556298906249997 0.8410618484375 0.41255371093750004 0.8117421874999999 0.39469091875 0.7775716140625 0.399759765625 0.7727929687499999 0.45375097656249996 0.7854225265625 0.44479492187499997
10 0.7840572921875 0.6598081062500001 0.7147643234375 0.60172265625 0.694966796875 0.582275390625 0.7011106765624999 0.53954296875 0.6925768234375 0.544404784375 0.646154296875 0.6001875 0.6229427078125 0.644455078125 0.7751822921875 0.6761845703125 0.814095703125 0.6943525390625 0.8922636718750001 0.7007495125000001 0.8997727859375001 0.6897465828125 0.8468645828125 0.6823256843750001 0.7840572921875 0.6598081062500001
10 0.719884765625 0.510837890625 0.6864329421875001 0.557513671875 0.6994036453125 0.58566064375 0.7502643234375 0.6322314453125 0.7833743484375 0.6509106453125 0.837306640625 0.681872559375 0.8997727859375001 0.6857109375 0.9482434890624999 0.66959033125 0.9782819015625 0.64835205 0.9993489578125001 0.6289047859375 0.9993489578125001 0.5101030265625 0.9622389328125 0.47965283124999997 0.9103548171875 0.45930029375 0.8202395828125001 0.43973535156250004 0.7912591140624999 0.43981835937499997 0.7796197921875 0.44471484375000003 0.74616796875 0.48166699218750003 0.719884765625 0.510837890625
9 0.25580859375 0.8350668953125 0.2796061203125 0.814314453125 0.2796061203125 0.7968388671875 0.21598307343749998 0.7808198234375 0.2180970046875 0.7979169921875 0.18490039062500002 0.80776123125 0.1737298171875 0.8529067375 0.21792578125 0.8489018546875 0.25580859375 0.8350668953125
10 0.2493138015625 0.4626953125 0.24556510468749998 0.4760180671875 0.23390169218749998 0.481326171875 0.248203125 0.48143017656250003 0.2566725265625 0.47664209062499996 0.2587552078125 0.465193359375 0.2554231765625 0.4588442375 0.25264583281249997 0.4546806640625 0.25222981718750004 0.4421909171875 0.246537109375 0.4334477546875 0.2369563796875 0.4339682625 0.237373046875 0.4421909171875 0.2275149734375 0.4484360359375 0.24084440156250003 0.4520786125 0.2493138015625 0.4626953125
9 0.1470989578125 0.03450390625 0.0887779953125 0.020978515625 0.0970709640625 0.0652353515625 0.1345924484375 0.0683608390625 0.1623854171875 0.051171875 0.1470989578125 0.03450390625
