4 0.31031222187499996 0.6177164234375 0.3123665 0.5943660484375 0.3277202078125 0.58680074375 0.31892939062500003 0.566360096875 0.2998267640625 0.54611711875 0.2773956609375 0.54344634375 0.26108959375 0.5526305359375 0.24446783125 0.5773946515625 0.2267595921875 0.6042473921875 0.2221836046875 0.6202093734374999 0.223457321875 0.6259877296874999 0.234407559375 0.6618947000000001 0.2504772625 0.6807952828125 0.27601966093749997 0.697312225 0.297341096875 0.65444955625 0.31384865156249997 0.6334892187500001 0.31031222187499996 0.6177164234375
4 0.3133919046875 0.8487905390625 0.3385724953125 0.873385225 0.393053715625 0.8996852921875 0.4308436234375 0.895624590625 0.43838483593750005 0.8701672515625001 0.44745262343750003 0.8249052421874999 0.42756015156249993 0.8017855390624999 0.41863417500000005 0.759670021875 0.3633464328125 0.7583311859374999 0.2460643390625 0.672575690625 0.27424158906249996 0.7451593890625 0.2905088140625 0.795738134375 0.3133919046875 0.8487905390625
9 0.5072862609375 0.724099265625 0.489605625 0.6673782578125 0.4876019203125 0.8287325265625001 0.49198135781249996 0.81395495 0.5072862609375 0.724099265625
9 0.44155186718749995 1 0.4430133515625 0.9978518828125 0.47305312656250004 0.9859024375000001 0.46471560937499995 0.9059580125 0.4874053 0.8293959859375001 0.4640546109375 0.8255108078125 0.4522769796875 0.8112299437500001 0.44133774375 0.799134603125 0.44008861875000005 0.7532364328125001 0.433927425 0.7355463078125 0.42132344843749997 0.7650361593749999 0.42593210625 0.798363453125 0.4474058375 0.8239628140624999 0.44144983125000004 0.8830722578125 0.43245323437499994 0.8957179015625 0.4014084484375 0.90094933125 0.3710984390625 0.8916940109375 0.32347145 0.861927065625 0.384184315625 1 0.44155186718749995 1
9 0.5253640984375 0.764790809375 0.5124534890625 0.767240103125 0.5064070640625 0.7678895390625 0.5095814062499999 0.7764934953125 0.5217885843750001 0.80878031875 0.5494689734375 0.8152851171875 0.590705940625 0.7906818125 0.609745403125 0.7787775265625 0.611670421875 0.75673008125 0.5828715359375 0.7473114953125 0.55953005 0.75292904375 0.5253640984375 0.764790809375
8 0.6056598578125 0.7748888093749999 0.5863827484375 0.7927340828125 0.542531690625 0.81708753125 0.5318717390625001 0.8201965265625001 0.54249156875 0.8547066796875 0.564871303125 0.871184340625 0.6024441921875 0.8763991171875001 0.6322725234375 0.8745587953125 0.6464036375 0.8474076140625 0.64085329375 0.8173666796875001 0.6277027046875 0.7814685609375001 0.6056598578125 0.7748888093749999
2 0.651368596875 0.5902792265625 0.63856718125 0.6102344359375 0.646079984375 0.646206871875 0.6786168765625 0.681765634375 0.6985743859375 0.7066944328125 0.6999132859375 0.72576275625 0.7243938984375 0.7263934875 0.7376520703125 0.735509575 0.7487755046875 0.7111845015625 0.7350714875000001 0.67466376875 0.6981132640625 0.6357882187499999 0.6756083187499999 0.59930270625 0.6710373453125 0.5939549921875 0.651368596875 0.5902792265625
11 0.77930791875 0.8030366390625 0.7509484125 0.7759015578125 0.7480332656249999 0.7494447890625 0.7121210671875 0.7239556031250001 0.6924032921875 0.73737358125 0.6970815328125 0.6937965609375001 0.66595756875 0.664380246875 0.651244490625 0.642452278125 0.6413843421875 0.6708888703125 0.6433837671875 0.7047995015625 0.6347540765625 0.7102012265625001 0.618064046875 0.7019842484375001 0.613090478125 0.7242182171875 0.6143627625 0.7628747171875 0.6295216046875 0.7900638078125 0.6402764890625 0.801671753125 0.640660453125 0.8190729250000001 0.6775242890625 0.8429427703125001 0.7354774890625 0.830724578125 0.740762371875 0.8182504171874999 0.77930791875 0.8030366390625
9 0.57841360625 0.60118869375 0.5965694515625 0.6238842046874999 0.5983874515625 0.6507621296874999 0.5955256015625 0.6769291281250001 0.5676910328125 0.6897029156250001 0.5426552296875 0.6663059609374999 0.5306188453125 0.654631778125 0.516359034375 0.705229228125 0.5383454249999999 0.7247834890625 0.5665962999999999 0.7565559921875 0.6065175734375 0.719504896875 0.6238953046875 0.7057318640625 0.623474378125 0.6603515640625 0.6013263875 0.6149551140625 0.575576115625 0.5872366984374999 0.57841360625 0.60118869375
2 0.3408017390625 0.73233775 0.3519496484375 0.7534380484375001 0.36499289375 0.767925325 0.4117814203125 0.7584247515625 0.4253797265625 0.7454802203125 0.426176075 0.7179565171875 0.4197579625 0.6788575875 0.4156464671875 0.660205775 0.41569484843750004 0.60979675625 0.4078955140625 0.56276816875 0.40760264843750005 0.535294596875 0.383766284375 0.49629983125 0.383323696875 0.4835963109375 0.385888675 0.46789913125 0.376582271875 0.45087420624999996 0.35269313750000003 0.4442278734375 0.34160526562500004 0.4567705453125 0.343312309375 0.4753783953125 0.34872683437499996 0.48948371562500004 0.33023069843749997 0.5322615875000001 0.330637521875 0.5585882078125 0.3367866390625 0.593376840625 0.3375261578125 0.65594513125 0.3434007234375 0.6661955328125 0.3408017390625 0.73233775
2 0.47023722812499996 0.804420903125 0.4681585375 0.6654497187499999 0.46446613125 0.5807521437500001 0.4353773890625 0.5749985468750001 0.41883029687500006 0.58098313125 0.413389778125 0.601461725 0.4175677109375 0.6888693875 0.4361465015625 0.73438115625 0.4459019125 0.8038313125000001 0.45824805 0.8229997390625 0.47023722812499996 0.804420903125
4 0.49829888906250003 0.4891713421875 0.4767331828125 0.43299075781249996 0.4772026921875 0.400920284375 0.5264504234375 0.4200123515625 0.46601173124999995 0.36111260624999997 0.42679587812499997 0.410769975 0.48945567968750003 0.503421659375 0.49829888906250003 0.4891713421875
4 0.7498721609375 0.6027301828125 0.7630491015625 0.6076577234375 0.78115523125 0.6159971140625 0.7870169109375 0.6033773234375001 0.771597825 0.5632092328125 0.7470527640625 0.5392180328125 0.7140984921875 0.5046290390625 0.69215534375 0.451986759375 0.675527821875 0.42073147187500004 0.6293776281250001 0.4226230734375 0.5969911203125 0.4181565015625 0.5667257593749999 0.3890642171875 0.53708559375 0.3992899828125 0.5583781109375 0.42122228437500003 0.5848554625 0.45100063125 0.572488625 0.454211778125 0.6204618390625 0.5256663796875001 0.6748597453125 0.5712681078124999 0.697231171875 0.5852496203124999 0.71114749375 0.59531974375 0.7340696 0.6022673328125 0.7498721609375 0.6027301828125
9 0.5554078812500001 0.674419625 0.5889555796875 0.6826645578125 0.5943746421875 0.6598456953125 0.59298373125 0.6192848093750001 0.583722421875 0.5936515578125 0.6146113765625 0.646983409375 0.626780025 0.672652665625 0.6405180109375 0.675273559375 0.6476266484375001 0.65987105 0.6425100609375 0.6299579953125 0.6246040609375 0.593865434375 0.6052504390625 0.5713375109375 0.57858465625 0.5297621890624999 0.5769180296875 0.5058217203125001 0.570820634375 0.46053932968750005 0.565027425 0.40323370468749997 0.5464168093749999 0.3984719109375 0.5257039515625 0.42140137343750006 0.49950821875000007 0.41647843125 0.4726739109375 0.3902931890625 0.47643444687500003 0.42571963124999995 0.4984827421875 0.474864740625 0.49593764062499995 0.4923562890625 0.48297583906249997 0.5175145640625 0.47537325937499997 0.518145625 0.48248684218750004 0.6082890765625 0.4927739640625 0.7002827515625001 0.5156673546875 0.7026325234375 0.5212963703125 0.6931748453125001 0.53403644375 0.6526662671875 0.5554078812500001 0.674419625
10 0.347787503125 0.4850868046875 0.3445321609375 0.46982183437499997 0.2980543171875 0.5145217859375 0.3331676140625 0.5525323390625 0.337848096875 0.512713665625 0.347787503125 0.4850868046875
10 0.45001280781249997 0.5606802171874999 0.46034635156250003 0.5152347265625 0.47629234531250003 0.5183313093749999 0.4767192484375 0.4855222875 0.45987772812500005 0.46049402187500005 0.4281608390625 0.42158922343749994 0.4367154796875 0.394877934375 0.3714024171875 0.4410726859375 0.37358675468749997 0.44676307968750006 0.38735369375 0.465289928125 0.38701231406250003 0.49153723437499997 0.40150777968750007 0.5255309875 0.4103549453125 0.5455623515625 0.4154196265625 0.587401071875 0.45001280781249997 0.5606802171874999
10 0.5499456109375 0.6661867671875 0.60977075625 0.699009025 0.6509783546875 0.6907129703125 0.6669215078125 0.6670414921875001 0.6693194296875 0.6216167640625 0.6484580125 0.5844938015625 0.6175937328125001 0.5643740046875 0.5943482046875 0.5419555703125 0.588390421875 0.5129017218749999 0.582005075 0.48150464531250003 0.57557460625 0.47582435156249997 0.5729026937499999 0.477476659375 0.5760262296875001 0.5151405359375001 0.590092709375 0.5542451734375 0.6239475328124999 0.5907684843750001 0.6504856953125 0.6119222671875 0.6558382843749999 0.643089125 0.6414098187499999 0.678088553125 0.6030442375 0.6790256390625 0.55586308125 0.6557665453125 0.5113060390624999 0.6233514328124999 0.47475648281250005 0.584728521875 0.38343823593750004 0.41375230937499996 0.3807306625 0.4271338625 0.39661440468750003 0.4598995546875 0.42063743281250005 0.507719 0.45360025625 0.5665235140625 0.480053746875 0.60714124375 0.5072601999999999 0.6361872109375 0.5499456109375 0.6661867671875
10 0.4621003671875 0.5570946218749999 0.4661719875 0.6144526625 0.46867579531250003 0.6849493 0.47054213906250003 0.752555896875 0.4634618453125 0.8244354875000001 0.48729706406249995 0.8257307609375 0.48998807343750006 0.7281672109375 0.48647380937499995 0.627971665625 0.4799241625 0.5703108078125 0.4742529390625 0.5210881296875 0.47005881406250005 0.5101620640625 0.45623478124999994 0.5098272500000001 0.4621003671875 0.5570946218749999
13 0.78231004375 0.60941769375 0.7711908453125 0.62800140625 0.7049291125 0.60883865 0.6809567265625 0.6004215453125 0.7068270234375 0.6516066125 0.737841003125 0.6848505874999999 0.7586761703125 0.7131922203125 0.7983176000000001 0.7062340484375 0.8288450296875001 0.6906617296875 0.8170901374999999 0.66544135625 0.8193063281249999 0.6431174625 0.78231004375 0.60941769375
10 0.8335563859375 0.8131628640624999 0.819351709375 0.7729162578125 0.8036939562500001 0.732126415625 0.7866857390625001 0.7072714375 0.7736905109375 0.7155629 0.7882489421875001 0.7253916421875 0.8003589218749999 0.754777778125 0.8157031375000001 0.8033965796875 0.8325074640624999 0.8536576640625 0.84158615625 0.90444985625 0.8534282624999999 0.8999040984375 0.847440734375 0.860140015625 0.8335563859375 0.8131628640624999
10 0.712463409375 0.5969051671875001 0.6320281249999999 0.5338201046875 0.6105072765624999 0.5347114140625 0.637034025 0.5586130218750001 0.63320495625 0.5766637484375 0.6581733109375 0.5937937984375 0.67196665 0.593565475 0.689310303125 0.6034894859375 0.712463409375 0.5969051671875001
