16 0.326813965625 0.8067619046875001 0.297166015625 0.77897289375 0.18366845781250002 0.77897289375 0.15679980468750002 0.8164879125000001 0.17671972656249998 0.8720666671874999 0.30596777343750003 0.874150915625 0.3263505859375 0.84219340625 0.326813965625 0.8067619046875001
5 0.5447309578125 0.6958007328125 0.5482714843750001 0.6819362640625 0.5742373046875 0.6612864468749999 0.5695161125 0.6453567765625 0.51837158125 0.663646153125 0.5162080078125 0.6857706953125 0.5228959953125 0.7040600734375 0.5447309578125 0.6958007328125
2 0.5506884765625 0.701405128125 0.5681958 0.699045421875 0.578817871875 0.7073054937500001 0.6207172859375001 0.6972754578125 0.6218974609375 0.6813457875 0.6193403328125 0.6695465203125 0.6141118171875 0.66901685 0.577244628125 0.676035896875 0.572720215625 0.68075604375 0.545377440625 0.686655678125 0.5506884765625 0.701405128125
8 0.554623046875 0.702290109375 0.5674091796875 0.70671501875 0.5847192390625 0.7073054937500001 0.5894404296875 0.6987501828125 0.5923911140625 0.6783963375 0.5872763671875 0.663646153125 0.5752773437500001 0.6627611718749999 0.55658984375 0.6692512828125 0.54714795 0.687835896875 0.554623046875 0.702290109375
9 0.4016157234375 0.6740776562499999 0.41381201093750003 0.682042490625 0.43761376875 0.684106959375 0.45610449218750004 0.6752571421875 0.4627924796875 0.6613926734375 0.4568911125 0.6407435890625 0.441154296875 0.6513633703124999 0.430163575 0.6347025640624999 0.4147954109375 0.6525428578125 0.40338623125 0.6487084249999999 0.3911904296875 0.6563780218749999 0.4016157234375 0.6740776562499999
2 0.441154296875 0.62304395625 0.4443017578125 0.609474725 0.43466308593749997 0.59649450625 0.3861435546875 0.585998534375 0.379978028125 0.6118344328124999 0.3795844734375 0.616553846875 0.430729003125 0.6324835171875 0.441154296875 0.62304395625
12 0.44338622968749997 0.6429443218750001 0.449287596875 0.6464842484375 0.45990966875000006 0.641764103125 0.46108984375000006 0.655038828125 0.466204590625 0.6556293046875 0.475646484375 0.668608790625 0.512431153125 0.67598315 0.516365234375 0.674508425 0.517545409375 0.66182344375 0.5718374015625 0.64736923125 0.5740009765625 0.6609384609375 0.5860000000000001 0.66241391875 0.5920981453125 0.6703787546875 0.615899903125 0.667428571875 0.6241616203125 0.6866029296875 0.6308500968749999 0.66064395625 0.5860000000000001 0.59663076875 0.571640625 0.5760564109375 0.5559038078125 0.496998534375 0.5482319343750001 0.46484468906250004 0.5507890625 0.43770549374999995 0.5559038078125 0.42295604375 0.56169873125 0.40319120937499997 0.5567807625000001 0.404076190625 0.546158690625 0.4208908421875 0.5402573234375 0.4468498171875 0.537306640625 0.44980000000000003 0.5241215828125 0.5220468859375 0.517236815625 0.52293186875 0.47730468750000005 0.5515457875 0.45507665937499997 0.5716051281250001 0.44456640625 0.6069553109375 0.44102587812499994 0.6211150187500001 0.44338622968749997 0.6429443218750001
2 0.5881733390624999 0.5743853484375 0.6015498046875 0.5923794874999999 0.6003696281249999 0.6021142859374999 0.6070576171875001 0.6077194140625 0.6133520515625001 0.5991648359374999 0.6172866203125 0.5953296703125 0.6298759765625 0.5690754578125 0.6283022453125 0.5628805859375 0.6314497078125 0.532496703125 0.63302295 0.518926740625 0.6607592765625 0.49680219843750006 0.6534809562499999 0.480578021875 0.63853125 0.46464835156250006 0.6151225578124999 0.47497289374999996 0.60607421875 0.51361685 0.5925009765625 0.5434109890625 0.5881733390624999 0.5743853484375
7 0.67483154375 0.5909230765625 0.6880107421874999 0.5841384609375 0.69469873125 0.580303296875 0.7086655265624999 0.5714534796875 0.7196811515625 0.5363501828125 0.71791064375 0.5277948718750001 0.6992231453125 0.5198300359375 0.6984365234375 0.524845421875 0.6872241203125 0.539005128125 0.6677500000000001 0.5567040296875 0.6693232421875 0.5779435890625 0.67483154375 0.5909230765625
9 0.5994292 0.5930498171874999 0.594117675 0.58213553125 0.587626465625 0.5803655671875 0.5842822265625001 0.55588131875 0.580544921875 0.549981684375 0.5712998046875 0.578238828125 0.5809384765625001 0.5926930406250001 0.6098544921875 0.618947253125 0.619689940625 0.600657875 0.61263623125 0.59928131875 0.6063139640624999 0.6060300359374999 0.5984453125 0.603079853125 0.5994292 0.5930498171874999
7 0.61708984375 0.4782879125 0.628625 0.46952893749999997 0.6392841796875001 0.4515736265625 0.62322216875 0.43361758281249996 0.606268065625 0.4267663 0.6058466796875 0.43493186875 0.5910986328125001 0.48901758281249996 0.606868653125 0.5028124546875 0.61708984375 0.4782879125
2 0.54813671875 0.468625640625 0.55540283125 0.49371501875 0.5612431640625 0.49196337031250004 0.5650395515625 0.460869596875 0.6011054687499999 0.43152747187499996 0.620087890625 0.386638828125 0.619795409375 0.3542315015625 0.622423828125 0.3458241765625 0.6145390625 0.336408790625 0.61283984375 0.33720659375 0.607857421875 0.3449076921875 0.5887294921875 0.3536666671875 0.5510571296875 0.4338095234375 0.54813671875 0.468625640625
15 0.6443330078125 0.434001465625 0.636740234375 0.44670183124999996 0.639806640625 0.45151941406249996 0.64725341875 0.43662930468749994 0.6443330078125 0.434001465625
2 0.7306069328125 0.47589450624999996 0.7365932609375 0.48640512812500003 0.7412661140625 0.4896893765625 0.7592255859375 0.490127471875 0.7739736328125 0.4769890109375 0.7822963875 0.464726740625 0.7812744140625 0.4485230765625 0.7739736328125 0.4382315015625 0.7647744140625 0.4312241765625 0.7544072265625 0.43078608125000006 0.7326508796875 0.441296703125 0.7276865234375001 0.448961171875 0.7253500984375 0.45706300312500003 0.7306069328125 0.47589450624999996
12 0.6567827140625 0.40391428593749995 0.6653974609375 0.4275626375 0.676640625 0.43347545781249996 0.7134370109375 0.42559194062500005 0.7274545906250001 0.44508058593750005 0.74191015625 0.43675970625 0.7528613281250001 0.4269062265625 0.76030810625 0.412673259375 0.7614760734375 0.3813604390625 0.7518388671875 0.35814945 0.7435161124999999 0.3406315015625 0.7208837890625001 0.3320923078125 0.710662596875 0.3364710625 0.7001494140625 0.35595970625 0.6868618171875001 0.3721633703125 0.6722602531249999 0.3881479859375 0.6643754875 0.3894622703125 0.6646674796875 0.389900365625 0.660725096875 0.3903377296875 0.6567827140625 0.40391428593749995
12 0.6525043937499999 0.41950769218749995 0.65280859375 0.4163120875 0.6141518546875 0.4094652015625 0.6025854500000001 0.42681098906250003 0.6107587890625 0.4176241765625 0.6189692375 0.42544175781250004 0.6525043937499999 0.41950769218749995
1 0.60528515625 0.42856923125 0.6171450203125 0.4279824171875 0.6179267578125 0.4234871796875 0.6128442374999999 0.4180146515625 0.6069790046875 0.421142125 0.60528515625 0.42856923125
9 0.59905810625 0.44813186875 0.5853735359375001 0.458490109375 0.580681640625 0.4708036625 0.5861552734375 0.5030520140625 0.59123828125 0.5118468859374999 0.606794921875 0.5043684984375 0.5896743171875001 0.49073919374999997 0.598536621875 0.45751355312499997 0.59905810625 0.44813186875
