4 0.6544584953125 0.9987486984375 0.7096137687499999 0.9981282546875001 0.727607909375 0.9386985671874999 0.7334755859375 0.884482421875 0.6109023437500001 0.7872024734374999 0.577005859375 0.86780078125 0.560576659375 0.8975149734375 0.5613588875 0.9220169265625 0.6544584953125 0.9987486984375
10 0.8396215828125 0.6813365890624999 0.9358505859375 0.7266907546875 0.9597124015625 0.7287760421875 0.99951171875 0.6761236984375001 0.99951171875 0.60209765625 0.9632329109375 0.5838515625 0.8224101562499999 0.5687337234375 0.77194873125 0.6255566406249999 0.7664721671875 0.6385891921875 0.7637338875 0.648494140625 0.8396215828125 0.6813365890624999
9 0.8002475578125001 0.5840377609375 0.8240551765624999 0.5539303390625 0.8273569343749999 0.5414244796875 0.75109033125 0.4736712234375 0.730735840625 0.5247499999999999 0.7322998046875 0.549298828125 0.7592358390625 0.5611100265625 0.8002475578125001 0.5840377609375
9 0.8860229500000001 0.5143548171875 0.8477680671875 0.5116184890625 0.8691665046875 0.5731796874999999 0.890541015625 0.5741061203125 0.8929741218749999 0.56437890625 0.8860229500000001 0.5143548171875
5 0.74383984375 0.38717578124999996 0.7709404296875 0.3878450515625 0.7789082031250001 0.4130924484375 0.7997353515625 0.44452734375 0.8087690437499999 0.4686048171875 0.8155444328125 0.49134505156249997 0.8489184562500001 0.51475390625 0.8669853515625 0.5104069015625 0.89835205 0.5170950515625 0.9119023437499999 0.498033203125 0.9285258781250001 0.41693880156249996 0.8910747062500001 0.38211262968750004 0.883732421875 0.3685013015625 0.820994140625 0.3051868484375 0.747541503125 0.2543671875 0.707943846875 0.2329641921875 0.69665185625 0.23550846406249998 0.667794434375 0.21310286406249998 0.6439560546875 0.2271484375 0.6301547843749999 0.23316796874999998 0.6103198234375 0.25257421875 0.6258774421875 0.3435345046875 0.67230029375 0.34855078125 0.74383984375 0.38717578124999996
9 0.3255849609375 0.6347200515625 0.34490673906249997 0.6327135421875 0.3467939453125 0.6579264328125001 0.3329926765625 0.646556640625 0.31818749999999996 0.6672903640625 0.32973046875 0.6713033859374999 0.3505576171875 0.6656184890625 0.3633115234375 0.6519127609375001 0.37798974687500003 0.62381640625 0.3935478515625 0.63585546875 0.451764159375 0.6458880203125 0.472591309375 0.6408717453125 0.49743359375 0.6706341140625 0.500193846875 0.6896959640625 0.53306591875 0.722802734375 0.5594140624999999 0.734841796875 0.6061655265625 0.7077545578125 0.62046875 0.6880240890625 0.619966796875 0.6579264328125001 0.617708496875 0.6338489578125001 0.60240185625 0.6141184890625 0.581072265625 0.59137890625 0.57103515625 0.5749921875 0.5469458015625001 0.5800084640625001 0.5419267578125 0.5626191406250001 0.5529677734375 0.5372037765625 0.5637583015625001 0.5161354171875 0.5672709953124999 0.48557812499999997 0.5637583015625001 0.44766796875 0.528627440625 0.4433209640625 0.5193432609374999 0.45970703124999995 0.5105605468750001 0.46539192656250006 0.4784409171875 0.48545637968750005 0.4448159171875 0.50251171875 0.4320185546875 0.5031803390625 0.412194825 0.49950195312499995 0.397640625 0.4964921875 0.3561591796875 0.4564466140625 0.3085346671875 0.5050957031250001 0.347178221875 0.5669622390625 0.3286088859375 0.5562610671875 0.2899653328125 0.5532513015625 0.2824375 0.5455598953125 0.16699560625 0.518009765625 0.17050830156250002 0.5444283859375 0.267117675 0.5775358078124999 0.27514746093750003 0.626025390625 0.3255849609375 0.6347200515625
10 0.087935546875 0.40531901093749995 0.1407006828125 0.4816282546875 0.14747558593750001 0.4909915359375 0.18461376875 0.4665794265625 0.20569189375 0.46423893281249995 0.26039501875000004 0.4070540359375 0.2772075203125 0.485306640625 0.30092822343750003 0.5294218749999999 0.341830078125 0.5608567703125 0.3493579109375 0.5611914062500001 0.32702539062499997 0.5213958328125 0.3210029296875 0.49096484374999994 0.352369140625 0.4541790359375 0.3378154296875 0.4307701828125 0.3267744140625 0.3890462234375 0.32978564375 0.307115234375 0.3310400390625 0.177525390625 0.317489746875 0.1768567703125 0.313474609375 0.1832102859375 0.282359375 0.1788626296875 0.275583984375 0.18220703124999998 0.2592734375 0.18220703124999998 0.242962890625 0.1999309890625 0.2374423828125 0.2029407546875 0.2053227546875 0.2016028640625 0.1497192375 0.2209244796875 0.0006108390624999999 0.28894335937500004 0.039505370312499996 0.3859231765625 0.0578232421875 0.3762252609375 0.07890185625 0.3882643234375 0.087935546875 0.40531901093749995
9 0.224568359375 0.20052539062500002 0.24740283125 0.19851887968749998 0.24890869062499998 0.1858111984375 0.17664013750000002 0.14367512968750001 0.174130859375 0.1466848953125 0.1507939453125 0.2095546875 0.1623369140625 0.2132330734375 0.19269970625 0.202197265625 0.224568359375 0.20052539062500002
5 0.33949023437500003 0.42989648437500005 0.43041015624999995 0.5098151046875 0.532453125 0.45567708281249997 0.5082724609375 0.3673795578125 0.45894335937499997 0.335154296875 0.5256826171875 0.329998046875 0.5218110359375 0.2020052078125 0.5111718749999999 0.13562109375 0.49327783125 0.0724596359375 0.43862939375 0.1376484375 0.33567578125 0.152521484375 0.329333984375 0.1566256515625 0.3264326171875 0.3996048171875 0.33949023437500003 0.42989648437500005
9 0.48435986406250003 0.32521093749999996 0.4821401359375 0.3620227859375 0.5151879874999999 0.36169401093750003 0.5581010734375 0.3406588546875 0.5872026359375 0.3077916671875 0.6022465828125 0.29891731718750003 0.6022465828125 0.2801829421875 0.6052060546875 0.2594765625 0.584489746875 0.23219661406249997 0.5610605468750001 0.21839257812500001 0.5292456062500001 0.2032734375 0.5208603515625 0.1970286453125 0.527025878125 0.3199524734375 0.48435986406250003 0.32521093749999996
