10 0.48697135312500006 1 0.43268032500000003 0.917245428125 0.4254229171875 0.9051021859375 0.42200683437500003 0.8991719312500001 0.41589146250000003 0.8948390703125 0.3972059484375 0.8926984375 0.37304150156250004 0.9001559234375 0.3506232734375 0.9175659906250001 0.341216540625 0.93796766875 0.3418794734375 0.955911246875 0.3360501296875 0.9675859625 0.3298548796875 1 0.48697135312500006 1
9 0.3727711109375 0.8568230437500001 0.37185819531250003 0.8492192859375001 0.36307908437499997 0.8544404218749999 0.36143694375 0.867308928125 0.36339780625 0.8822390406249999 0.3588847796875 0.9006856265625001 0.359481715625 0.9086019640625 0.37731511875 0.8986092984375 0.3938637671875 0.8936360234375 0.392777153125 0.8802933 0.379267309375 0.8776481546875001 0.376095921875 0.871989565625 0.3727711109375 0.8568230437500001
10 0.427977309375 0.778413109375 0.444269021875 0.74111070625 0.4599591171875 0.7208162234375 0.458709384375 0.717294121875 0.38165628749999997 0.7094311906249999 0.37709100156250003 0.719856346875 0.370433128125 0.7437398828124999 0.366654690625 0.749494371875 0.3657290640625 0.7757548515625 0.362253575 0.7791915953124999 0.3603763671875 0.790850784375 0.36037578125 0.7976282593749999 0.3646492578125 0.8050803249999999 0.3663112359375 0.836885184375 0.3786678578125 0.8822956968750001 0.42356017812499996 0.883609584375 0.4212375921875 0.8619732062500001 0.4186596640625 0.8428964796875 0.4195175765625 0.8143676125000001 0.42595382812500004 0.7912790640625 0.427977309375 0.778413109375
9 0.8621468890624999 0.820525396875 0.84549634375 0.7880591234375001 0.5510394296875 0.71188141875 0.5403553640625 0.7076948828125 0.500025425 0.7033221484375 0.465638796875 0.715103725 0.43632225625 0.7577264609375 0.418829625 0.8220165234374999 0.42209139999999995 0.8754495953125 0.429694540625 0.9097159749999999 0.4735792 0.9807331953125 0.5085989343749999 0.9964747421875 0.6053011749999999 0.9620190671875 0.6505025 0.9745288499999999 0.6513771968750001 0.9799336015625 0.8699878546875001 0.93743999375 0.8632302515625 0.86478625625 0.8621468890624999 0.820525396875
9 0.47414566875 0.6734142796875 0.44798255625000005 0.5999045484375001 0.41729849531249996 0.5642243828125 0.4011936953125 0.576057746875 0.398119540625 0.5877328671875001 0.39335532500000003 0.56729561875 0.385084459375 0.572595571875 0.384306965625 0.5777581328125 0.3884202 0.6518616625 0.368663146875 0.6673061828125 0.37175545 0.6730349140625 0.3745684875 0.7160143890625 0.45951156718749997 0.7192836 0.47414566875 0.6734142796875
10 0.5208394578125 0.7038996546875 0.5337023671875001 0.69269566875 0.526700425 0.665836221875 0.514292265625 0.6590170796875 0.4859700125 0.6639950140625 0.46820559062499995 0.67747014375 0.4698839296875 0.6932321203125 0.4795719171875 0.707437178125 0.5070391734374999 0.703153575 0.5208394578125 0.7038996546875
9 0.534452971875 0.675657221875 0.5271077265625 0.63277629375 0.52010195 0.6272801265625 0.5124829671875 0.615574125 0.487164921875 0.60546195 0.468991265625 0.6147970109374999 0.47309273906250005 0.62876959375 0.4733455390625 0.638215175 0.47485515781250004 0.6500540078125 0.477803734375 0.6703160453125 0.4825864828125 0.664375728125 0.485771134375 0.669559153125 0.49373654375 0.6759227109375 0.4916618265625 0.6652492125 0.5101953265625 0.6598001421874999 0.5183597109375 0.66005966875 0.534452971875 0.675657221875
5 0.74579296875 0.5422195000000001 0.768821909375 0.5598974765625 0.780127803125 0.5223585015625 0.7616354875 0.5062500296875 0.74579296875 0.5422195000000001
10 0.595439140625 0.7220182234375 0.6171726375000001 0.73067393125 0.616512803125 0.695094684375 0.6013539875 0.6901098218749999 0.5779027250000001 0.70081970625 0.5601971984375 0.7121434578125 0.566435515625 0.7190046890625 0.595439140625 0.7220182234375
9 0.6736175531249999 0.7059189609375001 0.6735094 0.7053625546875 0.6654618671875 0.6825128453125 0.6477895078125 0.67768090625 0.6308171953125 0.6734827984375 0.6146874046875 0.6810395921875 0.6197972640625 0.7281067625000001 0.6779154765625 0.7458384578125 0.6808374953125 0.7245080578125 0.6736175531249999 0.7059189609375001
12 0.765695940625 0.67466475 0.771610425 0.6479470218750001 0.7812789234374999 0.642030346875 0.77600016875 0.622294015625 0.7432870140625 0.64249468125 0.7302862250000001 0.6550180328125 0.7385964515625 0.6807014796875 0.747932675 0.6931119625 0.765695940625 0.67466475
2 0.765291115625 0.599865415625 0.76543258125 0.5842668859375 0.7717294203125 0.5788131187500001 0.7566613734375001 0.5646226015625 0.7466693015625 0.5775328921875 0.756340175 0.59314729375 0.765291115625 0.599865415625
5 0.6529550546875 0.6207037421875 0.6769286890624999 0.588937425 0.706407209375 0.5847456281250001 0.6988789468750001 0.5296897578124999 0.6977120546875 0.525938734375 0.6978152515625 0.5257269796874999 0.6956321859375 0.5271121421875 0.6876118875 0.524442125 0.6904096890625 0.5425458109375 0.6820179625 0.5468677546875 0.6724388875 0.57179874375 0.6624736 0.5962281546875 0.6383748546875 0.6036040171875 0.6402399984375 0.5909378453125 0.6311030609375 0.5877157578125 0.6204864328124999 0.6295735312499999 0.629669903125 0.634517296875 0.6529550546875 0.6207037421875
9 0.7265048843749999 0.5345335890625 0.7244678812500001 0.5262790578125001 0.7254540890625 0.5068631890625 0.7319012328125 0.4925372421875 0.7169353968750001 0.49717624687499995 0.7060155484374999 0.5033361609375 0.6978272859375 0.5228061984375 0.7198078906250001 0.53199051875 0.7265048843749999 0.5345335890625
9 0.5447256921875 0.631248303125 0.5432076328125001 0.636389721875 0.537106809375 0.6155276625 0.5241895999999999 0.632816165625 0.52880043125 0.6414271515625 0.532351028125 0.6632919359375 0.537786128125 0.6689463124999999 0.5498676484375 0.6591413984375001 0.5569735828125 0.6417290484375 0.55386626875 0.6257433046875 0.5447256921875 0.631248303125
9 0.6445304562499999 0.5252745171875 0.65069875 0.5347008468750001 0.656532503125 0.544564640625 0.6686531515625 0.5407181046875 0.670301125 0.5348050015625 0.6632889375000001 0.530389828125 0.65884658125 0.5269656484375 0.6477310984375 0.5194336046875 0.6445304562499999 0.5252745171875
9 0.607589015625 0.5770064578125 0.6102809921875 0.5656716484375 0.618005878125 0.5500035046875 0.6107876250000001 0.544781803125 0.6072389171875 0.5493000046875001 0.6013509640625 0.5672212531249999 0.607589015625 0.5770064578125
