2 0.2450263734375 0.177317215625 0.26011428593749997 0.09867985312500001 0.24879853437500002 0.0976021984375 0.24233186875 0.10783589687499999 0.2261663 0.118608059375 0.21646666718750002 0.1681604390625 0.2450263734375 0.177317215625
2 0.1901142859375 0.3329362640625 0.1600124546875 0.362463003125 0.16109010937499998 0.37969816875 0.20527619062500002 0.3463040296875 0.1901142859375 0.3329362640625
2 0.2154908421875 0.6681567765625 0.19555238125000002 0.6595391937499999 0.1648373625 0.6552300359375 0.15050183125 0.6637670328125 0.1340498171875 0.6611978015625 0.12813772968749998 0.659142125 0.1195736265625 0.6730043953125 0.13573919375000001 0.6956263734375 0.21010183124999998 0.6886241765625 0.2154908421875 0.6681567765625
2 0.0891501828125 0.9235260078125 0.0789113546875 0.9181399265625 0.043347253125 0.9246029296874999 0.0363413921875 0.9773875453124999 0.03203076875 0.9992673999999999 0.0449633703125 0.99839340625 0.0891501828125 0.9235260078125
2 0.10101318749999999 0.9511406593749999 0.1011875453125 0.9352124546875 0.08376996406250001 0.9479084249999999 0.0476666671875 0.9990769234375 0.0729926734375 0.9990769234375 0.10101318749999999 0.9511406593749999
2 0.10586300312500001 0.9992673999999999 0.12418461562500001 0.9586813187500001 0.1072512828125 0.9507076921875001 0.092930403125 0.94898608125 0.0729926734375 0.9992673999999999 0.10586300312500001 0.9992673999999999
2 0.13968278437499998 0.9694534796875001 0.152615384375 0.9344432234375001 0.1509992671875 0.9161304031249999 0.13824029375 0.9136549453124999 0.138605128125 0.9285186812499999 0.1224395609375 0.9597582421874999 0.12082271093750001 0.9796871796875 0.13968278437499998 0.9694534796875001
2 0.1758278390625 0.9436344328124999 0.172486446875 0.931815384375 0.1753142859375 0.9215377296874999 0.1652886453125 0.9187113546875001 0.1622036625 0.9243641031250001 0.15500659375 0.9269333328125 0.12724395625 0.9865428578125 0.13649816875 0.99810549375 0.1498249078125 0.9969699640625 0.149608059375 0.9992673999999999 0.15937655625 0.9680432234374999 0.1758278390625 0.9436344328124999
2 0.20622710625 0.8768300359375001 0.21239633750000003 0.8878783875 0.1797501828125 0.900211721875 0.184120146875 0.9156278390624999 0.1982586078125 0.9151142859375 0.2175377296875 0.8835106234375001 0.228334065625 0.8752886453125001 0.24375750937500001 0.8511362640625 0.2172805859375 0.8287824171875 0.1972300359375 0.8377750921875 0.184891575 0.8388029296875 0.1707531140625 0.8691216125000001 0.1797501828125 0.874774359375 0.19517362656249998 0.8752886453125001 0.20622710625 0.8768300359375001
2 0.236191209375 0.890063003125 0.2457025640625 0.9047084249999999 0.3115091578125 0.8756739921875001 0.3153648359375 0.868736996875 0.3259047625 0.866167765625 0.31999194062499997 0.8556329671875 0.30996703281250004 0.8576886453125001 0.3032835171875 0.8553758234375 0.24081831562499997 0.878500365625 0.236191209375 0.890063003125
2 0.2433890109375 0.8327435890625001 0.269865934375 0.8491875453125 0.30122710625 0.851757509375 0.32564761875000003 0.84970183125 0.346211721875 0.8407091578125 0.34569816875 0.8291465203125 0.340299634375 0.81424395625 0.2760351640625 0.7849531140625 0.254699634375 0.7988278390625 0.2433890109375 0.8327435890625001
2 0.2223106234375 0.797388278125 0.22462417656250003 0.807665934375 0.2354205125 0.8089509156249999 0.24904395625000003 0.8120337 0.2703802203125 0.7847985343749999 0.3176783875 0.8032981687499999 0.34312747187500003 0.794819046875 0.34235604375 0.7773472531250001 0.33181685 0.7652710625 0.2701230765625 0.7724652015625 0.23490622656250001 0.7878820515625 0.233106959375 0.79430549375 0.2223106234375 0.797388278125
2 0.3352871796875 0.7563626375 0.3352871796875 0.7553347984375 0.3468549453125 0.7448007328124999 0.3573941390625 0.731953846875 0.36484908437499997 0.7206483515625 0.35482344375 0.7072871796875 0.340942125 0.7034329671874999 0.3077824171875 0.741974359375 0.285445421875 0.76429450625 0.2861890109375 0.77152234375 0.3257758234375 0.765869596875 0.3352871796875 0.7563626375
2 0.35149010937499997 0.783598534375 0.3805377296875 0.731953846875 0.382079853125 0.71987765625 0.36562564062499997 0.7045750921875 0.3548293046875 0.6958395609375 0.3471179484375 0.7030337 0.36562564062499997 0.721276190625 0.333238828125 0.7609875453125 0.350205128125 0.7877091578125001 0.351747253125 0.7848827843749999 0.3499479859375 0.7846263734375001 0.35149010937499997 0.783598534375
2 0.27024029375 0.7051296703125 0.27795238125 0.6904842484375 0.260215384375 0.6784080593749999 0.259093040625 0.68009450625 0.241706959375 0.685859340625 0.241706959375 0.70178974375 0.25944395625 0.7115531140625 0.27024029375 0.7051296703125
2 0.3087428578125 0.6915311359375 0.29383370000000003 0.6989824171875 0.3156835171875 0.7179956046875 0.3308498171875 0.7161970703125 0.331106959375 0.7164542125 0.328021978125 0.6992395609375001 0.3087428578125 0.6915311359375
10 0.3561142859375 0.696457875 0.368967765625 0.7075062265625001 0.41163882812499997 0.6597157515625 0.42294945000000006 0.6425010984374999 0.37832307656249997 0.6045706953125001 0.310615384375 0.6864373625 0.34094798593750003 0.706221978125 0.3561142859375 0.696457875
2 0.12556703281249998 0.6653091578125 0.1327648359375 0.662225640625 0.1301941390625 0.6473230765625 0.10397435937499999 0.636274725 0.10088937656250001 0.6468095234375 0.079296703125 0.6393582421875 0.0862373625 0.6581142859375 0.10448864531249999 0.6658227109375 0.11708424843750001 0.674558975 0.12556703281249998 0.6653091578125
2 0.6598805859375 0.78618608125 0.6473619046875 0.7946512828125 0.6466249078125 0.8093721609375001 0.68197289375 0.8807706953125001 0.701855678125 0.8697296703124999 0.7103245421875 0.86236923125 0.675713553125 0.79391501875 0.6598805859375 0.78618608125
2 0.6219553109375 0.9124212453125 0.6381567765625 0.9197824171875 0.602663003125 0.8632095234375001 0.5685663 0.877090109375 0.5906586078125 0.9072688640625 0.6072278390625 0.904693040625 0.6219553109375 0.9124212453125
2 0.6173934062499999 0.8563047625 0.6123824171875001 0.8700974359375 0.626742125 0.896964103125 0.6363157515625 0.8653135531249999 0.6173934062499999 0.8563047625
2 0.6499391937500001 0.8778263734375 0.672767765625 0.8796666671875 0.6740139187499999 0.8691941390625001 0.6241648359374999 0.8402871796875001 0.623428571875 0.8616329671875 0.6499391937500001 0.8778263734375
2 0.52026446875 0.8574029296875001 0.50210183125 0.8737619046875 0.5370805859375001 0.8829626375 0.5426036625 0.8726571421875 0.52026446875 0.8574029296875001
16 0.5406380953125 0.8792439562500001 0.5808695968750001 0.900503296875 0.568825640625 0.8756578749999999 0.59573186875 0.862082784375 0.6103384609375 0.8674622703124999 0.6203326 0.85721685 0.62981391875 0.8444095234375 0.625713553125 0.81521025625 0.6134131875 0.8052212453125 0.5803567765625 0.803940659375 0.5378190468749999 0.81469816875 0.5326937734375 0.8228945062499999 0.5311567765625 0.86131501875 0.5406380953125 0.8792439562500001
2 0.6156249078125 0.5756534796875 0.62028131875 0.5603164828125 0.60209816875 0.5538058609375 0.5905780218750001 0.558150915625 0.5945663 0.5713164828124999 0.6156249078125 0.5756534796875
16 0.13167325937500002 0.6568446890625 0.15442344375 0.661927471875 0.1490703296875 0.6370483515625 0.1346175828125 0.63410549375 0.13167325937500002 0.6568446890625
2 0.248655678125 0.7150637359375 0.2408937734375 0.67868131875 0.2154674 0.6733311359374999 0.20422564062499998 0.6842989015625001 0.22644102500000002 0.692859340625 0.2408937734375 0.71426080625 0.248655678125 0.7150637359375
2 0.6190468859375 0.785557509375 0.6023619046875 0.7844930406249999 0.580542125 0.7866901093750001 0.5837245421875 0.8043626375 0.6204666671875 0.8070241765624999 0.6300512828125 0.796734065625 0.6190468859375 0.785557509375
2 0.6270344328124999 0.791944321875 0.6415890109375 0.7804124546875 0.647446153125 0.776154578125 0.6460263734375 0.7702996343749999 0.6376842484374999 0.7727838828125 0.6249040296875 0.7711868125 0.6060893765625 0.7804124546875 0.6011194140625 0.7862666671875 0.6160293046875001 0.785557509375 0.6270344328124999 0.791944321875
16 0.583547253125 0.7853802203125 0.5863868125 0.7628483515625 0.5752043953125 0.7663970703125 0.5682820515625 0.7786380953125 0.583547253125 0.7853802203125
16 0.6660835171875 0.7674615390625 0.6533040296875 0.7754446890625 0.661646153125 0.7926534796875 0.6804608062499999 0.7770417578125 0.6660835171875 0.7674615390625
16 0.6334241765625 0.8132337 0.644428571875 0.8178461531250001 0.6501091578125 0.8197978015625 0.6531260078125001 0.8189106234375 0.6479787546875 0.8041853484375 0.6557890109375 0.7944278390624999 0.6582739921874999 0.7818315015625 0.6513516484374999 0.7758 0.6468908421874999 0.778035896875 0.625259340625 0.7921216125 0.6298739921875 0.7988630031249999 0.6217091578125 0.8066688640624999 0.6334241765625 0.8132337
16 0.6329113546875 0.8270761906249999 0.6446065937500001 0.8157172156250001 0.6295194140625 0.816249084375 0.6329113546875 0.8270761906249999
16 0.665032234375 0.8670146515624999 0.6702498171875 0.85904761875 0.657496703125 0.8297882781249999 0.652859340625 0.82790549375 0.636049084375 0.82790549375 0.6276432234375 0.8390586078125001 0.6330058609375 0.8481838828124999 0.665032234375 0.8670146515624999
2 0.45850769218750004 0.651228571875 0.46044468906249997 0.6274717953125 0.4632615390625 0.6220161171874999 0.46097289375 0.5996674 0.4632615390625 0.5936842484375 0.4528073265625 0.5925765562499999 0.45199340625 0.5977311359375 0.441781684375 0.6170886453125 0.4343868125 0.6536915750000001 0.45850769218750004 0.651228571875
2 0.49794578749999996 0.65475970625 0.5115025640625 0.639801465625 0.5377362640625 0.595103296875 0.5048124546875 0.5724021984375 0.5007626375 0.5724021984375 0.4600923078125 0.6269787546875001 0.462272528125 0.651125275 0.46132454218749996 0.6529992671875 0.48315677656249995 0.6575750921875 0.49794578749999996 0.65475970625
16 0.624408059375 0.581682784375 0.6269479859375 0.581682784375 0.64398608125 0.5788263734375 0.6479010984375 0.57258608125 0.6445150187500001 0.5669802203125001 0.6329802203125 0.5642300359375 0.6230329671875 0.5644417578125001 0.61837655625 0.5699421250000001 0.6203868124999999 0.578615384375 0.624408059375 0.581682784375
