16 0.51310036875 0.8852174296875001 0.5181069046875 0.9229949859375 0.636821203125 0.9760408015625 0.6785908609375 0.9338778390625 0.6700323234375001 0.8882803171875 0.566562334375 0.84003146875 0.5277291156249999 0.8527430718750001 0.51310036875 0.8852174296875001
5 0.3925984328125 0.6758275484375 0.4064648015625 0.662009428125 0.41389081250000004 0.6409346671875 0.3750341953125 0.6025314140625 0.3639632515625 0.6150359937500001 0.3788630046875 0.6448858609375 0.37620114375 0.65902121875 0.3925984328125 0.6758275484375
2 0.379496565625 0.6504154343749999 0.357075684375 0.6334173265625 0.3549561078125 0.627194 0.3243278234375 0.6051272140624999 0.3193362484375 0.60338704375 0.3119927515625 0.6130488749999999 0.3063017890625 0.62806218125 0.34023864062500003 0.6550111609375 0.35343109687499996 0.65200194375 0.3683892453125 0.6615941125 0.379496565625 0.6504154343749999
8 0.3773811296875 0.6507379328125 0.3766681140625 0.62979389375 0.362388640625 0.615937309375 0.3510738015625 0.6116426140625 0.34014511718749996 0.622905403125 0.334188859375 0.6427017015625001 0.33485866249999996 0.6525024359375 0.3508902 0.659323190625 0.3644263578125 0.6607276890625 0.3773811296875 0.6507379328125
9 0.5329229234375 0.6883794187500001 0.5250626484375001 0.676208028125 0.5130326203125 0.6748509687500001 0.5066007390625 0.6520656828125 0.489503596875 0.6625710765624999 0.47966838437500003 0.6462068125 0.46551674218750005 0.662508978125 0.46572426250000004 0.67798235 0.47882194843750003 0.6939049265625 0.5013977875 0.7021425812500001 0.5158999640624999 0.7000715343749999 0.5329229234375 0.6883794187500001
2 0.507027909375 0.64980380625 0.5604206671874999 0.657034209375 0.562066675 0.6525676171875 0.567420878125 0.6264106234375 0.5187294203125 0.615346140625 0.5044283734375 0.6230733671875 0.501533590625 0.636772671875 0.507027909375 0.64980380625
12 0.50247006875 0.6350700421875 0.5052573453125 0.620665728125 0.5106923203125 0.5839944328125 0.49894929218749995 0.5562714468750001 0.47470028593749997 0.5132292406250001 0.46879972968750006 0.5094962640625 0.48746981875 0.4380757453125 0.48603305781249995 0.434133825 0.491680365625 0.40797700781249996 0.4891395703125 0.388143665625 0.48503204375 0.3852467921875 0.48191894375000005 0.40571562656250004 0.48031628125000003 0.42132639687499995 0.47111884687499994 0.44713670624999996 0.4504659375 0.47316681562499996 0.40253595156250005 0.538497053125 0.38070531406249997 0.5511355703125 0.31262515625 0.590384084375 0.30769541562499997 0.6168755078125 0.3233724109375 0.6029201937499999 0.34381804374999997 0.6157260953125 0.35276085 0.61106266875 0.3643265234375 0.614819453125 0.37206310781249996 0.6033779171875 0.41541827187499997 0.6396254296875 0.4111056421875 0.651682890625 0.41406568750000006 0.6546987484375 0.4507330140625 0.6636183578125 0.46485435468749997 0.655808146875 0.46976804375 0.6574445609375 0.476483009375 0.6458532609375001 0.48416151249999995 0.6546687578125 0.4910452390625 0.6539526828125 0.50247006875 0.6350700421875
2 0.39738629062499997 0.49988981875 0.397668703125 0.466977859375 0.4058356140625 0.42792747656249996 0.388880925 0.40857078125 0.3684851609375 0.41672712812499996 0.3549579078125 0.4284129375 0.3708452828125 0.460358909375 0.366515053125 0.47338966562499996 0.3564774609375 0.5024067750000001 0.352411209375 0.5073811687500001 0.3527355859375 0.5366500671875001 0.35469336875 0.5418164453125 0.3567977296875 0.5522853125 0.3652758703125 0.5500222796875 0.368335275 0.540652375 0.38817377343750004 0.529946540625 0.39738629062499997 0.49988981875
7 0.3126819765625 0.4986904609375 0.3231387171875 0.48001045781249996 0.31290357968750004 0.4556084953125 0.3086967953125 0.437942796875 0.31011019218749997 0.43303948437499995 0.28969030625 0.432351059375 0.28444195625 0.4393921140625 0.27957258125 0.47605333906249997 0.2885460296875 0.49005275312499996 0.29301396562500004 0.4963896359375 0.30214669375000003 0.508172878125 0.3126819765625 0.4986904609375
9 0.36662000156249996 0.5517199374999999 0.3581933203125 0.5510624578125001 0.3552964640625 0.5422268609375 0.34828119687500003 0.5404822796875 0.3494784125 0.561324665625 0.386992384375 0.5497000796875 0.4019195765625 0.5406300765625 0.4054948109375 0.510958215625 0.3995815546875 0.5147438984375 0.3861319546875 0.5356268796875 0.37946236875 0.5344798078124999 0.36998376875 0.5421645203125001 0.36662000156249996 0.5517199374999999
7 0.4015341296875 0.4567975546875 0.4217708765625 0.4509346890625 0.4313012609375 0.395394184375 0.434385809375 0.387776384375 0.41601920937500003 0.38681041875 0.3937486171875 0.3963398984375 0.39583869531250004 0.4172281328125 0.40263393125 0.4301110796875 0.4015341296875 0.4567975546875
2 0.48172689531249996 0.417663290625 0.481427325 0.3286399265625 0.4677101421875 0.3125292234375 0.466439321875 0.3033956078125 0.4652291328125 0.301946471875 0.454041365625 0.307171809375 0.4528661578125 0.315948075 0.4388329921875 0.345346146875 0.43706975937500003 0.39430838281249997 0.45748479687500004 0.43637040625 0.44773723906249996 0.466310075 0.45231747968749997 0.47038856874999996 0.4695995125 0.45062155156249994 0.48172689531249996 0.417663290625
15 0.3928317640625 0.37933813125000004 0.3932953453125 0.39606840781249997 0.398137325 0.3929832484375 0.3966104515625 0.3781857171875 0.3928317640625 0.37933813125000004
2 0.31295479843749996 0.3647532 0.314266428125 0.3563793625 0.3129965171875 0.3472867953125 0.29762723125 0.3284630109375 0.2879898890625 0.324454921875 0.2766267359375 0.3269277796875 0.26559915625 0.3331995640625 0.2577842125 0.34752632031249997 0.2601626734375 0.36223507499999996 0.2680265484375 0.38047347343750004 0.28458539374999997 0.3877091125 0.2902405359375 0.3867037015625 0.300162846875 0.379673584375 0.31295479843749996 0.3647532
12 0.40021482343750003 0.331440521875 0.3968065421875 0.32936614999999997 0.3972588375 0.3290911828125 0.3906289984375 0.3245420109375 0.3841077046875 0.303773096875 0.3788773359375 0.28336321249999996 0.377571709375 0.26114020625 0.3701136453125 0.2528061296875 0.345853478125 0.25096395312499997 0.3308244765625 0.263384365625 0.31217877031249996 0.280432234375 0.29994196562500003 0.3094540875 0.300684696875 0.3255857203125 0.3064826015625 0.33921748125 0.31612633125 0.352942825 0.337184159375 0.3411480703125 0.367380675 0.363972271875 0.380142246875 0.3633653859375 0.3980416171875 0.34548442968750004 0.40021482343750003 0.331440521875
12 0.423369453125 0.38117036875 0.43417538906250003 0.37753905 0.4377240828125 0.389382609375 0.4345480078125 0.36866396875 0.39639807656250003 0.3584680078125 0.3953179171875 0.36150845625 0.423369453125 0.38117036875
1 0.43612681562500005 0.38235065 0.43210831718750004 0.37700822343749996 0.42515012968750004 0.37983295625 0.42395323906250004 0.3842603515625 0.4345160015625 0.3898366609375 0.43612681562500005 0.38235065
9 0.4283728453125 0.41907320937500003 0.42233801875 0.4531085328125 0.40094034531249995 0.4582464234375 0.41194575312500004 0.4716723515625 0.4203157078125 0.4658212375 0.4390047359375 0.4387705421875 0.43995812812499996 0.42555858124999996 0.43188274375 0.41030499843749996 0.4283728453125 0.41907320937500003
