2 0.664900390625 0.5053671875 0.7162153328125 0.3961725265625 0.7349267578124999 0.2501295578125 0.71423095625 0.22254752656250001 0.6833286140625 0.21007877656249999 0.6634829109375 0.21725781249999998 0.6563950203125 0.22897070312499998 0.6334306640625 0.30038216093750003 0.6263432625 0.37821614531250003 0.6291782218749999 0.4930045578125 0.6235083 0.4998053390625 0.62209033125 0.5258763015625 0.6260595703125 0.5321940109375001 0.65441064375 0.5416399734375 0.6623486328125 0.5287936203125 0.6663178703125 0.5133020828125 0.664900390625 0.5053671875
5 0.5352924812500001 0.7647747390624999 0.5232822265625 0.746990234375 0.5501943359375 0.7297981765625 0.5179443359375 0.6746647140625 0.46389746093750006 0.6399837234375 0.457669921875 0.6595475265624999 0.46167333906249997 0.6960065109375 0.4630078125 0.7105312500000001 0.4367631828125 0.7546966140625 0.47301660156249997 0.8104231765625001 0.4852495109375 0.8018268234375 0.5003735359375 0.8151660156249999 0.5352924812500001 0.7647747390624999
1 0.439359375 0.7226354171875 0.4456010734375 0.7171660156249999 0.4506459953125 0.6983645828125 0.44927783125 0.6882233078125 0.43764941406249996 0.6838932296875 0.42986816406250006 0.68770703125 0.42550781249999997 0.6976809890625 0.4241401359375 0.7091901046875 0.42675439531250003 0.7149772140625 0.439359375 0.7226354171875
10 0.37174609375 0.660310546875 0.371548828125 0.642216796875 0.3350473640625 0.6552714843749999 0.3403857421875 0.6683138015625001 0.37174609375 0.660310546875
5 0.36233251875 0.8299641921875001 0.350322265625 0.8136614578125 0.2803442375 0.7549251296875 0.249568359375 0.8201822921874999 0.32630126875 0.8809479171874999 0.3311943359375 0.88005859375 0.36233251875 0.8299641921875001
9 0.820658203125 0.9926471359375 0.8419819343749999 0.8692037765625 0.8806318359375 0.8478899734375 0.8986235359375 0.79993359375 0.8986235359375 0.7715143234374999 0.9246123046875001 0.7413196609375 0.9286103515624999 0.7368795578125 0.87530078125 0.6658326828125001 0.8219912109375 0.6240924484375 0.7813427734375 0.62498046875 0.7141337890624999 0.6033873703125 0.472146971875 0.8274635421875001 0.4954697265625 0.9216009109375 0.6314091796875 0.9287057296875 0.820658203125 0.9926471359375
10 0.26640478437500004 0.5438600265625 0.327279296875 0.5422376296875 0.3184526359375 0.5361529953125 0.30232080156249996 0.5345305984375 0.2694482421875 0.5045130203125 0.23508007812499998 0.4838001296875 0.2028564453125 0.4571712234375 0.1997470703125 0.459486328125 0.20583447187499998 0.5150598953125 0.264273925 0.5146542968750001 0.25636035156250003 0.5292571609375 0.26640478437500004 0.5438600265625
9 0.603856934375 0.6466419265625001 0.611162109375 0.6223033859375 0.60537890625 0.5935026046874999 0.588333984375 0.5703808593749999 0.5767680656249999 0.539146484375 0.59046484375 0.5123743484375 0.616336425 0.45931119843749996 0.6084228515625 0.42969921875 0.6132924796875 0.39846484375 0.62425 0.3793997390625 0.6361167 0.3210032546875 0.6294208984375 0.2990989578125 0.599896484375 0.2609680984375 0.6029404296875 0.2536666671875 0.5986792000000001 0.23054492187500003 0.584982421875 0.225677734375 0.5682421875 0.215130859375 0.5378046875 0.2427141921875 0.5244121093749999 0.2394694015625 0.505236815625 0.2244602859375 0.48788769531250004 0.19971614531249998 0.4595810546875 0.1859244796875 0.44375390625 0.1830852859375 0.43797070312499997 0.2071809890625 0.4355356453125 0.22867968749999998 0.4178823234375 0.2793854171875 0.4200126953125 0.32035481718750003 0.4279262703125 0.3597024734375 0.448928221875 0.36984309843749996 0.47632177656249997 0.378767578125 0.4327963875 0.41324739531250004 0.45669238281249996 0.41040104218750006 0.44360449218750003 0.48968359375 0.42838574218750003 0.5099654953125 0.440865234375 0.5643216140625 0.44177832031250003 0.576896484375 0.4253422859375 0.5712174484375 0.4152978515625 0.5967734375 0.423515625 0.63328125 0.4457348625 0.6503177078125 0.501739746875 0.6535631515625 0.5333940421875 0.6478841140625 0.5391772453125 0.6685716140625 0.5602138671875 0.6754127609375 0.57524609375 0.651509765625 0.588333984375 0.65516015625 0.603856934375 0.6466419265625001
10 0.368209471875 0.5351705734375 0.3769223625 0.53419140625 0.379966796875 0.5277552078125 0.374193359375 0.5256569015625 0.3583413078125 0.5312532546875001 0.3508876953125 0.5319524734375001 0.35036279375 0.534890625 0.34983789062500004 0.5365696609375 0.3619106453125 0.53796875 0.368209471875 0.5351705734375
10 0 0.6329329421875001 0.014283203125 0.6435748703125 0.0646162109375 0.648615234375 0.1509423828125 0.622486328125 0.2175542 0.6216458328125001 0.24970458906249998 0.6216458328125001 0.2866455078125 0.6138157546875 0.30728027343750003 0.6056829421875001 0.3219897453125 0.5933613281250001 0.3297646484375 0.5827194015625 0.33396728593749997 0.5614361984375 0.3354379875 0.5479934890625 0.33018457031250004 0.5267102859375 0.31732470625000003 0.5047910156250001 0.298875 0.49478515625 0.27681152343750004 0.49842578125000003 0.2543271484375 0.5205494796875 0.2440307625 0.53651171875 0.2368862296875 0.5535944015625 0.231212890625 0.5650768234375 0.22637988281250002 0.5768385421875 0.23289404375 0.5821595046875 0.2379370109375 0.5740377609375 0.2471826171875 0.5493938796875 0.27029736249999997 0.5143880203125 0.2858471671875 0.505146484375 0.31001220625000003 0.5090670578125 0.324931640625 0.5264303390625 0.3287138671875 0.5440729171875 0.3259819328125 0.5709576828125 0.3137944328125 0.589720703125 0.3009765625 0.60204296875 0.28055175781249997 0.6084954421875 0.2578994140625 0.6121243484375001 0.230162109375 0.6124042968750001 0.209989746875 0.6124042968750001 0.1927587890625 0.61100390625 0.163677734375 0.6138125 0.126484375 0.618853515625 0.082356934375 0.6286549484374999 0.0592421875 0.630615234375 0.0350771484375 0.6289348953125 0.015955078125 0.6241744796875001 0 0.6166901046875 0 0.6329329421875001
9 0.19621093750000002 0.44275716093749995 0.23905273437500002 0.4607115890625 0.24444140625 0.44006380156249997 0.24996484375 0.3959498703125 0.2606103515625 0.37712109374999997 0.23447412031249998 0.34264843749999996 0.2177666015625 0.3343658859375 0.22423388593750002 0.4079720046875 0.20860595625 0.4187447921875 0.1908227546875 0.4201809890625 0.17654150468750002 0.4127727859375 0.1634736328125 0.42623893281249997 0.19621093750000002 0.44275716093749995
10 0.3020463859375 0.35519205781249996 0.35243261718749996 0.35124218749999997 0.36567529374999996 0.326357421875 0.37901269531250004 0.2765865890625 0.37901269531250004 0.2572317703125 0.37130664062499996 0.235111328125 0.3576723640625 0.2398515625 0.3692319328125 0.26394661406250003 0.36093261718749997 0.29515169218750004 0.35398046875 0.3196419265625 0.3498310546875 0.33070247343750003 0.328330078125 0.33781249999999996 0.303890625 0.336626953125 0.2791293953125 0.3303072921875 0.2441557625 0.3113470046875 0.2183696296875 0.2860670578125 0.205357421875 0.27628059843749997 0.2005864265625 0.2919915359375 0.2311142578125 0.3275423171875 0.261346190625 0.3425520828125 0.3020463859375 0.35519205781249996
9 0.3434951171875 0.40228515624999994 0.32521093749999996 0.41913476562499996 0.28922558593750003 0.41446875 0.26627295 0.4481692703125 0.2921430671875 0.4966458328125 0.333380371875 0.5191992187500001 0.3639189453125 0.5280130203125 0.4069067390625 0.5243834640625 0.43627832031249997 0.4844615890625 0.42266210937500004 0.4608717453125 0.3829814453125 0.44972460937500003 0.378896484375 0.4085065109375 0.3773403328125 0.39165625 0.38901123125 0.3748059890625 0.376951659375 0.35380859375 0.3510810546875 0.3571783859375 0.33552001875 0.375583984375 0.33260205 0.3929524734375 0.3434951171875 0.40228515624999994
17 0.6219453125000001 0.1458567703125 0.612189453125 0.16107161406249998 0.6162368171875 0.163837890625 0.6248510734375 0.14806966093750001 0.6219453125000001 0.1458567703125
17 0.5845610359375 0.10003059843749999 0.5878466796875 0.10417968749999999 0.5919985359375 0.098232421875 0.588884765625 0.0956041671875 0.5845610359375 0.10003059843749999
9 0.6119775390625 0.6280729171874999 0.640083984375 0.6460305984375 0.6525166015625 0.6376451828125 0.684826171875 0.609541015625 0.692177734375 0.5930390625 0.68424560625 0.5677701828124999 0.66151123125 0.5349707031250001 0.6334531250000001 0.5367968750000001 0.6371337890625 0.55611328125 0.621849609375 0.5759674484375 0.6183623046875 0.5971321609375 0.6119775390625 0.6280729171874999
16 0.606682128125 0.15634765625 0.604099609375 0.164482421875 0.6280473625 0.2048450515625 0.65739453125 0.2239309890625 0.6778203125 0.2123541671875 0.7099853515625 0.2201764328125 0.7259501953124999 0.21485742187499998 0.719846190625 0.20703515625 0.705994140625 0.177310546875 0.687916015625 0.15008984375 0.6785249015625 0.1510286453125 0.67077734375 0.16229231718749998 0.6644379890625001 0.178875 0.63931689375 0.1851328125 0.606682128125 0.15634765625
10 0.7313500984375 0.2492747390625 0.7322895515625001 0.2771217453125 0.7409760750000001 0.30841015625 0.75271533125 0.3343802078125 0.7625761718749999 0.3365703125 0.7710283203125 0.3206126296875 0.7926279296875001 0.2868209640625 0.8003754890625 0.271802734375 0.8226796875 0.25772265625 0.8189233390625 0.1970227859375 0.7754887703125 0.1785625 0.7266547859375 0.1963971359375 0.7290024421875 0.19577083281250002 0.7191416015625001 0.20265494843749998 0.7313500984375 0.2492747390625
