4 0.16517295625 0.5218572765625 0.14637684374999999 0.53582893125 0.146890134375 0.6046746093750001 0.1600742421875 0.6450182 0.1776515109375 0.64731843125 0.1946103140625 0.6432254265624999 0.20673234687500003 0.602549834375 0.19165096875 0.52459978125 0.16517295625 0.5218572765625
2 0.3232523875 0.4894180796875 0.332387265625 0.4359352921875 0.27246666249999996 0.3999452140625 0.26310656718750003 0.455248515625 0.2878539484375 0.469882246875 0.3232523875 0.4894180796875
4 0.4415005703125 0.48077419375 0.4413814921875 0.4625399609375 0.4039534734375 0.391256196875 0.37864686875000003 0.43331743749999996 0.41199878281249996 0.4771725328125 0.4415005703125 0.48077419375
10 0.5093875078125001 0.528542153125 0.53446918125 0.4992990953125 0.57460738125 0.50029929375 0.58195235625 0.44253490468749995 0.530334153125 0.4418583765625 0.4515297125 0.4647345109375 0.4355514546875 0.478275 0.3859953046875 0.46078515937500003 0.356571315625 0.4111241578125 0.3391031046875 0.434071828125 0.320775778125 0.489025821875 0.30031602031250004 0.4814992125 0.2494773671875 0.5366609828125 0.270234903125 0.6106637171875 0.3275086 0.6325910375 0.344726565625 0.592364825 0.386300378125 0.6062122203125 0.4092462015625 0.6101817203125 0.43325866093750004 0.5914834453125 0.5093875078125001 0.528542153125
2 0.4017012703125 0.7169447515625 0.3608782171875 0.67117736875 0.323307340625 0.6498867546875 0.2966019921875 0.662799203125 0.2798720515625 0.6772916 0.290387271875 0.6982433828125 0.3527445546875 0.7488344046875001 0.399787584375 0.76699941875 0.40663314218749996 0.754154378125 0.4017012703125 0.7169447515625
10 0.3657549046875 0.8033947328125001 0.3568305359375 0.867337 0.40083562187500005 0.8743067218749999 0.41845608125 0.8010276484375 0.37561 0.7867402546875 0.3696519625 0.7825837046874999 0.3657549046875 0.8033947328125001
10 0.4325229421875 0.7815416187500001 0.4302813078125 0.791900709375 0.44808081250000004 0.7668613343749999 0.4776798078125 0.648336846875 0.44438593125 0.6344914109374999 0.4029214859375 0.68363891875 0.4041801609375 0.770622284375 0.4325229421875 0.7815416187500001
2 0.43584366875 0.593494815625 0.416165228125 0.6000212234375 0.38377232656250004 0.6453204546875 0.3793615140625 0.676692246875 0.39944516406249997 0.7055875484375 0.43656218124999996 0.661108540625 0.44351482343750004 0.61721128125 0.45404680312499995 0.60387915 0.44788024374999996 0.5782590625 0.43584366875 0.593494815625
2 0.608801490625 0.46697369375 0.5868168484375 0.45608267343750003 0.56946600625 0.49037279375000004 0.5284240640625 0.4988726234375 0.452211628125 0.5502900734375 0.4644044765625 0.58409138125 0.503971459375 0.592500103125 0.515089646875 0.5792608171875 0.5485211265625 0.5352712921875 0.5790297203125 0.5630278390625 0.6068120421875001 0.5163031359375 0.6129824765625 0.5009774984375001 0.608801490625 0.46697369375
2 0.65557953125 0.5101338765625 0.6224056890624999 0.5244719812499999 0.682407371875 0.7418321546875 0.697842471875 0.7507071125 0.7081775734375 0.7652000890624999 0.7235399890624999 0.7365618265625 0.72113341875 0.706180196875 0.7242787953125001 0.6863210765625001 0.65557953125 0.5101338765625
2 0.6016426765625 0.5257147875 0.5897563765625 0.5471593796875001 0.59795428125 0.5827421187499999 0.6319998375 0.595635646875 0.65992223125 0.605415184375 0.6590816421875 0.5613523109375 0.6241796203125001 0.5386822140625 0.608895003125 0.5212611359375 0.6016426765625 0.5257147875
2 0.5530852640624999 0.544825125 0.53938965625 0.535966934375 0.52380038125 0.5774275734375001 0.5639667984375001 0.6352157859374999 0.5953801578125 0.63055025625 0.6060479734374999 0.6011684421875 0.5819778234374999 0.5898548625 0.5530852640624999 0.544825125
10 0.59895913125 0.6107193140625 0.614742296875 0.6336169171875 0.6433999609375001 0.6767262671875 0.6431150609375 0.6595389843749999 0.6354753093750001 0.6090421640625 0.6133155 0.5894611984375 0.6004542125000001 0.568137834375 0.5651736171875 0.5668360406249999 0.5918540859375 0.591837596875 0.59895913125 0.6107193140625
2 0.49531623593749996 0.5961668265625 0.476349153125 0.592742 0.4527735546875 0.5931950984375 0.45058441406250005 0.61294693125 0.4660053921875 0.6446991140625 0.48361269531250006 0.6567012703125 0.503603465625 0.6477246640625001 0.5419678171875 0.63998195625 0.550562853125 0.6317136078125001 0.5436737765624999 0.6084315 0.5188049343750001 0.5843941046875 0.49531623593749996 0.5961668265625
7 0.3273270890625 0.6356739328125001 0.3708916109375 0.660975990625 0.38171786406249997 0.63896301875 0.38536415 0.6056432015625 0.34647068124999997 0.5868925140625 0.3273270890625 0.6356739328125001
