5 0 0.3206117984375 0.13156448125 0.308889534375 0.126684153125 0.1860971765625 0 0.20112748906250003 0 0.3206117984375
4 0 0.541688734375 0.0065109296875 0.5448006640624999 0.036401639062500005 0.5248754156250001 0.0403672125 0.4836362125 0.021456284375000002 0.4609310625 0 0.45801230625 0 0.541688734375
2 0 0.44132197812499996 0.012611475 0.44193355468749995 0.0473819671875 0.48919684375 0.2618027328125 0.4776121265625 0.2715633875 0.4414701 0.26424316875 0.36872176093750003 0.22520218593750002 0.360844684375 0.01749125625 0.3603812296875 0 0.39022392968749997 0 0.44132197812499996
2 0.2987535515625 0.37984219218750004 0.2990584703125 0.40579069843750004 0.311868853125 0.41366777343749994 0.32223934375 0.4414701 0.3640251359375 0.462784884375 0.4003213109375 0.47992940156249997 0.41862185781249994 0.4660282390625 0.40672622968749994 0.42247176093750005 0.367075409375 0.3784526578125 0.33687978125 0.36547840468750004 0.3207142078125 0.37103820625 0.2987535515625 0.37984219218750004
2 0.2429267765625 0.16127657812500001 0.22249125625000002 0.2664601328125 0.22279617499999999 0.31928405312499997 0.2182442625 0.35952325625000003 0.2523819671875 0.3637740859375 0.274647540625 0.3415323921875 0.3030136609375 0.26556810625 0.33412404375000004 0.129802325 0.3380890703125 0.0969036546875 0.317959015625 0.0732715953125 0.27129235 0.0477865453125 0.2429267765625 0.16127657812500001
13 0.324059015625 0.177094684375 0.30453825156250003 0.24984302343749998 0.309723496875 0.2553463453125 0.35028961718749996 0.2822217609375 0.380180328125 0.3012201 0.4061060109375 0.283148671875 0.4170863390625 0.2386652828125 0.407631146875 0.22893521562500002 0.4134262296875 0.14599252499999998 0.3865857921875 0.11083305624999999 0.3368693984375 0.086738371875 0.33473442656249996 0.11546677812499999 0.324059015625 0.177094684375
16 0.4591213109375 0.2902558140625 0.4341109296875 0.312034053125 0.3990349734375 0.3097176078125 0.41306502656250005 0.365784884375 0.5544437156249999 0.40011295625 0.606600546875 0.306049834375 0.6422863390625 0.23330149531250002 0.65021639375 0.1971586375 0.6395409843750001 0.170283221875 0.6212404375 0.1716735875 0.5780748640625 0.22584800624999998 0.542388525 0.2647707640625 0.5002972671875 0.28932890312500004 0.4591213109375 0.2902558140625
2 0.225872709375 0 0.22524808749999997 0.0023579734375 0.24110874375 0.0018945187499999998 0.2628612015625 0.042827242187499996 0.298755190625 0.0612059796875 0.3350508203125 0.08344684375 0.48328524531249994 0.1288571421875 0.500975409375 0.0713995015625 0.501280328125 0.006064784375 0.491299703125 0 0.225872709375 0
9 0 0.8379509171875 0.02372404375 0.7671710968750001 0 0.7462439859375001 0 0.8379509171875
2 0.08264535468749999 0.707192690625 0.038156284375 0.7248571421875 0.055362842187500004 0.7885473421875 0.113207103125 0.83859800625 0.23706830625 0.9814526578124999 0.2729622953125 0.9207774093750001 0.2886344265625 0.877 0.1377502734375 0.7425215953125 0.08264535468749999 0.707192690625
2 0.35916340625 1 0.3720857921875 0.9562059796875 0.3159693984375 0.88938704375 0.28513060156250003 0.9485257468749999 0.3024863390625 0.9729908640625 0.3294139671875 1 0.35916340625 1
9 0.0745185796875 0.6839759140624999 0.25550710312499997 0.839117940625 0.3941306015625 0.959541528125 0.42138743125 0.9741810624999999 0.4795262296875 0.8704966781250001 0.4921650265625 0.8374717609375001 0.5133983609375 0.7545240859375 0.5209819671875 0.6700406984375 0.5290704921875 0.5840207640624999 0.50733169375 0.5479227578125 0.2819229515625 0.4312931890625 0.2580349734375 0.4927358796875 0.13569071093750001 0.47891112968750005 0.0639021859375 0.5226885375 0.0472185796875 0.6363579734375 0.0745185796875 0.6839759140624999
5 0.5283404375 0.8371677734375 0.492951365625 0.8563687703125 0.504103825 0.87404485 0.5778847 0.9093629562500001 0.6218677593749999 0.9108995015625 0.7199453546875 0.964661959375 0.755839890625 0.9685016609374999 0.7866786890624999 0.9623571421875001 0.8099338796875 0.93547674375 0.824568853125 0.8851046515625001 0.817372678125 0.8569925250000001 0.8266251359375 0.8366893687499999 0.7927 0.8031112953124999 0.7757377046875 0.8226337203125 0.800328415625 0.8463845515624999 0.8008338796875 0.8717292359375 0.7785896171875 0.8870905312499999 0.764939890625 0.882481728125 0.7502786890625 0.9062915281249999 0.7275284156249999 0.8755697671875 0.685567759375 0.8425440203125 0.6355180328125 0.8248795687499999 0.5283404375 0.8371677734375
2 0.7993174859375001 0.8471528234375001 0.7765672125 0.8287201 0.7603896171875 0.793390365625 0.7143841531249999 0.7488446843750001 0.6901174859375 0.7787973421875 0.6516956281249999 0.823343853125 0.7381453546875 0.8794102984375 0.76999508125 0.8678895343749999 0.7902174859375 0.8817142859375 0.8058896171875001 0.8625132890625 0.7993174859375001 0.8471528234375001
10 0.8326912562500001 0.6420132890625 0.7932579234375 0.63663704375 0.7593857921875 0.6612142859375 0.7189415296874999 0.7165124578125 0.7179306015625 0.7318729234375 0.7320857921874999 0.742625415625 0.76899125625 0.79024335625 0.8064021859375 0.8148205984375 0.8296579234375001 0.8417018265625 0.8635300546875 0.8624385374999999 0.8893131140625 0.83632558125 0.8888076500000001 0.7940838875 0.8610021859374999 0.728033221875 0.8529136609375 0.6788787375 0.8326912562500001 0.6420132890625
16 1 0.39840431249999997 0.9846311468750001 0.39231810624999996 0.86050491875 0.3382549828125 0.8033775953125 0.3221262453125 0.7174333328125 0.27450830625 0.6825497265625 0.37512043125 0.7022666671875 0.428215946875 0.6638442625 0.4973388703125 0.6628333328125 0.5557093015625 0.7295666671875 0.5580132890625 0.7422054640625 0.6017915281249999 0.75737213125 0.6570897015625 0.8053994531249999 0.6225282390625 0.8230939890625001 0.627904484375 0.8726382515625 0.64710548125 0.9065103828125001 0.736223421875 0.9272382515625001 0.78537790625 0.9221825140625001 0.8506602984375 0.8883103828125 0.9313039859375 0.85646065625 0.95741694375 0.7760775953125 0.9697059796874999 0.7253142078125 0.9874003328125 0.7451749828125 1 0.8845356859375 1 0.8880633874999999 0.9950315609375 0.93760765 0.9120838875 0.9881699453125 0.8351694359374999 1 0.8113738093749999 1 0.39840431249999997
