10 0.4173808015625 0.17406096875 0.41300588125 0.201417959375 0.4806026015625 0.2682720171875 0.5412318078125 0.2623998578125 0.5063720843749999 0.187907640625 0.46831780468749995 0.17360966718749998 0.4173808015625 0.17406096875
10 0.30991959375 0 0.342694928125 0.07617365000000001 0.3567561515625 0.12103417812499999 0.41697518437500003 0.159554490625 0.49526362031250004 0.1876580375 0.49620980000000003 0.17002118593749999 0.5587304468750001 0.1583237203125 0.61380799375 0.101458625 0.593486109375 0.022849654687500002 0.574753453125 0 0.30991959375 0
10 0.608943940625 0 0.620632965625 0.04833174375 0.611296371875 0.05717926718750001 0.543678209375 0.1586561921875 0.49451213593750004 0.17088123125000002 0.5138922921875 0.2055508625 0.5586787890625 0.287614184375 0.6968232109375 0.46861123125 0.7102967328124999 0.4595722515625 0.6327754125 0.3556966015625 0.742093028125 0.3865760546875 0.863348853125 0.40963538125000004 0.8904197015624999 0.309704309375 0.9197272406250001 0.330527046875 0.9789328296875001 0.40733253593749996 1 0.41532054843750005 1 0.3977606796875 0.8921961187499999 0.2491928265625 0.9069816062499999 0.22092318125000002 0.9004861515625 0.15811863125 0.8899642249999999 0.150997446875 0.638662271875 0 0.608943940625 0
2 0.5247025703125 0.17015868437499998 0.49976621874999994 0.1648143890625 0.5066193421875 0.1882082140625 0.534036478125 0.2041472234375 0.571381853125 0.2276572703125 0.6608944078125 0.24851674687499997 0.697837340625 0.24206052968749997 0.749600034375 0.26834320625 0.826065128125 0.27626988125 0.8575038625 0.24536165312499997 0.8505338671875 0.21011631875 0.7568147578125 0.198783234375 0.6811766921875 0.18814144531250002 0.5887593625 0.15188851406249998 0.5247025703125 0.17015868437499998
2 1 0.217113609375 0.994150478125 0.2135988625 0.929355634375 0.194177853125 0.887871690625 0.21369595624999999 0.883261378125 0.24412450156249998 0.933367209375 0.299934109375 1 0.2971710484375 1 0.217113609375
4 0.9445645624999999 0.4352217359375 0.9807999562499999 0.4360479578125 0.97919393125 0.408371996875 0.9656040593749999 0.40288355468750003 0.9316835843750001 0.4098115578125 0.9445645624999999 0.4352217359375
2 0.9080521203125 0.33671065625 0.8716527421875 0.327690721875 0.8579401921875001 0.37460426875 0.8749550718749999 0.413208003125 0.8525001296875001 0.4131025453125 0.8529703281250001 0.44979676093750004 0.8682152203125 0.47395014687500003 0.8974053609375 0.48024482968750004 0.923525378125 0.4648819796875 0.92873354375 0.35984601562499996 0.9080521203125 0.33671065625
10 0.9424130500000001 0.6235230546875 0.973615234375 0.5930085078125 0.9924124578125 0.5202341625 0.9779985312499999 0.445175053125 0.9502253749999999 0.43651973593750004 0.9289526578125 0.4424789859375 0.9151226046875 0.4721872375 0.909330896875 0.4911972234375 0.8972711640625001 0.5540972125 0.9151136078125001 0.6033720375 0.9424130500000001 0.6235230546875
5 0.6353576265624999 0.4646173765625 0.7430132171875 0.60534070625 0.787095759375 0.6109446734375 0.862235315625 0.6233323359375 0.9053973828125 0.616164925 0.9100091625 0.5857363109375 0.8798759328125 0.5381795968749999 0.8651075578125 0.473081353125 0.8231552687500001 0.41842303125 0.7315662203125 0.37410043437499996 0.7153728703125 0.3943571453125 0.67766985 0.43702960781250005 0.6353576265624999 0.4646173765625
2 0.620149015625 0.5432540328125001 0.644360890625 0.5557261859375 0.7001190578125 0.570194328125 0.7158530265625 0.573419871875 0.688968853125 0.5385782453125 0.6470361984374999 0.534838928125 0.6311088125000001 0.5352535765625 0.620149015625 0.5432540328125001
10 0.8331965265625 0.7098569484375 0.8286102859375 0.6667232000000001 0.7946987578125 0.6401187203125 0.7661312046875 0.6444090171875 0.7513113296875 0.674264496875 0.8331965265625 0.7098569484375
16 0.6628118515625 0.43837751562499994 0.6504658734375 0.40963689218750005 0.63193130625 0.4032987875 0.618778434375 0.42942572031250004 0.597468940625 0.50558128125 0.6247954921875001 0.51856163125 0.6360293593749999 0.5147644171875 0.6471735140625 0.4810263953125 0.6378625328124999 0.469012459375 0.6353327296875 0.4606142015625 0.6515271921875 0.44856354375 0.6628118515625 0.43837751562499994
16 0.48579101874999997 0.38138843125 0.5286026046875001 0.3880822328125 0.5880636609375001 0.3791008109375 0.5654955484374999 0.358203459375 0.470458775 0.359336271875 0.48579101874999997 0.38138843125
2 0.6165537203125 0.39530258749999997 0.58502723125 0.39217941562499997 0.5730831000000001 0.4040326515625 0.5792571843750001 0.41553739062500006 0.5885192890625001 0.425391996875 0.6159444656249999 0.434142234375 0.6308744265625 0.40184387812500005 0.6165537203125 0.39530258749999997
9 0.4194815 0.1779775703125 0.258016321875 0.0487431328125 0.2476574578125 0.07141397499999999 0.2771940421875 0.1124085109375 0.3016488296875 0.143396346875 0.322409325 0.18324554375 0.388095396875 0.2425911359375 0.5443677859375 0.3414862046875 0.5977851140625 0.384011021875 0.6300526125 0.4008237671875 0.6549868015625 0.4125471453125 0.61053798125 0.35889872968750003 0.5981659109375 0.3512482328125 0.589871128125 0.3384426515625 0.5929887468749999 0.32510786875000003 0.5268659890625 0.2690738921875 0.48318105781250004 0.267374990625 0.46136285 0.25752483125 0.4071569421875 0.1936018390625 0.4194815 0.1779775703125
10 0.5561235078125 0.8261331765625 0.578104025 0.84033223125 0.5829183734375001 0.8249521609375 0.5427901390625001 0.800144315625 0.5380341921875 0.8058426000000001 0.5561235078125 0.8261331765625
10 0.7535917109375 0.9121088078125 0.7450490390625 0.89440129375 0.7201146921875 0.879419225 0.698822178125 0.871143721875 0.6854637515625 0.8923932062500001 0.743833878125 0.916069940625 0.7535917109375 0.9121088078125
16 0.761512675 0.8776301796875 0.771582340625 0.873914365625 0.7632263265625 0.862739290625 0.734142084375 0.848608759375 0.729063003125 0.8570617687500001 0.761512675 0.8776301796875
