12 0.6363828125000001 0.8070638015625 0.6474755859375 0.8537805984375 0.672767578125 0.8957662765625001 0.7842568359375 0.9993489578125001 0.9453261718749999 0.9969537765625001 0.9515380859375 0.980396484375 0.9657373046875 0.9845358078125 0.9679560546875001 0.9993489578125001 0.99951171875 0.9993489578125001 0.99951171875 0.82487109375 0.9737241203125 0.765736328125 0.9293525390624999 0.7196106765625 0.8698945312499999 0.65929296875 0.82108545 0.6314993484375 0.7931313484375 0.6521966140625 0.7731640625 0.6539707031249999 0.7310107421875001 0.6859036453125 0.721692871875 0.708375 0.70704296875 0.7243079421874999 0.7008310546875001 0.7231256515625 0.70260595625 0.7219427078125 0.6914033203125001 0.7284140625 0.6643369140625001 0.7455631515625 0.6453667000000001 0.7698424484374999 0.6363828125000001 0.8070638015625
10 0.11934472656249999 0.48636588593749996 0.1802265625 0.475384765625 0.20631933593750001 0.47721549531249996 0.2195942375 0.457693359375 0.220967284375 0.42963020781249994 0.213643065625 0.4021770828125 0.18617773437500001 0.3905859375 0.1610009765625 0.3741139328125 0.1431484375 0.3491015625 0.11797119062500001 0.3332395828125 0.0804350578125 0.364962890625 0.047018554687500005 0.3966868484375 0.032370117187500005 0.4125481765625 0.026876953125000002 0.4314602859375 0.035116698437499996 0.4528125 0.0653291015625 0.45098242187500004 0.0923369140625 0.4808756515625 0.11934472656249999 0.48636588593749996
9 0.237560546875 0.55338671875 0.24688720625 0.5406373703125 0.2684116203125 0.5310755203124999 0.27415087968749996 0.5094023437499999 0.2679331046875 0.4902786453125 0.2516704109375 0.472111328125 0.2447348640625 0.4663743484375 0.2389951171875 0.4596809890625 0.2260810546875 0.4682864578125 0.2255009765625 0.474083984375 0.22727685625 0.48231054687499997 0.224645996875 0.502708984375 0.2294292 0.5285260421875 0.237560546875 0.55338671875
2 0.3059086921875 0.5491484375 0.32049707031249997 0.5717779953125001 0.350630859375 0.55934765625 0.354935546875 0.544048828125 0.3518266609375 0.513451171875 0.3417822265625 0.49369010468749996 0.33604248124999997 0.4844466140625 0.327671875 0.48062239531250006 0.3106918953125 0.47584114531250005 0.3027998046875 0.482853515625 0.28558056718749997 0.48890885468749995 0.27649267499999997 0.5007018234375 0.26860058593749997 0.5328932296875 0.29060302656250003 0.5363990890625 0.3059086921875 0.5491484375
5 0.1371044921875 0.6296979171875 0.12658203125 0.6574270828125 0.147627440625 0.6453157546875 0.16604248125 0.618861328125 0.17608691406250002 0.600056640625 0.160302734375 0.5589407546875 0.146431640625 0.5675462234374999 0.14906250000000001 0.58858203125 0.146431640625 0.5994192703125 0.1371044921875 0.6296979171875
5 0.2034404296875 0.6577389328125001 0.2211381828125 0.633197265625 0.22400781250000001 0.6175794265625 0.21970312500000003 0.5914440109375 0.1799633796875 0.5987434890625 0.1792856453125 0.65168359375 0.19004785156249998 0.6717630203125 0.2034404296875 0.6577389328125001
12 0.5333740234375 0.9615585937500001 0.5443842765625 0.9685462234375001 0.6298452140624999 0.9695944015625001 0.637185546875 0.9486321609375 0.6453120109375 0.9060084640625 0.6437392578125001 0.852205078125 0.632466796875 0.8357845046874999 0.5338979484374999 0.8364830734375 0.5217241203125 0.8243938796875 0.518693359375 0.8445188796875 0.5215771484375 0.8658307296875 0.525509278125 0.9248743484374999 0.5333740234375 0.9615585937500001
5 0.5771376953125 0.8192389328124999 0.5834292 0.8209863281249999 0.6272084953125 0.748666015625 0.6101689453125 0.7339921875 0.5957504874999999 0.7249088546875 0.5703217781250001 0.7252578125 0.55013623125 0.714078125 0.542009765625 0.7263059890625 0.55537939375 0.748666015625 0.5359799796875 0.77696484375 0.5771376953125 0.8192389328124999
5 0.658142090625 0.7525091140625 0.67596875 0.7374856765625 0.686454590625 0.7161744796875 0.6896005859375001 0.7046451828125 0.6694145515625001 0.6805384109375 0.6306166984375 0.6773938796875 0.611217284375 0.687875 0.582643065625 0.68473046875 0.5477768546874999 0.6711048171875 0.5427958984375 0.664466796875 0.5215620125 0.6585279953125001 0.51946484375 0.6641178390625 0.5199892578124999 0.665166015625 0.518678221875 0.710583984375 0.5441069328125 0.7161744796875 0.5944399421875 0.7259563796874999 0.658142090625 0.7525091140625
4 0.706666503125 0.8683626296875 0.7282797859375 0.8727942703125 0.7449052734375 0.8661471359374999 0.7590366203125 0.8434361984375001 0.7623618171875 0.8295878906249999 0.7511396484375 0.7863815109375001 0.7411645499999999 0.7747486984374999 0.7183041984375 0.772533203125 0.700431640625 0.7819498703125001 0.6929501953125 0.80521484375 0.69876953125 0.8412200515625001 0.706666503125 0.8683626296875
10 0.7548803703125 0.8599830734375 0.7332670890624999 0.8721699218750001 0.711654296875 0.8649687500000001 0.7133164062499999 0.8766009109375 0.7224604484375 0.9048515625 0.731188965625 0.9247929687499999 0.7669340828125 0.9391953125000001 0.7548803703125 0.8599830734375
5 0.7254731453125001 0.6982727859375 0.744592284375 0.67777734375 0.7670366203125 0.6650371093749999 0.7761806640625 0.6473111984375 0.75830859375 0.6240462234375 0.7425141609375 0.6284778640625001 0.7333701171875 0.6467571609375 0.70469140625 0.6722382812500001 0.6793374015625 0.6722382812500001 0.678921875 0.687748046875 0.6943002921875 0.6910716140625001 0.6922221687500001 0.7021503906250001 0.6797529296875 0.7342779953125 0.717576171875 0.7137825515625 0.7254731453125001 0.6982727859375
2 0.3206557609375 0.7716634109375 0.318697265625 0.7815833328124999 0.30851171875 0.7977682296874999 0.25288330000000003 0.8233502609375 0.26737792968749996 0.8431901046875 0.275212890625 0.8635514328125 0.25484179687499997 0.866162109375 0.23329589843749998 0.8572864578124999 0.212236815625 0.7956796875000001 0.18559765625 0.799333984375 0.20636035156250002 0.8317037765625 0.1989174796875 0.8452786453125001 0.162484375 0.8776477859374999 0.1714946296875 0.913150390625 0.269728515625 0.8750377609375001 0.28265625 0.8781699218749999 0.348470215625 0.8562421875 0.3406352546875 0.8139531249999999 0.3292744140625 0.7633098953124999 0.3206557609375 0.7716634109375
12 0.2082236328125 0.7953522140625 0.2215434578125 0.8350312499999999 0.25288330000000003 0.8638450515624999 0.26933691406250004 0.864888671875 0.27677978593749997 0.8513144531249999 0.25249169843749997 0.8262539062500001 0.27207910156250004 0.8085032546875001 0.3108623046875 0.8027597656250001 0.31634667968749997 0.78083203125 0.321439453125 0.748984375 0.3245732421875 0.7098274734375 0.341810546875 0.7035625 0.363748046875 0.7197473953125 0.38725341874999997 0.7354101562500001 0.3939130859375 0.7239244796875 0.42956201250000003 0.7380208328125 0.451892090625 0.7077395828124999 0.46090234375000005 0.6732812499999999 0.4675620125 0.6607513015625 0.45933496093750004 0.58394921875 0.44248974687500003 0.533306640625 0.4232939453125 0.52338671875 0.39822216875 0.5061575515625 0.3488618171875 0.5181660156250001 0.35238769531249997 0.5380052078124999 0.36022265625 0.5609772140625 0.3261401359375 0.57194140625 0.2959755859375 0.53852734375 0.27442968749999996 0.5322623703125 0.2407392578125 0.5458365890625 0.23172900468750002 0.5708971359375 0.22193505937500002 0.5912584640625 0.225068846875 0.6246725265624999 0.2062651359375 0.6460781250000001 0.18628564375 0.67479296875 0.187853028125 0.6768815109374999 0.187306640625 0.675357421875 0.20704882812499997 0.7060748703125 0.20273925781250002 0.7259140625 0.21174951250000001 0.767681640625 0.2082236328125 0.7953522140625
2 0.2372133796875 0.55680078125 0.24583154375 0.5395716140625 0.26463574218749997 0.5353945312499999 0.2689448234375 0.5353945312499999 0.273645996875 0.5171217453125 0.27090380937499997 0.5072018234375 0.266986328125 0.48631835937499995 0.25131640625 0.471177734375 0.24583154375 0.4685670578125 0.239955565625 0.4591692703125 0.2211513671875 0.46804492187499996 0.22271875 0.46804492187499996 0.22898632812500003 0.4810970046875 0.22663623125000001 0.5087682296875 0.22898632812500003 0.5254752609375 0.2372133796875 0.55680078125
12 0.54722265625 0.6669524734375 0.5868959953124999 0.6839479171875 0.6242084953125 0.688353515625 0.6426279296875 0.6826888015625 0.6610478515625 0.66758203125 0.6667158203125 0.6549928390625 0.7233920890625 0.6172259109375 0.7668442390625 0.5907890625000001 0.8121855468750001 0.5240677078125 0.8301333015625 0.4667877609375 0.775817871875 0.43153841093749995 0.7507861328125001 0.37887369843749996 0.7356723625 0.32662955781249997 0.7356723625 0.29893359375 0.70402783125 0.2731263015625 0.6654339140625 0.2664701546875 0.6671879890625 0.24543033906249997 0.63129296875 0.21458723906250002 0.5868959953124999 0.20640494843749999 0.54722265625 0.22151171875000003 0.5226625984375 0.244171875 0.497158203125 0.2517252609375 0.4957412109375 0.2995631515625 0.487712403125 0.350548828125 0.4881845703125 0.3725794265625 0.4759047859375 0.42608268281250006 0.454650878125 0.4600729171875 0.434698125 0.47099423281249997 0.435286621875 0.4707734375 0.430515925 0.47331649374999996 0.4272573234375 0.5146256515625 0.44237109375 0.5416920578125 0.4589018546875 0.57694140625 0.4678754890625 0.6392565109375 0.4674033203125 0.6726178390625 0.50046435625 0.674505859375 0.523607421875 0.6644348953125 0.54722265625 0.6669524734375
10 0.7801049796874999 0.370765625 0.7836933593750001 0.36325065156249997 0.7611391609375 0.34207356718750004 0.7385849609374999 0.3195299484375 0.7339716796875 0.326361328125 0.747298828125 0.367349609375 0.7801049796874999 0.370765625
5 0.8643359374999999 0.4331516921875 0.7910346671874999 0.42836979218750004 0.788024903125 0.4371940109375 0.827466796875 0.4621256515625 0.8981669921875 0.4864368484375 0.9089316406249999 0.44066666718749997 0.8643359374999999 0.4331516921875
5 0.9354208984374999 0.415169921875 0.9800166015625 0.37623046875 0.9718149421875 0.344123046875 0.9256816406249999 0.3126985671875 0.8651958000000001 0.331826171875 0.8600698234375 0.32909375 0.8185498046875 0.35710286406249997 0.8149614250000001 0.39467578125 0.8508427734374999 0.42541731718750003 0.9354208984374999 0.415169921875
12 0.6529819328124999 0.2273053390625 0.66784716875 0.26351171875 0.7329462890625 0.28673893281249996 0.7375595703125 0.3092825515625 0.7488369140625 0.332509765625 0.8129111328124999 0.3564192703125 0.83546533125 0.3366080734375 0.9036401359375 0.3167975265625 0.9559248046875 0.3249947921875 0.9820668937500001 0.35915234375 0.9994951171875 0.302451171875 0.99951171875 0.124150390625 0.9313203124999999 0.0722317703125 0.9021025390625 0.08589453124999999 0.8805732421875 0.07428125 0.8416162109374999 0.06744987031250001 0.7237197265625 0.070865234375 0.6755356453125 0.07154882812499999 0.57660546875 0.11800260468749998 0.545849609375 0.1767526046875 0.53908203125 0.236857421875 0.5596894531250001 0.2218404953125 0.6201757812500001 0.2115930984375 0.6529819328124999 0.2273053390625
2 0.35870458906249997 0.3569791671875 0.36486718749999997 0.3688958328125 0.3792465828125 0.3970768234375 0.39157177656250003 0.41285807343750003 0.408242675 0.38323828125000003 0.40011914062500004 0.3681588546875 0.3792294921875 0.354625 0.36486718749999997 0.35343619843749996 0.35870458906249997 0.3569791671875
5 0.268978515625 0.39513671875 0.2681083984375 0.3688756515625 0.2814545890625 0.34683593749999997 0.3078564453125 0.33987630156250004 0.30930712968749996 0.33059570312500003 0.21298291093750002 0.22696940156249998 0.20631005937500002 0.23702278593749998 0.21646435625 0.2660787765625 0.1999267578125 0.2660787765625 0.19354394531250002 0.3186653640625 0.194704590625 0.3530787765625 0.20631005937500002 0.3901985671875 0.22052636718750002 0.4106920578125 0.2277797859375 0.4393053390625 0.2541821296875 0.43582487031249995 0.26114501875 0.42726237031250003 0.2750712890625 0.41024934843749994 0.268978515625 0.39513671875
10 0.301110840625 0.3080520828125 0.312716309375 0.28253190156249997 0.317068359375 0.274025390625 0.30720361406249996 0.2496653640625 0.292696778125 0.246185546875 0.2729677734375 0.2639720046875 0.2604921875 0.2782786453125 0.28660400468749997 0.304185546875 0.301110840625 0.3080520828125
5 0.36784130937500004 0.160732421875 0.3591376953125 0.13985221406249998 0.34927294999999997 0.159572265625 0.3263525390625 0.1626653640625 0.308654296875 0.17310546875 0.3048828125 0.1916653640625 0.32287109375 0.2485052078125 0.337087403125 0.2229856765625 0.353044921875 0.245798828125 0.3797368171875 0.23806575468750002 0.3803173828125 0.22375846406250002 0.375384765625 0.189732421875 0.36784130937500004 0.160732421875
12 0.2458310546875 0.2009856765625 0.25917724531249997 0.21374544218749997 0.2774555671875 0.2292122390625 0.29602392499999997 0.24119856718750002 0.3125615234375 0.21799869843750003 0.30646874999999996 0.196345703125 0.3087900390625 0.1777858078125 0.3183642578125 0.167345703125 0.3195249015625 0.15110546875 0.31169140624999997 0.139119140625 0.3047280265625 0.12017252656249999 0.287900390625 0.11437239531250001 0.26585009843749996 0.12249218749999999 0.25337451093749996 0.135251953125 0.2394482421875 0.1584524734375 0.23364550781250001 0.1777858078125 0.2458310546875 0.2009856765625
9 0.82154296875 0.3697727859375 0.778642090625 0.3870221359375 0.7667172859375 0.392642578125 0.76322705 0.40659635468750005 0.7745703125000001 0.42462044218750006 0.78911279375 0.4284967453125 0.828232909375 0.435861328125 0.896666015625 0.4345045578125 0.90640966875 0.4377994796875 0.91658984375 0.418806640625 0.8965346671875001 0.40972395781250004 0.8515009765625001 0.42578320312500006 0.8129628906249999 0.3963248703125 0.82154296875 0.3697727859375
