9 0.11398569375 0.2614908109375 0.4633369375 0.687474690625 0.47783807968750003 0.7075789890624999 0.5343214281249999 0.736582415625 0.578841346875 0.746488940625 0.6221337765625 0.74534651875 0.6748936484375 0.74775813125 0.7529678125 0.7093315296875 0.7884499 0.6692383890625 0.7918222265625 0.610992990625 0.784027678125 0.5911449328125 0.6692854421875001 0.3597735984375 0.57835643125 0.146298825 0.480532103125 0.1553307171875 0.4071655265625 0.1077937859375 0.28021330624999996 0.134630221875 0.1727973078125 0.159772334375 0.1137488109375 0.20174902968750003 0.0830868421875 0.23528517031249999 0.11398569375 0.2614908109375
11 0.33799170312500004 0.5282232671875 0.32876032187500004 0.5458949390625001 0.3412716578125 0.5561283593749999 0.358936303125 0.552040965625 0.35183321093750003 0.544588325 0.33799170312500004 0.5282232671875
5 0.321646109375 0.5686170796875001 0.331257759375 0.5568725796875 0.3050432875 0.5453278609375001 0.30199667343750003 0.5528174078125 0.321646109375 0.5686170796875001
10 0 0.6057278046875 0.0315035375 0.6310182640625001 0.1202552203125 0.5750221046874999 0.1039282609375 0.5556656703125 0.0303724328125 0.553743784375 0 0.5615124296875 0 0.6057278046875
9 0 0.7722638703125 0.014880890625 0.7666243453125 0.10397485 0.7486435015625 0.13909953749999998 0.7653270296875 0.1367145640625 0.7839802390624999 0.20998233125 0.7597889984374999 0.229913578125 0.7313568765625 0.08613180312499999 0.7232481187500001 0.01070863125 0.71972814375 0 0.7300332453125 0 0.7722638703125
10 0.4562882453125 1 0.46576587500000005 0.988877246875 0.4854962359375 0.968677625 0.5141552734375 0.9421328875 0.56169940625 0.94297606875 0.5855250437499999 0.9100333578124999 0.58493663125 0.88476716875 0.5903769890625 0.8647895812499999 0.6334052078125 0.8266559140625 0.6026632375000001 0.8265614734375 0.5495844890625 0.8294999171875 0.5333901671875 0.8134185796875 0.5034324781249999 0.8138635734375 0.45494803125 0.787323103125 0.39529919375 0.7834618796874999 0.3291087765625 0.774529146875 0.275583328125 0.7608398625 0.2650605875 0.775420915625 0.30457068593750003 0.7955950078125 0.326033871875 0.8126455968749999 0.31551046718750003 0.8272264843749999 0.28758167968750004 0.830586175 0.24999382187500002 0.8487422546875001 0.2732519703125 0.8806923203125001 0.3058869 0.8750341828125 0.3186647109375 0.9085005609374999 0.3636814578125 0.923165534375 0.3881331640625 0.9282298250000001 0.39689757187499997 0.9428025671875 0.361642025 0.9718632765624999 0.3606045390625 0.9805516234375 0.43860772031249995 1 0.4562882453125 1
10 0.24473306875 0.8794576359375 0.2688055125 0.8510497062500001 0.29516371406249997 0.80979194375 0.311644671875 0.7805234484375 0.304647134375 0.7791231890625 0.267047540625 0.848890875 0.22174317812500002 0.8943140046875 0.1793036375 0.9353482312500001 0.183692525 0.9364425031250001 0.219468090625 0.9034388796874999 0.24473306875 0.8794576359375
9 0.478921871875 0.7638871 0.449793853125 0.7869386140625 0.4696517296875 0.8010676125 0.508654215625 0.8113481953124999 0.5254220875 0.8110790015625 0.54715730625 0.8251193734375001 0.689799328125 0.8320391203125 0.6536145906249999 0.8238515078124999 0.5674210468750001 0.7751060375 0.55950790625 0.763677109375 0.561804253125 0.7425574109374999 0.53103398125 0.7334945640625 0.49595589531249995 0.7164055265625 0.4745587265625 0.6890997578125 0.4412725453125 0.7005467546874999 0.44169364375000003 0.7345808 0.47921057187500005 0.74337865 0.478921871875 0.7638871
9 0.2052348953125 0.6208374437499999 0.21224464531249998 0.64928400625 0.2447773640625 0.6765847984375 0.27333194843749997 0.69900000625 0.2955374140625 0.7156200578125 0.362665559375 0.730688471875 0.415848628125 0.7019539140625 0.466236496875 0.6978303140625 0.4404891765625 0.664155778125 0.42865628750000007 0.63867848125 0.393896215625 0.6366863984375 0.341392715625 0.6433419812500001 0.333878790625 0.6392433359374999 0.33991126718750003 0.6210017578125 0.3213664796875 0.6105377015625 0.30558159687500003 0.61133006875 0.250950215625 0.5907971359374999 0.23316127656250002 0.596652071875 0.2052348953125 0.6208374437499999
10 0.657290484375 0.747079271875 0.5979949421875 0.7512066234375 0.5559820531249999 0.74406865625 0.5614637859375 0.7726904125 0.6530951546875 0.8219574296875001 0.7229985906249999 0.8407767406250001 0.771888959375 0.8218182781250001 0.796452021875 0.7962376359375 0.8226195296875 0.7835724546875 0.8209496828124999 0.770919303125 0.825750396875 0.7412456093750001 0.8251175421875001 0.7155018546874999 0.8217816921875001 0.694645875 0.7869381796875 0.6706626609375 0.77173985 0.694406384375 0.7369825578125 0.7221727687499999 0.6985278828125 0.740952290625 0.657290484375 0.747079271875
9 0.793293321875 0.61543234375 0.7844101859375 0.6718988234375 0.8180942828125 0.6858063765625 0.85266341875 0.675010940625 0.9089533328125 0.6531688812499999 0.8779408078125 0.6420995671874999 0.80393611875 0.6278199359375 0.793293321875 0.61543234375
10 0.9274291796874999 0.4004457453125 0.98347974375 0.4063551875 0.978600490625 0.3931799265625 0.8969550406250001 0.379776090625 0.8524877999999999 0.3884353390625 0.6885590015624999 0.3820490515625 0.7010247453125 0.4332701046875 0.7343115859375 0.502197865625 0.7418065328125001 0.5093507171875 0.7464197859375 0.4640564484375 0.7716462234375 0.4492095046875 0.8573942546875 0.40745770156249994 0.9274291796874999 0.4004457453125
10 1 0.42161805937499996 0.9824501421875 0.410484690625 0.9175299812500001 0.39847008437500003 0.8544252078125 0.41638779687499994 0.8157679359375001 0.427051271875 0.7518250515625 0.461724809375 0.7313670828125 0.48721609531250004 0.7537004203125 0.5435148125 0.7731618609375001 0.580071996875 0.7979759578125 0.626420934375 0.8086408468749999 0.6344018203124999 0.8382843281250001 0.6418829890625 0.935518603125 0.6448617171875 0.9806526328125 0.6389903296874999 1 0.561392278125 1 0.42161805937499996
9 0.326139990625 0.0694812828125 0.281922371875 0.054103815624999996 0.28183884375 0.10315017500000001 0.3133076578125 0.121695615625 0.306781875 0.13865091093749998 0.3759938625 0.1384968203125 0.3804523515625 0.1206147984375 0.3613874984375 0.09330624374999999 0.326139990625 0.0694812828125
10 0.2483594875 0.48138271718750003 0.23378605000000002 0.48170814999999995 0.24228356406249998 0.49061443281250006 0.23975924218750003 0.4989219875 0.24943336249999998 0.501899740625 0.257491084375 0.49440609375 0.26110338906249997 0.48173204375 0.2650085390625 0.47818045312499996 0.27003906718750004 0.47253405156249995 0.27082809218750004 0.4602875234375 0.2633803078125 0.45322656875 0.24871470312500002 0.44968306093750005 0.2592992328125 0.4580912875 0.2597374421875 0.47268061250000004 0.2483594875 0.48138271718750003
9 0 0.8839853328125 0.0458663828125 0.8847438984375 0.06576617812499999 0.8715896015625001 0.04170241875 0.8469077046875 0.0024977046875 0.8405298640625001 0 0.8459811187499999 0 0.8839853328125
