1 0.41321166875 0.3802114109375 0.425217096875 0.38323248125 0.43173804687499995 0.3730824296875 0.42997871875 0.3560851015625 0.42700759374999997 0.35325013437499997 0.4191791125 0.3525200609375 0.40980191718750003 0.35816245 0.405508959375 0.3685453234375 0.40387705625 0.3800890859375 0.41321166875 0.3802114109375
9 0.41323982499999995 0.41155123437499996 0.40249651093749994 0.4400090578125 0.43025070000000004 0.45165191718750003 0.4387000859375 0.41950531093750004 0.41323982499999995 0.41155123437499996
10 0.2758505078125 0.3637930125 0.2787225703125 0.36588113437500003 0.30804653437499996 0.3417899734375 0.30623054375000003 0.3408058484375 0.30330092343750004 0.340178546875 0.2973442765625 0.34507934218749997 0.2887839640625 0.3405730953125 0.29242433437500004 0.34734443593750003 0.27915879062500004 0.356189975 0.276806690625 0.360316896875 0.2758505078125 0.3637930125
10 0.255571571875 0.6043925234375 0.25816902656249996 0.610014896875 0.265415059375 0.603817796875 0.26231673906249997 0.5984285734375 0.255571571875 0.6043925234375
9 0.3475199109375 0.498708775 0.3508917 0.499728146875 0.35570053125 0.49337135312499997 0.351566446875 0.48775709218749996 0.3484336953125 0.49238958593750004 0.3475199109375 0.498708775
10 0.3512509375 0.65326823125 0.35463211562499997 0.6553244312500001 0.3593180625 0.6527366171875 0.3583064984375 0.64567251875 0.35510655625 0.647818609375 0.3512509375 0.65326823125
10 0.3516665953125 0.6276197609375 0.3476664296875 0.627567475 0.3552504703125 0.6321442734375 0.3560822703125 0.6286488328125001 0.3516665953125 0.6276197609375
10 0.3098388921875 0.6751822093750001 0.306245984375 0.66928443125 0.30003905937500003 0.6762391046875 0.305599303125 0.6776023734375001 0.3098388921875 0.6751822093750001
10 0.4408355515625 0.6909895328125 0.4434694875 0.6921215578125001 0.44501772187500005 0.6889270078124999 0.44484940625 0.6871750453125001 0.44476740625 0.686754628125 0.44176485625 0.687164959375 0.4408355515625 0.6909895328125
10 0.4593828125 0.6520014062499999 0.4570689875 0.6605832875 0.4631601515625 0.662279971875 0.46609001250000004 0.653806475 0.4593828125 0.6520014062499999
10 0.46972523749999995 0.6699884843749999 0.47104335468749997 0.6727231312499999 0.47603360781250004 0.6687578828125 0.47428869218749997 0.6631060625 0.46950618750000006 0.6666710140625 0.46972523749999995 0.6699884843749999
10 0.49327690625000004 0.6586715953125 0.49431516562500005 0.659049490625 0.49582168125 0.6562316671875 0.49277358125 0.654785446875 0.4921144296875 0.6567257875 0.49327690625000004 0.6586715953125
10 0.5251830203125001 0.6181130078125 0.524687703125 0.6241505968750001 0.5480555 0.6236236453124999 0.5495179734375 0.6164774359375 0.5251830203125001 0.6181130078125
10 0.5136233578125 0.602914215625 0.5167214078125 0.599918325 0.516280315625 0.5982524687499999 0.512247446875 0.59698098125 0.5117632109375 0.6004699671875 0.5136233578125 0.602914215625
9 0.5633254765625 0.7010362 0.5638033203124999 0.702535928125 0.5639977140625 0.7022575734375 0.5713608078125 0.7198705203125 0.5757395843750001 0.7175563921875 0.5808096093749999 0.7142381421875 0.5845573374999999 0.7099501296875 0.585140971875 0.7060454875 0.5825782937499999 0.7056710546875 0.5761076375 0.7078516593749999 0.575039303125 0.7074628171875 0.564812275 0.7005305609375 0.5633254765625 0.7010362
9 0.5830136671874999 0.7374975015625 0.581497040625 0.7375736203125001 0.5796239062499999 0.74540474375 0.5810809484374999 0.744469878125 0.5830136671874999 0.7374975015625
10 0.43022937656250004 0.59259153125 0.42853878281249996 0.5975910953125 0.4318937328125 0.597715115625 0.43256950468750005 0.5925358562499999 0.43022937656250004 0.59259153125
10 0.3990478921875 0.6041992656249999 0.3979451015625 0.60663783125 0.4006050515625 0.609735934375 0.40334531250000005 0.6021615671875 0.3990478921875 0.6041992656249999
10 0.44484965 0.5465466359375 0.443040128125 0.5387119140625 0.44036227187500004 0.5312136125 0.4418749015625 0.5271208953125 0.43296838437499996 0.5300135921875 0.4304834046875 0.5317184828125 0.432725409375 0.5470731843750001 0.44005363593749997 0.5527227078125 0.44484965 0.5465466359375
0 0.4834825140625 0.5649603296875 0.4867394421875 0.55749055 0.4875888203125 0.5511249125 0.4813380453125 0.548409753125 0.48092564531250004 0.5483332171875 0.4769237265625 0.551130675 0.47239153125 0.5541754578125 0.46987330937499994 0.560153584375 0.467484809375 0.5653720984375 0.46950643281250004 0.56882185625 0.4765589890625 0.56852823125 0.4834825140625 0.5649603296875
9 0.514227865625 0.452503325 0.5107444828125 0.45538652031250004 0.5137879890625 0.467873315625 0.516355196875 0.4665891953125 0.5174015234375 0.46489463906250006 0.514227865625 0.452503325
9 0.4612757140625 0.47608393906249996 0.46274433125 0.4749237578125 0.46642139218749995 0.46942091875 0.4652788765625 0.4677509625 0.46092697656250003 0.473132578125 0.4612757140625 0.47608393906249996
9 0.46022219218749993 0.46885930625 0.46300384687499996 0.47156619062500005 0.463814071875 0.4692249890625 0.46095198125000003 0.4660492984375 0.46022219218749993 0.46885930625
9 0.4553564703125 0.470038225 0.4566872328125 0.46914166718750006 0.45738682031250005 0.46606973749999997 0.4568153796875 0.463257484375 0.45398277656249997 0.46702760468750004 0.4553564703125 0.470038225
10 0.831097890625 0.8256483671874999 0.8299532765625001 0.8375102015625 0.8352371390625001 0.834522046875 0.8376223703125 0.8259022187499999 0.831097890625 0.8256483671874999
10 0.8252528 0.8810756109375 0.8295260859375 0.8783335859375001 0.8410458078125 0.837403465625 0.8339064046875 0.8331169109375001 0.8176698234374999 0.8763205 0.8252528 0.8810756109375
10 0.8201164984375 0.903918721875 0.8262459015625 0.9050753 0.8466411624999999 0.8985318359375001 0.8462851640625001 0.911601490625 0.8444506374999999 0.9219843203125 0.8507032109375 0.923646121875 0.8512172265625001 0.901425284375 0.855037796875 0.9018950703125 0.8588708859375 0.9220146984375001 0.8665308890625001 0.91221743125 0.8603976203125001 0.889418759375 0.8675821656249999 0.873616328125 0.8630719265625 0.8699796031249999 0.8530445953125 0.8845937906250001 0.8481231593749999 0.8826492484375 0.8213907062500001 0.900699071875 0.8201164984375 0.903918721875
10 0.8863197203125001 0.8770291609375 0.8845977843749999 0.8753917515625 0.878582896875 0.8767326499999999 0.874217 0.8912587437499999 0.8685569609374999 0.88459444375 0.86064286875 0.8919969906249999 0.862734946875 0.90733885625 0.8701611265625001 0.916180984375 0.865976565625 0.9273967624999999 0.85676091875 0.9233290765625 0.856121171875 0.9585498250000001 0.862353309375 0.9663446640625001 0.8893437265624999 0.892189103125 0.8889498921874999 0.8891627390625001 0.8863197203125001 0.8770291609375
10 0.8297367124999999 0.786082259375 0.836065334375 0.7765679125 0.8341673703125 0.775877109375 0.8292208890625 0.776532265625 0.826954234375 0.770949503125 0.817363303125 0.7812718656250001 0.8237375640625 0.790191521875 0.8297367124999999 0.786082259375
15 0.8332137734374999 0.76647461875 0.830682159375 0.7706180640625 0.8714828109375 0.7873101328125001 0.8721247812499999 0.7821718078125001 0.8332137734374999 0.76647461875
15 0.8970760765625 0.7912533359375 0.8951850265625 0.7970113765625 0.9071885953125 0.8019942671875 0.9087633546875 0.7970841625 0.8970760765625 0.7912533359375
15 0.8975461250000001 0.7974183765625 0.8945791765625 0.8007894234374999 0.9051746546875 0.8206077265625 0.90885673125 0.8161155140625 0.8975461250000001 0.7974183765625
10 0.928410725 0.771813378125 0.93285909375 0.75593585 0.922465128125 0.755529340625 0.9208011390624999 0.77641083125 0.9146096187499999 0.7574279359375 0.9012262953124999 0.7494873281250001 0.8925632234374999 0.7626029328125 0.8945254453124999 0.77099108125 0.8959538015625 0.7771897859375 0.9002740515625 0.7861290765625 0.9089166953125 0.7921909312500001 0.9123830796875 0.797289571875 0.9174137578125 0.815067325 0.9218647125 0.8028384281250001 0.92122419375 0.7977448390624999 0.9240279703125 0.7968949249999999 0.9287819468749999 0.7838334828125 0.929230475 0.7819343859375001 0.928410725 0.771813378125
10 0.9005537578125 0.78423575 0.8964464828125 0.779210684375 0.880558365625 0.812350359375 0.8820604140625001 0.813111875 0.8895128015625 0.8142893171875001 0.9005537578125 0.78423575
