10 0.4549158734375 0.7468360671875 0.406928925 0.8145802625 0.4478043453125 0.864731421875 0.5279330015625 0.8091783124999999 0.6115625921875 0.7612653625 0.6322045140625 0.7478027859374999 0.5917450046875 0.71157623125 0.5426220109375001 0.7315991578125 0.48712687031249996 0.72600625625 0.4549158734375 0.7468360671875
4 0.29008819531249996 0.5860526359375 0.2843376734375 0.58633218125 0.2757437 0.5948329046875 0.28971836406249996 0.6153981749999999 0.303708428125 0.6073863859374999 0.29008819531249996 0.5860526359375
4 0.40067577187500003 0.70175761875 0.41301869843750005 0.692705634375 0.409866446875 0.6785619203125 0.40311424375 0.673989621875 0.387613315625 0.6823620546875 0.3870383421875 0.6995878921875 0.40067577187500003 0.70175761875
9 0.5269147078125 0.24601994062500002 0.51195413125 0.25674360625000003 0.47798364062500004 0.2773470421875 0.4888609640625 0.289053853125 0.5427752765625 0.262939840625 0.5269147078125 0.24601994062500002
12 0.4967128359375 0.19740924531249998 0.46561109375000004 0.2124808765625 0.4424985078125 0.21786184843749998 0.42685780156249997 0.22369899062499998 0.4263203625 0.22416656562499998 0.42992683906250007 0.23124467499999998 0.4417407546875 0.240729540625 0.4733140546875 0.23723992031250002 0.495668365625 0.226819059375 0.5129562109375 0.20696312187500002 0.5291341328125 0.2006579640625 0.5290517265625 0.19643611562500002 0.4967128359375 0.19740924531249998
12 0.32801389375 0.32503479375 0.3632100203125 0.2890768890625 0.37990558281250003 0.2726241625 0.37474729375 0.26808146875 0.3526423515625 0.2739176953125 0.3485400453125 0.26941815468749997 0.32390545 0.27790000625 0.29402906406249996 0.3013988796875 0.29402531875000004 0.30145863125 0.32801389375 0.32503479375
9 0.28847071562500004 0.232203321875 0.2744061453125 0.237803553125 0.27364004531249997 0.23759655156249998 0.2699753453125 0.246324140625 0.2914811234375 0.2397504875 0.28847071562500004 0.232203321875
9 0.3361334734375 0.24048432343749998 0.35461336875 0.241089115625 0.3661039734375 0.24478526718750002 0.3898202421875 0.22205415624999997 0.36466908125 0.22516197187500003 0.31754275625 0.23884039218750003 0.3049314640625 0.2440135703125 0.3361334734375 0.24048432343749998
2 0.4660292609375 0.197158715625 0.47274364999999996 0.1963991921875 0.476972965625 0.19158261875 0.48074372812500005 0.186686265625 0.48213395156249994 0.17993093437500002 0.47034865000000003 0.1875992921875 0.4660292609375 0.197158715625
9 0.41905952187500006 0.1792826703125 0.41900343125 0.1913267109375 0.42909127187499996 0.18646004375 0.4251276046875 0.17796561875 0.41905952187500006 0.1792826703125
9 0.3181854109375 0.45426513125 0.2290851859375 0.5007139171875 0.2108794 0.5156347046875001 0.286266896875 0.534585084375 0.3862407140625 0.44899183281250005 0.4011580515625 0.4377156734375 0.40493955625 0.4066485015625 0.3773067671875 0.40602652812500006 0.3666220359375 0.42354681093749996 0.3273332109375 0.43647744218750006 0.3181854109375 0.45426513125
9 0.24534361875 0.427789740625 0.2516318015625 0.433802634375 0.26360600624999997 0.42407506718750004 0.2544928546875 0.4216170640625 0.24534361875 0.427789740625
