12 0.6197713140625 0.634841440625 0.6412412562500001 0.619808025 0.7311253140625 0.612102634375 0.7769923375000001 0.578091453125 0.8530731125000001 0.5608279984375 0.8592457765624999 0.5290249140625 0.935709665625 0.50012235 0.9159041374999999 0.3794293375 0.9651409187500001 0.356324221875 0.9626403890624999 0.2898468453125 0.9161063374999999 0.23145958281249998 0.8809623296875 0.2086871640625 0.8315698453125 0.17978154375 0.802882625 0.1591212265625 0.7193618500000001 0.1434187921875 0.6222535703125 0.20478154843750002 0.6205607093750001 0.29883319531249997 0.611017140625 0.3197294328125 0.573298784375 0.27601710156250003 0.5627673109375 0.3269815546875 0.572238978125 0.40752989531250006 0.5772596859375 0.4675041734375 0.570513109375 0.5167665796875001 0.5776002703125 0.5847700171875 0.6197713140625 0.634841440625
11 0.7681533109375 0.7099178625 0.7783619890625 0.72551295625 0.78941129375 0.7285278671875 0.870314325 0.7075603828125 0.8770902734374999 0.6857583484374999 0.9590850218750001 0.7013117234374999 0.9363779671874999 0.6688826890625 0.8899429484375 0.6492778703125001 0.8664080328124999 0.6278527796875 0.8687022953125 0.5722318125 0.855728071875 0.541517303125 0.81536158125 0.6067392671875 0.7777340749999999 0.616976240625 0.74313001875 0.60614475625 0.7425565062499999 0.623603796875 0.783964003125 0.668523246875 0.79204076875 0.6922443140625 0.7681533109375 0.7099178625
9 0.37040754531250003 0.2536425140625 0.371464553125 0.26536843593750004 0.4037330484375 0.2713737765625 0.4380346859375 0.24845547968749998 0.4260265125 0.2132305390625 0.38452506249999996 0.2356903546875 0.38785900624999997 0.24948904062500002 0.37040754531250003 0.2536425140625
5 0.2483131671875 0.1960505515625 0.23724174374999998 0.23507406875 0.2650704078125 0.25349264374999997 0.38529649843749997 0.25459515625 0.3576929671875 0.20095664375000002 0.2483131671875 0.1960505515625
9 0.35546919374999997 0.1622393109375 0.2555423203125 0.0682713921875 0.157452090625 0.130262109375 0.22301545156249997 0.224322790625 0.2392150078125 0.210474609375 0.34468472656250004 0.1925331671875 0.35546919374999997 0.1622393109375
11 0.4079752 0.3143612609375 0.43961855937500005 0.35853706875 0.48022701406249996 0.456135778125 0.5098048484375 0.47806802031249995 0.5107591921875 0.47739978125000004 0.5274889390624999 0.478951871875 0.558279628125 0.4498114328125 0.5780984671875 0.3999244625 0.5589250406249999 0.3309078171875 0.5491954171875 0.286548975 0.5249627890624999 0.2438173125 0.557789228125 0.2094603484375 0.572391628125 0.1622785953125 0.5509872984374999 0.14694221875 0.56927828125 0.115182528125 0.583246296875 0.044754317187499996 0.5461636734375 0.01007294375 0.5027407015625001 0.11154921250000001 0.48540729687499995 0.0999955359375 0.48349309375000005 0.1724070515625 0.46339416875 0.14573314531249998 0.40989907968750006 0.1140151703125 0.4334727390625 0.20357940624999998 0.43367746562500004 0.26983077187500004 0.42452041874999996 0.295312440625 0.3972155109375 0.300643784375 0.4079752 0.3143612609375
5 0.24439339218749997 0.638394071875 0.1612540828125 0.615113396875 0.1359703984375 0.5901743578125 0.0308820671875 0.6106916609375 0.0409418875 0.61693554375 0.10416487187500001 0.7072273234375 0.259930540625 0.9601481015625 0.2772028953125 0.9452117531249999 0.2629646484375 0.7969290375 0.5080620687499999 0.7854571625 0.5174368390625 0.7693961109375 0.48703477812499996 0.715822403125 0.25341861250000003 0.732521403125 0.24439339218749997 0.638394071875
9 0.44818574218749996 0.731894759375 0.44621791093749996 0.6783107734375 0.4778009640625 0.650422834375 0.4713799015625 0.5906041171874999 0.383478796875 0.45694444375 0.3442367703125 0.37449904218749996 0.27792755625 0.2930006609375 0.21937326562499998 0.28756766875 0.15216711249999998 0.3355383265625 0.072552709375 0.38938939375000003 0.1255357125 0.4650569640625 0.131353528125 0.5007832375 0.1333232671875 0.525936784375 0.15825401249999999 0.589974740625 0.183535415625 0.6433436859375 0.246320125 0.647710046875 0.2567474625 0.713375459375 0.32220230625 0.7357717515625 0.4068053640625 0.742864778125 0.44818574218749996 0.731894759375
12 0.5187149078125 0.7844785609375 0.464289225 0.7926017640625 0.4736634890625 0.8372507578124999 0.4951823609375 0.8422789703125 0.5190726999999999 0.8317118718750001 0.5197596265625 0.8306991765625 0.5327416671874999 0.8216090546875 0.5313433203125 0.7965394328125 0.5316409671875 0.7596489671875 0.5052867140624999 0.7539142265625001 0.5187149078125 0.7844785609375
2 0.2475676296875 0.400431609375 0.1452167703125 0.39439408125000003 0.12416026875 0.4110335421875 0.21174788281249998 0.48331765468750004 0.261338959375 0.40689811562499995 0.2475676296875 0.400431609375
4 0.38154028281249996 0.4800365203125 0.35473385625 0.40215000468750006 0.31011306875 0.369904 0.2967525234375 0.3934729140625 0.30024820937499996 0.42892962343749996 0.326675903125 0.4758109015625 0.38154028281249996 0.4800365203125
16 0.45456436718750004 0.8527262890625 0.4781254171875 0.94425688125 0.4810364765625 0.971715025 0.525738959375 0.9421887421875 0.502395615625 0.9149436921874999 0.492028884375 0.9016878203124999 0.4709787140625 0.821333259375 0.46093088125000004 0.786673334375 0.4004669484375 0.7967920421875 0.45456436718750004 0.8527262890625
5 0.35264363125 0.49761085468750005 0.3265047046875 0.434893359375 0.3214471890625 0.396134353125 0.3152029375 0.3416980328125 0.32373007343750004 0.302086821875 0.3729195953125 0.2946512015625 0.39413333437500003 0.3015915046875 0.4284682796875 0.2993450359375 0.42923479843749995 0.2689589453125 0.3610737328125 0.272148228125 0.35269445 0.25053452656249997 0.292293821875 0.2587141625 0.3043774328125 0.2881567484375 0.310172996875 0.388335790625 0.312744003125 0.44481323437500003 0.31595623281249996 0.4863426046875 0.363519321875 0.5212668375 0.39863194218750003 0.537901728125 0.42500107031249995 0.5156467890624999 0.40762215 0.484226196875 0.35264363125 0.49761085468750005
