2 0.20179296875000002 0.6990367578125001 0.1641079109375 0.6681470296875001 0.140778809375 0.64280614375 0.05673979999999999 0.597951025 0.0365166015625 0.6320775421875 0.0668442375 0.6659274921875 0.125166503125 0.6879385703125 0.1447265625 0.6949677750000001 0.197306640625 0.7130946625 0.20179296875000002 0.6990367578125001
4 0.1502900390625 0.7012019140625 0.128217284375 0.6899189328124999 0.1113486328125 0.6897341390625 0.093044434375 0.73338670625 0.092685546875 0.757062940625 0.12247460937500002 0.7611324265625 0.1502900390625 0.7012019140625
2 0.1162783203125 0.7783318234375 0.1781831046875 0.748304128125 0.199700684375 0.72305438125 0.20301123125 0.70804028125 0.18976953125 0.6387729109375 0.17089990156249998 0.5930498484375 0.1490512703125 0.5647286 0.1331611328125 0.547326284375 0.06264941406249999 0.5671168171875001 0.0206025390625 0.624079053125 0.0351728515625 0.6771918421875001 0.061325195312500004 0.7605881171875 0.1162783203125 0.7783318234375
2 0.13267529375 0.77756696875 0.13168261718750002 0.8075946625 0.142275878125 0.8133952671875001 0.1757109375 0.796334340625 0.2031875 0.7799556890625 0.24291259843750002 0.782685296875 0.2713818359375 0.767330815625 0.2803203125 0.751634440625 0.26840283125000003 0.7328675734375001 0.2667475578125 0.70727593125 0.2780029296875 0.6980629406250001 0.2856167 0.6953333328125 0.3015068359375 0.6721304124999999 0.3531494140625 0.6499511578125 0.3322939453125 0.6407381671875 0.304486328125 0.6591641484374999 0.2611196296875 0.681343403125 0.22172558593749997 0.7007930515624999 0.2005390625 0.7267255796875001 0.168428221875 0.759141490625 0.13267529375 0.77756696875
2 0.41307910156250005 0.67565810625 0.40877539062499996 0.6650805640625 0.38659570312499997 0.6483605234375001 0.376002440625 0.6483605234375001 0.36110546875 0.6497255796875 0.3074765625 0.6712225578125001 0.29622119062499996 0.67975276875 0.2849658203125 0.6937426984374999 0.2743725578125 0.6992024171875 0.2700688484375 0.70807401875 0.2694067375 0.7275236656249999 0.2710620125 0.7527739171875 0.28364160156249996 0.76983484375 0.30350390625 0.77802416875 0.3207182625 0.7756354484375 0.3402495125 0.770858509375 0.37633349531250004 0.7578922453125 0.40116162031249997 0.735712990625 0.41870654375000005 0.7142160125 0.42069287031249997 0.6937426984374999 0.41307910156250005 0.67565810625
2 0.390916015625 0.7963716015625 0.3952192390625 0.8284461234375 0.4071372078125 0.8455070499999999 0.44454492187500005 0.8513081578125 0.462751953125 0.8414128906249999 0.475993653125 0.8229869078125001 0.4935390625 0.78954733125 0.50280810625 0.7656621343750001 0.504463378125 0.74484743125 0.5094287109375 0.73188116875 0.5094287109375 0.71925629375 0.5047944328125 0.7076545828125 0.48923535156250003 0.699806646875 0.4733452140625 0.700488921875 0.46407617187500005 0.7011717015625 0.4670556640625 0.7049249750000001 0.4491792 0.7209622359375001 0.43064111250000003 0.7332462234375 0.404819825 0.772145015625 0.390916015625 0.7963716015625
2 0.542220703125 0.8781268875 0.5662265625 0.895329809375 0.5852026359375 0.8986289015625 0.6048647453125 0.8965080562500001 0.6201831062500001 0.8774199390625 0.6617934578125 0.8180337359375001 0.6668232421875 0.8046017125 0.6704814453125 0.79281873125 0.6729960937499999 0.7843348437500001 0.6579067390625 0.7580407859375 0.6357294921875 0.74696525625 0.616524903125 0.7462583078125 0.6078369140625 0.7545060421875001 0.5817734375 0.7833922453125 0.5447353515625 0.8288741187499999 0.5351328125 0.850083584375 0.542220703125 0.8781268875
2 0.7570375984375 0.8051002015625001 0.7385185546875 0.77116515625 0.73783251875 0.7619748234375 0.7392045890625 0.754669184375 0.7321171875 0.739587109375 0.7195424796875 0.7299249750000001 0.7058247078125001 0.7299249750000001 0.685248046875 0.7341671703125 0.677017578125 0.7466571 0.67724609375 0.755983384375 0.6765600593750001 0.76564551875 0.670158690625 0.788504028125 0.6637568359375 0.805236153125 0.6674150390625 0.86753575 0.6678720703125001 0.8967573015625 0.684791015625 0.9132537765625001 0.70833935625 0.93187059375 0.745377440625 0.9311636453125001 0.76190234375 0.9175996984375001 0.766017578125 0.9110010078125 0.7719619140625 0.891912890625 0.7570375984375 0.8051002015625001
2 0.9773486328125 0.8994189328125 0.8398115234375 0.7873408859375 0.8174819328125 0.7840050359374999 0.7906220703125 0.7589874125 0.7822080078125 0.748980865625 0.7598784171874999 0.7486470296875 0.7381958 0.7743318234375 0.744020996875 0.78934189375 0.7569658203125 0.8056868078124999 0.7673232421875 0.82514551875 0.7789736328125 0.8521641484375 0.824927246875 0.8911913390624999 0.8757348640625 0.94322759375 0.8977407218750001 0.9652432031249999 0.938192871875 0.9679113796875001 0.9601967765625 0.9517885203124999 0.973923828125 0.93423565 0.9754067390625 0.9367779453124999 0.9760541999999999 0.9274380671875001 0.9773486328125 0.8994189328125
2 0.96634814375 0.8887145015625 0.9682900390625001 0.900389225 0.99951171875 0.9290760328125 0.99951171875 0.8073242703125001 0.94596045 0.7619592140625 0.9223364265624999 0.7492839874999999 0.9000068359375 0.7559551859375 0.8789716796875 0.7632935546875 0.8718525390625 0.7803056390625 0.8676455078125 0.7973172203125001 0.8744414062500001 0.8146626390625 0.96634814375 0.8887145015625
9 0.999033690625 0.7648514609375 0.9851181640625001 0.7831978859375 0.9873833015625 0.7952059421875 0.99951171875 0.8058801609374999 0.999033690625 0.7648514609375
