10 0.617611496875 0 0.601381603125 0.006830531250000001 0.6233010203125 0.10904036875 0.6588277312499999 0.1684562984375 0.8176534921874999 0.1794052921875 0.86319785625 0.1589478015625 0.863094053125 0.1491710578125 0.67216380625 0 0.617611496875 0
9 1 0.25613370625 0.8611119515625001 0.1476224703125 0.8601519609375 0.156084309375 0.8354712187500001 0.18429073125 0.8078766359375 0.18746585 0.798478703125 0.20287814062499998 0.8009014640625001 0.2928242203125 0.8519940890625 0.3881454234375 0.9498495968749999 0.47943914843749996 1 0.46289464999999996 1 0.25613370625
10 0.574354396875 0.0815397921875 0.501416990625 0.04632051875 0.43110098125 0.0517337734375 0.43360113125 0.13481383125 0.4215862875 0.1620331015625 0.456912259375 0.2183249328125 0.464749384375 0.247202725 0.48233041249999997 0.314363621875 0.6495527531249999 0.33717276093750004 0.6359003609375 0.1939327 0.6261053125 0.0863548328125 0.6052457875 0.0690684984375 0.574354396875 0.0815397921875
10 0.44807240937500004 0.29935541718750003 0.460565915625 0.27152103125 0.46746818437500004 0.22546819375 0.3716094796875 0.12485170625 0.24648639062500002 0.012348000000000001 0.17816604687499998 0.099794053125 0.3526044484375 0.26928953906249997 0.44807240937500004 0.29935541718750003
10 0.7638585296875 0.48572443125 0.6965189031250001 0.3519862234375 0.652697515625 0.3573227609375 0.552910975 0.4022820375 0.6180555531249999 0.5251608921875001 0.6871567265625 0.6177331140625 0.7381780109375 0.6031811296875 0.775678728125 0.5602564 0.7638585296875 0.48572443125
10 0.930981778125 0.6736783046875 0.7781390328125 0.591859846875 0.7021105375000001 0.621502175 0.709347753125 0.6934426109375 0.763656503125 0.73389508125 0.845510796875 0.7543153203124999 0.9275668312500001 0.764874034375 0.9598973234375 0.7234928921875 0.9549551890625001 0.71912093125 0.930981778125 0.6736783046875
10 0.599123209375 0.5955155640625 0.52938205625 0.634027890625 0.47070986406250004 0.6346881921875 0.50266184375 0.7071395109374999 0.591561953125 0.73207545625 0.6923819046874999 0.6960788765625 0.657301025 0.607331459375 0.599123209375 0.5955155640625
10 0.5753902484375 0.842437884375 0.5954685015625001 0.7710606125 0.46340840781250003 0.6914024249999999 0.381763821875 0.778985303125 0.41739606875 0.8078147859374999 0.398384446875 0.8473754609374999 0.43437667187500006 0.9400304140625 0.5123252796875 0.9079304531249999 0.5753902484375 0.842437884375
10 0 0.601485909375 0.0091903859375 0.619291225 0.03120755625 0.5860365296875 0.0227275296875 0.466625059375 0.1085388078125 0.387243 0.204313040625 0.3898465296875 0.33623339531249996 0.4493826625 0.4411687421875 0.573909396875 0.44128275156249996 0.6482001484375 0.46616472656249996 0.6231196437500001 0.5362656765625 0.6264415921875 0.5721877703125 0.5872303796875 0.5560279921875 0.47764854218749997 0.5272363390625 0.3977711578125 0.4261595265625 0.3089075484375 0.287470090625 0.2411155671875 0.1555542203125 0.23401894374999999 0.05451921093749999 0.278750725 0 0.3567240625 0 0.601485909375
10 0.32615459375 0.514720828125 0.33692057656249996 0.5567697328125 0.34290045625 0.593101146875 0.3755533921875 0.5394638656249999 0.3225268296875 0.4584614171875 0.20110317968750002 0.3804136609375 0.1108723375 0.379172403125 0.054541728125 0.424204409375 0.0582185328125 0.4973209328125 0.080286846875 0.533361 0.095426803125 0.4699974296875 0.133700315625 0.41085911093750005 0.2265023265625 0.43587485625 0.32615459375 0.514720828125
9 0.45352724375 1 0.3620880453125 0.7224674265625 0.345350115625 0.5273479359375 0.2570637421875 0.447488225 0.15187256875 0.4197194890625 0.117515275 0.46707830625 0.0253589703125 0.585032996875 0 0.62540808125 0 0.74386629375 0.32783619375 1 0.45352724375 1
