9 0.141623765625 0.8920630796875001 0.2043875375 0.8601668 0.20564331249999998 0.8345156062499999 0.14724690000000001 0.7927795171875001 0.0820617015625 0.8238651812500001 0.079988309375 0.825370921875 0.1047864171875 0.9016916515625001 0.113120253125 0.901004634375 0.141623765625 0.8920630796875001
9 0.8069140062500001 0.5551930281249999 0.8047042531249999 0.5698441078125 0.806336534375 0.60275460625 0.8264113140625 0.6030438078125 0.883837046875 0.5924349609374999 0.855916778125 0.5615649687500001 0.8369676281249999 0.536139290625 0.8069140062500001 0.5551930281249999
9 1 0.47004188750000003 0.993813471875 0.46800633437499994 0.9509760765624999 0.42340415 0.9324264031249999 0.4306701234375 0.9292113703125 0.46081974062500003 0.9379628140625 0.4827469625 0.9685152406249999 0.4895399046875 0.9882239671875 0.4979987546875 1 0.49548645625 1 0.47004188750000003
9 0.524839409375 0.5480241312499999 0.53984116875 0.5399776109375 0.559370821875 0.5326799109375 0.5850365625 0.528148321875 0.6030883984375001 0.5206960390625001 0.6502271984375 0.45538519062500005 0.6355144671875 0.4569934921875 0.651259921875 0.305437546875 0.6334770890625 0.2997948171875 0.62418899375 0.3034466484375 0.587066103125 0.3884770171875 0.5195907656250001 0.4923069203125 0.5112115625 0.5112100546875 0.549097015625 0.51571403125 0.5371525859374999 0.526574878125 0.524839409375 0.5480241312499999
2 0.868918240625 0.232525928125 0.863557975 0.2186515140625 0.8580953765625001 0.2165936703125 0.8556420687499999 0.216255346875 0.856476525 0.23259360468749998 0.8697102859375001 0.2529949828125 0.87267814375 0.25645294375 0.8708095578125 0.247527475 0.868918240625 0.232525928125
3 0.8725510375000001 0.301079634375 0.868972828125 0.28875657499999996 0.876939325 0.2804892390625 0.87206558125 0.25893337656250004 0.861786715625 0.26031885312499997 0.8459367 0.281368365625 0.8327952296875001 0.314030996875 0.8476704703125 0.31260408906250003 0.8613180078125 0.3133898984375 0.8725510375000001 0.301079634375
3 0.7759316046875 0.1589778859375 0.771105925 0.1670767015625 0.7681265609375 0.19331376718749999 0.8056537484374999 0.18750835937500002 0.817823753125 0.17871186875 0.8233723703125 0.15548890312500002 0.810180021875 0.1532445 0.7759316046875 0.1589778859375
3 0.7652800046875 0.1290682015625 0.7662307203125 0.156583471875 0.775035453125 0.161388946875 0.8254612609375 0.1198769234375 0.8234491609375001 0.11499477031250001 0.812341003125 0.1139192890625 0.7652800046875 0.1290682015625
3 0.7836893765624999 0.1208149265625 0.79197196875 0.121388771875 0.793892009375 0.1092666640625 0.788252321875 0.11014778750000001 0.7836893765624999 0.1208149265625
3 0.8039965625000001 0.1020078078125 0.799219321875 0.11222045624999999 0.8037464859375 0.11596077187500001 0.8087201453124999 0.1057262953125 0.8039965625000001 0.1020078078125
3 0.6398657609375 0.060491529687500004 0.665268675 0.05891465 0.6876569171875 0.050719632812500005 0.6866418140625 0.047595464062499995 0.6867288921875 0.04745895625 0.6506687921875 0.034187617187500005 0.6392455171875 0.0399715015625 0.6398657609375 0.060491529687500004
3 0.31950664687499997 0.1263503140625 0.2823379703125 0.1189242234375 0.25641084375 0.125453078125 0.2599492859375 0.13947123749999998 0.276046021875 0.14209636875 0.29113679531250003 0.1510074515625 0.31003992187499996 0.1516369671875 0.3352093859375 0.1377711640625 0.31950664687499997 0.1263503140625
5 0.266056078125 0.261973040625 0.3294880171875 0.22987015781250003 0.327956453125 0.2043848875 0.30075188124999996 0.1887401390625 0.285839775 0.148614771875 0.17734346406249998 0.16088217031250002 0.1058831109375 0.152121896875 0.0856370078125 0.2086673234375 0.0797047390625 0.25156875 0.138819509375 0.26733806250000003 0.1503895234375 0.29256016875 0.266056078125 0.261973040625
1 0.59046144375 0.32014644375 0.5964998015625 0.317077275 0.5989185875 0.3124925328125 0.5981819296875 0.30706755937499997 0.5944085609374999 0.3005675359375 0.589425228125 0.3014704 0.5843795609375 0.3047370984375 0.582335690625 0.308071034375 0.58140963125 0.31318992031250004 0.5833192234375 0.31771370625 0.586277675 0.3202032140625 0.59046144375 0.32014644375
10 0.51397275625 0.3802626796875 0.5252077374999999 0.375014021875 0.5299742140625 0.3659314375 0.542448709375 0.3535069078125 0.5373507765625 0.3449975765625 0.551153171875 0.3341750609375 0.5493111390625 0.3199440796875 0.5430497046875 0.3084056359375 0.4580588875 0.3664801203125 0.45580560937500003 0.39509538437499997 0.5019896515625 0.37021425625000004 0.51397275625 0.3802626796875
12 0 0.5791922203125 0.005482165625 0.596064590625 0.023212440625 0.6138113093750001 0.044019671875 0.6120487109375 0.075557846875 0.6132987765625 0.119842059375 0.609907515625 0.1903267515625 0.60750028125 0.22567394062499999 0.6170098015625001 0.2824440546875 0.6035629609375001 0.2982976390625 0.5989042703125 0.29810689218749997 0.598123309375 0.2998079859375 0.5862314343749999 0.29201638750000003 0.5722037609374999 0.28297570156249996 0.56742891875 0.2852940453125 0.5478478484375 0.2857525421875 0.53930655625 0.2442101328125 0.4675036203125 0.2063163171875 0.4509355828125 0.16950703281249999 0.4513263296875 0.1412532578125 0.44871110156249994 0.1135453671875 0.45930163281249997 0.104314771875 0.47908708281249995 0.0902876078125 0.51449494375 0.028541396875000003 0.5470959078125001 0.0037987671874999997 0.5471370578125 0 0.548740390625 0 0.5791922203125
12 0.23884295625 0.47714398906250005 0.2817906375 0.48919738281249997 0.2981986921875 0.50710808125 0.31588927031249997 0.49637975 0.312981053125 0.48487350156250003 0.3132596578125 0.4836394515625 0.32377635 0.4669789546875 0.3498248640625 0.47622296875 0.375723753125 0.4536971578125 0.37208977499999996 0.441873534375 0.23635427031249998 0.40878222500000005 0.23125864375 0.41099108281249996 0.23332659375000003 0.42885704062499996 0.2036696578125 0.43406603906249996 0.20823487499999999 0.45195077499999997 0.23884295625 0.47714398906250005
10 0.6133159625 0.19557943125 0.617619840625 0.1811007296875 0.625649475 0.17974590625 0.6131534234375 0.1590797984375 0.59659088125 0.16231153125 0.59084250625 0.164895609375 0.5922045234375 0.1839834484375 0.598177528125 0.192434571875 0.6029515937500001 0.19554228437500001 0.610729740625 0.1971360640625 0.6133159625 0.19557943125
1 0.63155013125 0.2474949015625 0.6372250640625 0.2438589984375 0.6342034546875001 0.23373178125 0.6269525109375 0.23375870937499998 0.62791535 0.24168797187500002 0.63155013125 0.2474949015625
1 0.7418040703125001 0.282957459375 0.746119328125 0.2777298640625 0.7392457593749999 0.2753745828125 0.73531116875 0.2803533171875 0.7420131765625 0.2832077 0.7418040703125001 0.282957459375
10 0.75895573125 0.2762224453125 0.76707454375 0.2629285359375 0.7542044109375 0.248610375 0.7440154625 0.2517731796875 0.72527904375 0.268961125 0.730008540625 0.2749720109375 0.7432132078125 0.276305503125 0.7498277343749999 0.283332784375 0.7549019203125 0.2859157734375 0.75895573125 0.2762224453125
10 0.7746830046875 0.602758228125 0.789078253125 0.6083766984375 0.8047296359375 0.592472178125 0.7963082953125 0.5798524046875 0.7798851546875001 0.5700078171875 0.7602897640624999 0.5697437515625 0.7516087812500001 0.5720410640625 0.7301630359375 0.603962459375 0.7306846359375 0.619671515625 0.7411093640625 0.6058149171875 0.7547104078125 0.5952879828125 0.7746830046875 0.602758228125
2 0.6360600953125 0.653498596875 0.64345210625 0.6617406203125 0.6484887390625 0.6639433296874999 0.6797710671875 0.6703561703124999 0.68474163125 0.6675200828125 0.6892745375 0.6601140015625 0.6849387499999999 0.648784909375 0.660738296875 0.6432116859375 0.6425614671875 0.636030140625 0.6339036890624999 0.64041395625 0.627599984375 0.639147059375 0.62481134375 0.64668333125 0.628437815625 0.6530090046875 0.6360600953125 0.653498596875
15 0.6532776625000001 0.5783640140624999 0.624119128125 0.6079048125 0.62632935 0.6106770046875 0.6563323390625 0.5805121484375 0.6532776625000001 0.5783640140624999
10 0.6087776546875 0.5782987125 0.6075504921875 0.5869032078124999 0.6149350484375 0.59194400625 0.6221622828125 0.59725558125 0.6228402921875 0.5968164296875 0.638232871875 0.577481434375 0.62037840625 0.569276934375 0.6087776546875 0.5782987125
3 0.47749902187500004 0.6159338421875 0.47923367656250004 0.6284400078125 0.4944039453125 0.6166489265624999 0.496276453125 0.6065652390625 0.48342968124999997 0.60551116875 0.4804826984375 0.611533003125 0.47749902187500004 0.6159338421875
9 0.307252671875 0.6217450999999999 0.3031314546875 0.63199898125 0.33894636875 0.6557636609374999 0.3576899984375 0.6499278734375 0.34152105312500003 0.632514475 0.307252671875 0.6217450999999999
10 0.2370417328125 0.6751408703124999 0.2548387359375 0.712207378125 0.312258934375 0.7368501546874999 0.35994545312500004 0.7127866921875 0.3695641703125 0.6798925625 0.33510355000000003 0.647789765625 0.2836168671875 0.645574715625 0.2370417328125 0.6751408703124999
12 0.44050175156250004 0.7828397296875 0.48289425 0.761867659375 0.5217056046875 0.7372613718750001 0.5545513328125 0.69060200625 0.5417532671874999 0.6419788828125 0.512991321875 0.627332778125 0.4674705640625 0.640524371875 0.42283906718750003 0.6398306984375 0.382254584375 0.668212721875 0.3567671578125 0.7356731609375 0.38037546093749997 0.739998071875 0.3992555453125 0.7722500078125 0.44050175156250004 0.7828397296875
4 0.65234375 0.7703125 0.01875 0.015625
4 0.5886331874999999 0.825469803125 0.6029562875 0.823803165625 0.6022199796875001 0.8226275359375 0.588044265625 0.8174852703125 0.5886331874999999 0.825469803125
9 0.46092270625 0.0736145953125 0.42763244843750003 0.074024040625 0.40789534843749997 0.1074964171875 0.41179612656250003 0.1416136703125 0.4167456921875 0.16165249843750001 0.4502639859375 0.19655365 0.460597459375 0.19655722656250002 0.5000903765625 0.1595496453125 0.46092270625 0.0736145953125
