9 0.70690234375 0.5010950515625 0.71403125 0.4982936203125 0.714579590625 0.49013216093749995 0.7120205078125 0.48233658906250004 0.711380859375 0.47734179687499995 0.7124775390625 0.4717389328125 0.715950684375 0.4718606765625 0.7170473625 0.4658919265625 0.7169560546875 0.461994140625 0.712568846875 0.459314453125 0.7004130859375 0.4628470046875 0.69200390625 0.4694244796875 0.69172998125 0.47673307343750004 0.70690234375 0.5010950515625
2 0.731123534375 0.48871875 0.723263184375 0.4855514328125 0.7188759765625 0.4868912765625 0.7182363281249999 0.5229472656249999 0.726736328125 0.5246523437499999 0.731123534375 0.518927734375 0.731123534375 0.48871875
2 0.7319711921875001 0.555828125 0.7399228515625 0.5496158859375 0.7401059578125 0.5442565109374999 0.7275712890625 0.5325221359375 0.7220087890625 0.5331718750000001 0.7189008796875 0.5380442703125 0.7208203125 0.5440130203125 0.7319711921875001 0.555828125
9 0.7145107421875 0.5871067703125 0.717541015625 0.5800384109375 0.7155712890625 0.5720618484375 0.7101923828125 0.5687298171874999 0.706328125 0.5686289062500001 0.679356934375 0.5868040359375 0.6754169921875001 0.5943763015625 0.680341796875 0.5957903640625 0.7145107421875 0.5871067703125
9 0.6923818359375 0.5687630203125 0.692306153125 0.5625032546875001 0.6880634765625 0.5607864578124999 0.677380859375 0.561998046875 0.6659409171874999 0.5690664062499999 0.6659409171874999 0.579970703125 0.6729111328124999 0.5778509109375001 0.6923818359375 0.5687630203125
9 0.67982470625 0.6089687500000001 0.672044921875 0.6206100265625001 0.6806435546875 0.6169720046875 0.6876044921875 0.61060546875 0.67982470625 0.6089687500000001
9 0.7025874015625 0.6294739578125 0.696654296875 0.6314231765625 0.704375 0.6451790359375 0.7084384765625 0.641712890625 0.7025874015625 0.6294739578125
16 0.5501845703125 0.7959368484375 0.568529784375 0.803328125 0.581115721875 0.7871236984375 0.59348876875 0.7862708328125 0.593275390625 0.765232421875 0.6229267578125001 0.7953678390625 0.650231934375 0.788544921875 0.6683642578125 0.7814375 0.667724609375 0.7404986984375 0.6491655265625 0.6483860671875 0.6133276375000001 0.65350390625 0.6150341796875 0.6640227859375 0.6065009765625 0.665728515625 0.6091870109374999 0.709126953125 0.56341015625 0.7282740890625 0.5617036125 0.7493118484375 0.54591796875 0.771771484375 0.5501845703125 0.7959368484375
10 0.592244628125 0.8280338546875001 0.6013559578125001 0.8205019531250001 0.6311123046875 0.8427897140624999 0.6380327140625 0.834796875 0.638955078125 0.8225 0.6393012687499999 0.8152760421874999 0.6396474609375 0.8057454421875001 0.640224121875 0.8017493484375 0.5932827140625 0.76793359375 0.5906298828125001 0.7842265625 0.584728515625 0.7873287765625 0.5740219718749999 0.7940638015625 0.5593745109375 0.810818359375 0.5584516609375 0.8195794265625 0.592244628125 0.8280338546875001
10 0.7317504875 0.7211197921875 0.730962403125 0.7153424484375 0.71618310625 0.7016861984375 0.7057397453124999 0.7064134109375 0.7057397453124999 0.7150794265625 0.7193359375 0.7258470046875 0.7317504875 0.7211197921875
2 0.6861098640625001 0.7534661453125 0.6669541015625 0.7540546875 0.668591796875 0.7656595046875 0.6863330078125001 0.7622389328125 0.6861098640625001 0.7534661453125
16 0.7073095703125001 0.7484101562500001 0.7027348640625 0.747517578125 0.68945703125 0.7359192703125 0.6885644531249999 0.7501946609375 0.700837890625 0.763875 0.708759765625 0.7614954421875 0.7073095703125001 0.7484101562500001
16 0.7051630859375 0.8218463546875 0.721119140625 0.8173854171875 0.7129736328125 0.7897265625000001 0.6693466796875 0.7888346359375 0.6683427734375 0.7889830734375 0.672359375 0.81381640625 0.7051630859375 0.8218463546875
2 0.40173242187499997 0.9509863281250001 0.41140185625000003 0.9641497390625 0.42560791093750006 0.9447897140625001 0.4180561515625 0.9171757812499999 0.400068846875 0.924935546875 0.40173242187499997 0.9509863281250001
2 0.3909443359375 0.9670598953124999 0.39687060625 0.9666438796874999 0.39354345625 0.9267369796875 0.3893842765625 0.9236881515625001 0.38262646562499997 0.9283997390625001 0.38377002031249996 0.943087890625 0.3838740234375 0.955419921875 0.3909443359375 0.9670598953124999
16 0.3680581046875 0.9993489578125001 0.3929184578125 0.9993489578125001 0.37980712968749997 0.9784654953125 0.3680581046875 0.9993489578125001
2 0.4536655265625 0.923248046875 0.4500276375 0.9225789609374999 0.411267090625 0.9625065109375001 0.4344243171875 0.9992688796874999 0.44702490156249997 0.9993489578125001 0.47392822187499994 0.9606907546875 0.4645629875 0.9361829421874999 0.4536655265625 0.923248046875
2 0.4930908203125 0.9993489578125001 0.48917431562499997 0.995865234375 0.4920693359375 0.983837890625 0.48951513750000003 0.9806608078125001 0.48593945312500003 0.9763489578125 0.48151220625 0.9797532546875001 0.4768930671875 0.9670983078125 0.47248730468750005 0.9661373703124999 0.44456249999999997 0.9993489578125001 0.4930908203125 0.9993489578125001
2 0.47074560468750004 0.9077272140625 0.47517285156250005 0.9129459640625001 0.47755664062500003 0.8959264328125001 0.4687026375 0.8848072921875 0.4594370125 0.8827975265625 0.44605566406249997 0.9040963546875 0.45491015625 0.9124921875 0.463423828125 0.9079537765625 0.47074560468750004 0.9077272140625
16 0.5300517578124999 0.9465319015625001 0.530392090625 0.9308736984375001 0.5326059578125 0.9036419265625 0.525794921875 0.8823105468750001 0.5200053703124999 0.8786796875 0.5121728515624999 0.8843528640624999 0.5028076171875 0.887076171875 0.49599658281250003 0.8843528640624999 0.4839072265625 0.8993307296875 0.51523779375 0.995775390625 0.5247729484375 0.9817057296874999 0.5232407218749999 0.9701321609375 0.5300517578124999 0.9465319015625001
9 0.503271484375 0.8762747390625 0.503271484375 0.8699205734375001 0.4899897453125 0.8390585937499999 0.474154296875 0.8490429687500001 0.47858154375 0.9023717453125 0.484711425 0.8987408859375 0.503271484375 0.8762747390625
9 0.5277568359375 0.8938665359375 0.53303564375 0.9040781250000001 0.5304814453125 0.9136093750000001 0.5313325203125 0.9210976562500001 0.5526171875 0.9165592453125001 0.5541494140625 0.9108860671875 0.550744140625 0.909978515625 0.5481899421875001 0.8822929687500001 0.5417197265625 0.8795696609375 0.527771484375 0.8782565109375 0.5229892578124999 0.8804778640625001 0.526224609375 0.8841087234374999 0.5277568359375 0.8938665359375
2 0.58830126875 0.88790625 0.5970966796875 0.87531640625 0.5928618171875 0.8560703125 0.55833251875 0.8452167968750001 0.542044921875 0.8443483078125 0.5323813484375 0.8491236984375 0.5264091796875 0.8654765624999999 0.5380273437499999 0.8774869796875 0.5526860359375 0.8771979171875 0.5568120125 0.8786451828124999 0.57603125 0.8844335937500001 0.58830126875 0.88790625
2 0.622759765625 0.8565305984375 0.6001748046875 0.8533470046874999 0.5920307625000001 0.8346790359374999 0.587663575 0.8443287765624999 0.59463671875 0.8670944015625001 0.60416845625 0.8975826828125 0.606665528125 0.9027923171875001 0.610900390625 0.8967141921874999 0.6181752921875 0.8949778640625 0.622192871875 0.8873079421875 0.6315405281250001 0.8844088546875 0.6332924796875 0.8804075515625 0.6259086921875 0.8683964843749999 0.622759765625 0.8565305984375
10 0.7487646484375 0.9888463546875 0.7343647468750001 0.977931640625 0.727525878125 0.9912864578124999 0.7288076171875 0.9993489578125001 0.7602993171875 0.9993489578125001 0.7487646484375 0.9888463546875
16 0.7399760734374999 0.938072265625 0.7352158203125 0.9539329421874999 0.7652666015625 0.9696914062499999 0.7690874015625 0.9658893234375 0.7621298828125 0.9490527343749999 0.7568203125 0.9353880203125 0.7399760734374999 0.938072265625
16 0.6898090828125001 0.9839303390625 0.6984140625 0.9995774734375 0.7295400390625 0.9988151046875 0.7143432625 0.97490234375 0.694935546875 0.9744140625 0.6898090828125001 0.9839303390625
10 0.6931870109375 0.9714837234375 0.7001440437500001 0.9731920578125001 0.7010595703125 0.9653841140624999 0.6805537109375 0.9475709640625001 0.674877440625 0.9424466140625001 0.671398925 0.924146484375 0.6356962890625 0.901453125 0.6210581046875 0.9223847656249999 0.6796381828125 0.956111328125 0.6853139640625 0.9697760421874999 0.6931870109375 0.9714837234375
2 0.6276328125 0.9094850265625001 0.6149995125000001 0.89630859375 0.6062109375 0.903140625 0.6052954109375001 0.9119251296875 0.6201259765625 0.9221731765625 0.6276328125 0.9094850265625001
2 0.7909794921875 0.9183424484374999 0.7922617187500001 0.8955592453125 0.7862783203125 0.8729654953124999 0.701953125 0.8748561203125 0.6911875000000001 0.8887018234375 0.6807226562500001 0.891611328125 0.6813251953125 0.9020462234375 0.6883266609375001 0.9025481765625001 0.706072265625 0.8870156250000001 0.7532270515625 0.9164440109375 0.7909794921875 0.9183424484374999
16 0.7693984375 0.9302356765625 0.7057626953125 0.8869524734375 0.6894643546875 0.9049069015625 0.700369628125 0.9250305984375 0.6873071281249999 0.9512239578124999 0.7111557609375 0.9713483078125 0.733686034375 0.9480299484374999 0.740876465625 0.9366236984375 0.7608896484375001 0.9516373703125 0.7693984375 0.9302356765625
9 0.6632451171875 0.9070768234375001 0.6616870125000001 0.9179375000000001 0.671154784375 0.9232076828125001 0.6741508796875 0.94333203125 0.6769072265625 0.943970703125 0.691767578125 0.9487623703124999 0.700036621875 0.9264023437500001 0.689490234375 0.9099518234374999 0.6632451171875 0.9070768234375001
10 0.688851075 0.9040976562499999 0.68094189375 0.901861328125 0.68022265625 0.8925983078125 0.688611328125 0.8900429687500001 0.6863344734375 0.8825358078125 0.670275878125 0.86592578125 0.626533690625 0.8625716140625 0.633484375 0.882216796875 0.6271328125 0.8833346359375 0.616466796875 0.8949941406249999 0.6282114265625001 0.904736328125 0.6352822265625 0.9013828125 0.66106591875 0.91418359375 0.661407715625 0.9064934890625 0.6871733390625 0.9092083328125 0.688851075 0.9040976562499999
2 0.6658525390625 0.8617233078125001 0.690180175 0.8872773437499999 0.70336279375 0.87466015625 0.7299677734375 0.8743404953124999 0.6858662109375 0.8288216140625 0.6817915046875 0.8291412765624999 0.6707661140625001 0.842876953125 0.6658525390625 0.8617233078125001
16 0.785529296875 0.8771100265625 0.793205565625 0.8873398437500001 0.800162109375 0.8956523437499999 0.8143149421875 0.8841432296875 0.8260693359375001 0.8547311203125 0.8272685546874999 0.8480175781250001 0.798242675 0.8102936203125 0.757462890625 0.8285162765624999 0.7389921875 0.83491015625 0.7157236328125001 0.8381067703125 0.7048291015625 0.8438027343750001 0.700851075 0.8473782546875 0.7301167000000001 0.8719947921875001 0.785529296875 0.8771100265625
16 0.7072368171875001 0.8371015625 0.7200244140625001 0.8350872390624999 0.7416469734375 0.8347773437500001 0.765711425 0.8264114578124999 0.7308359375 0.8287350265625 0.7250229484374999 0.8239322921875001 0.71872998125 0.8191692703125 0.7075854500000001 0.8192845046875 0.7037490234375 0.8217636718750001 0.705376465625 0.8291998703125 0.7072368171875001 0.8371015625
9 0.6723701171875 0.8116582031249999 0.6696826171875 0.8053040359375 0.6633544921875 0.8065748703125 0.660580565625 0.7853177078125 0.6547089359375 0.7872183781250001 0.6539057625 0.7865885421875001 0.655119628125 0.7957154953125001 0.662834471875 0.8091165359374999 0.671416503125 0.8144309890624999 0.6723701171875 0.8116582031249999
16 0.5930698234375 0.8247688796875 0.5948349609375 0.8396666671874999 0.5989536125 0.8514290359375 0.666615234375 0.8671113281249999 0.6654384765625 0.8582246093749999 0.668380371875 0.8535195312500001 0.6795590828125 0.8315644531249999 0.64621875 0.7855624999999999 0.641427246875 0.7892552078125 0.6370009765625 0.8414967453125 0.6046411140625 0.834701171875 0.604052734375 0.8252916671875001 0.5930698234375 0.8247688796875
9 0.70984716875 0.5864173171875 0.6671201171875001 0.5991953125 0.67196045 0.6072591140625 0.717666503125 0.6070110671875 0.7527973640625001 0.59311328125 0.754193846875 0.5862903640625 0.7707768546875 0.5839361984375 0.7788754875 0.5786015625 0.752625 0.5697929687500001 0.7481059578125 0.5850527343749999 0.70984716875 0.5864173171875
10 0.54442626875 0.7697884109375 0.533650878125 0.7636640625 0.52541064375 0.7748567703125 0.5149526359375 0.7959752609375 0.5078217781250001 0.85025 0.5184384765625001 0.8527838546875 0.54157373125 0.8443365890625 0.576435546875 0.8510944015625 0.582615234375 0.8451809890625 0.5480708015625 0.8067454421875 0.54442626875 0.7697884109375
16 0.75917578125 0.99508984375 0.759260253125 0.9993489578125001 0.7731054687500001 0.9993489578125001 0.7716552734375 0.9985130203124999 0.75917578125 0.99508984375
16 0.750689453125 0.9610826828125001 0.735525390625 0.9695175781250001 0.7439643546875 0.9855091140625 0.7553046875 0.9870904953125 0.750689453125 0.9610826828125001
16 0.79330029375 0.9988268234375001 0.8272998046875 0.9990403640625001 0.818860840625 0.9937688796874999 0.79330029375 0.9988268234375001
16 0.6084287109375001 0.998228515625 0.6062456046875 0.9172109374999999 0.6004995125 0.9147610671875 0.5964775390625 0.9337513015625 0.59475390625 0.9692825515625 0.585560546875 0.9694361984375 0.590501953125 0.9973098953124999 0.6084287109375001 0.998228515625
9 0.588576171875 0.946541015625 0.582255371875 0.9448561203124999 0.570634765625 0.9475351562500001 0.5470771484375 0.9688235671875001 0.54523828125 0.9683639328125 0.5258173828125 0.9735709640625 0.51478515625 0.9970032546875001 0.5522480468750001 0.9993489578125001 0.5494765625 0.9835260421875001 0.5691274421875 0.9643821609375 0.576739746875 0.9580273437500001 0.5859052734375 0.9587154953124999 0.6292290046875 0.9993489578125001 0.643669921875 0.9982565109375001 0.6409780265625 0.9981529953124999 0.5937470703125001 0.9502167968749999 0.588576171875 0.946541015625
10 0.38330175781250003 0.9243151046875001 0.3939096671875 0.9261907546874999 0.3972651375 0.9029648437500001 0.39304345625 0.9008007812500001 0.3918530265625 0.9013782546875 0.381461425 0.9136399734375 0.378322265625 0.9150826828125 0.364142578125 0.8931555984375 0.3651167 0.9407610671875 0.3825439453125 0.951724609375 0.38081201249999996 0.9417708328125001 0.38330175781250003 0.9243151046875001
2 0.7194223640625 0.8141901046875001 0.722529784375 0.810048828125 0.7232607421874999 0.78861328125 0.7258198250000001 0.7827669265625 0.728744140625 0.7715618484375 0.713756346875 0.7588951828125 0.704068846875 0.7627923171875 0.7035205078125 0.7766770828125 0.701509765625 0.7861770828125 0.6996816406249999 0.7895872390625 0.713390625 0.791048828125 0.7194223640625 0.8141901046875001
