2 0.48888159531250003 0.7220015671875 0.3666487 0.7995376421875 0.35167105 0.8284987296875 0.3411563046875 0.8357300375 0.3331796484375 0.8403069671875001 0.345430396875 0.8692462171875001 0.411303753125 0.860812884375 0.5327645796875 0.7953310890624999 0.539393875 0.78337816875 0.53421165 0.7596724109374999 0.5058910937500001 0.7179853921875 0.48888159531250003 0.7220015671875
10 0.2377257671875 0.7405312515625 0.2634093125 0.7669100421875 0.534159821875 0.683720434375 0.5205785046875 0.6500823078125 0.40507046718749995 0.6903452999999999 0.2377257671875 0.7405312515625
9 0.1997357125 0.879304896875 0.2739549078125 0.8016312109375001 0.2839849828125 0.780170253125 0.269563665625 0.7525137609375 0.247797003125 0.7261947890625 0.2292202140625 0.7067405375 0.20215947031249998 0.7107567203125 0.18078305 0.7306429999999999 0.110950859375 0.796497734375 0.1017699140625 0.8102452578125 0.1571879390625 0.9062320921874999 0.168308590625 0.90789608125 0.1997357125 0.879304896875
5 0 0.633974596875 0.06269275937499999 0.7425616421875 0.1022009921875 0.7249168734375 0.1484344265625 0.69184000625 0.18523524062500002 0.6578250890625 0.197411115625 0.6420889484375001 0.160815546875 0.56397231875 0.1153858171875 0.47992965 0.0476567484375 0.4911747125 0.027530739062499997 0.534833859375 0 0.572397178125 0 0.633974596875
9 0.1186419734375 0.26011654375000004 0.116291990625 0.2584978234375 0.0663913609375 0.276236565625 0.08616968593749999 0.326474528125 0.12835830937499998 0.31912035625 0.1597293734375 0.3018577234375 0.149110059375 0.28248363125 0.1316267984375 0.2904527578125 0.131044821875 0.27718553749999997 0.11714208125 0.2771353 0.1186419734375 0.26011654375000004
2 0.9636820734375 0.6082273218750001 0.9546846703125 0.603111303125 0.9401678234374999 0.6284025843750001 0.9329691140625 0.616886303125 0.9208536593750001 0.6139822109375 0.89890366875 0.622117875 0.8753497390625 0.6707742078125001 0.8770531734375 0.6689661124999999 0.895792390625 0.710939078125 0.9279752374999999 0.7010197406249999 0.951613228125 0.67582415 0.9509380374999999 0.65229179375 0.9536709734375 0.6375165109375 0.9636820734375 0.6082273218750001
2 0.9174859953125001 0.2429405140625 0.9069267625 0.222171171875 0.8979070890624999 0.2123344484375 0.8388267546874999 0.25781876875 0.8323808953125 0.274882046875 0.8276210468749999 0.28192833125 0.8295898984375001 0.2915376640625 0.840267984375 0.29432869687499996 0.855848453125 0.293213903125 0.9144574656250001 0.2579432453125 0.9174859953125001 0.2429405140625
4 0.83288949375 0.1497233984375 0.8323182421875 0.1693956265625 0.8303393218749999 0.184150846875 0.8404328765625 0.2041136140625 0.857409346875 0.20541677187500001 0.8642442125 0.19287311093749998 0.861522421875 0.1654303203125 0.8543512296875001 0.150943965625 0.83288949375 0.1497233984375
12 0.8096998359375001 0.3215413625 0.8089239265625 0.2659709796875 0.8099706531249999 0.21578669687500002 0.7900469593749999 0.1835056734375 0.777500340625 0.16177429062499998 0.7325080875000001 0.1388154125 0.6999978859375 0.13376120625000001 0.7134676265625 0.1652620125 0.6396351859375 0.1814896140625 0.6171860109375 0.22728863124999998 0.601535153125 0.278177821875 0.5948901953125 0.31420866406250003 0.602075653125 0.342254515625 0.5750344609375 0.3437015609375 0.573167315625 0.359726778125 0.5853101328125 0.4008692609375 0.6116658609375001 0.4101203578125 0.6528189796875 0.42048696249999995 0.701347440625 0.41243021874999997 0.718931021875 0.39905913437499996 0.761216821875 0.3675622265625 0.7856409453125 0.3489533609375 0.8096998359375001 0.3215413625
10 0.923604865625 0.29669559843750004 0.9295316187499999 0.3384467125 0.9744135203125 0.3217083203125 0.9514728781249999 0.28197396406249997 0.9451090078125001 0.2770455515625 0.923604865625 0.29669559843750004
