9 0 0.3828939484375 0.0634357484375 0.3594149203125 0.08519751406250001 0.366967709375 0.1297406375 0.3602815296875 0.13013583906249998 0.3600248828125 0.1711596921875 0.33374207031249997 0.1828940453125 0.2967686640625 0.1724818703125 0.2729484984375 0.1685635421875 0.2426878125 0.217470325 0.13975670625 0.22035734843750002 0.09228754375 0.212540225 0.0904969140625 0.023935240625 0.2129784234375 0.025941871875 0.2419778046875 0.0302542625 0.2797669140625 0 0.30218561093749996 0 0.3828939484375
4 0.267319909375 0.12303420000000001 0.2488252953125 0.161178221875 0.2875148390625 0.175419609375 0.2939891796875 0.1563131328125 0.267319909375 0.12303420000000001
10 0.1303923578125 0.6516034390625001 0.144615040625 0.6735044484375 0.17156701875 0.6902514984375 0.22436536562499998 0.45713132968750003 0.2009153609375 0.41842588281250004 0.1762399296875 0.4444579953125 0.1303923578125 0.6516034390625001
4 0.142483309375 0.789631696875 0.1430847109375 0.738642984375 0.1090195984375 0.711279503125 0.083331471875 0.7201772359375 0.073220134375 0.7556567265624999 0.0720543296875 0.759060684375 0.10916285625 0.8162028046875 0.10959463124999999 0.8159945531250001 0.142483309375 0.789631696875
13 0.4227493640625 0.5075410109375 0.43266139531250003 0.48386745 0.36119914531249997 0.43352684531249996 0.32871309531250004 0.41292223906250003 0.3045475796875 0.431951409375 0.26369495 0.4823906796875 0.259284928125 0.5197278078124999 0.34573575 0.5697870015625 0.3840423796875 0.554362665625 0.4227493640625 0.5075410109375
5 0.3916495328125 0.733936496875 0.39536673125 0.7319938593749999 0.4432262296875 0.6965500312499999 0.44046497812499996 0.6672058828125 0.4054708390625 0.6254324703125 0.3592442453125 0.569824721875 0.305156365625 0.6016139015624999 0.282653221875 0.6379126609375 0.30590619375 0.6728538953125 0.3283714265625 0.692738878125 0.34973533125 0.71611785625 0.3916495328125 0.733936496875
10 0.6093127453125 0.48022789218749995 0.6199141546875 0.445507009375 0.608873671875 0.4060056109375 0.593273509375 0.3499696546875 0.5530234187499999 0.3416351421875 0.532415846875 0.35056942343749997 0.530825875 0.4060922859375 0.5349098296875 0.45737419218750003 0.542187184375 0.489346515625 0.5749267171875 0.510342771875 0.6093127453125 0.48022789218749995
10 0.5484392234375 0.30343145625 0.520041746875 0.3107527625 0.5367666609375 0.322340009375 0.5484392234375 0.30343145625
12 0.6900118109375 0.28107824375 0.6804082593749999 0.3173396578125 0.6977617453125 0.3544441125 0.6980392078125 0.3842895703125 0.6998700828125 0.407009846875 0.707063740625 0.42847086093750003 0.7332859078125 0.434238715625 0.8057231249999999 0.3960943015625 0.8137144656249999 0.3781164828125 0.8132131859375 0.3384078265625 0.8096615312500001 0.30957697031250003 0.8045284687500001 0.2817730921875 0.7796376390625 0.2512313953125 0.725638971875 0.254604946875 0.6900118109375 0.28107824375
12 0.9506370703125 0.3925182203125 0.9490620234374999 0.36240374218750004 0.9686581828125 0.3207647359375 0.9444725578125001 0.29476977187500003 0.908907821875 0.286728453125 0.89112833125 0.26713726250000003 0.8553922140625 0.2692157890625 0.84085035625 0.297007678125 0.86091433125 0.3279034890625 0.878181484375 0.37785304062499997 0.9026418406250001 0.4098315390625 0.9506370703125 0.3925182203125
10 0.8753137625 0.5499490015624999 0.8108466406250001 0.5328765328125 0.79321845625 0.6199435125 0.7686845265625 0.6453283140625 0.684709853125 0.641479615625 0.6658761015625 0.676507125 0.6619445890625 0.7240983203125 0.672638990625 0.7466226734375 0.7221489484375 0.7467195421875 0.6608401500000001 0.788201890625 0.6532055 0.8768130078124999 0.6173202375 0.9262506484375 0.5731125953125 0.9516226765625 0.5759565546875 0.99147793125 0.620500065625 0.9847923484375001 0.659881065625 0.959773446875 0.6975370546875 0.95200055625 0.7374285031250001 0.9121940328125 0.76077910625 0.8720090296875 0.8154050390625001 0.8315298343749999 0.8414071875 0.8040798765625 0.8294130718750001 0.7890713671875 0.84925990625 0.771178834375 0.8726624109375001 0.758761553125 0.8996498624999999 0.7423473796875 0.915120959375 0.7289644328125 0.9407269140625001 0.7017709171875001 0.9543380046875001 0.6673545609375 0.9536349265625 0.6550229625 0.9526503703125 0.6362015109375 0.9359406328125001 0.6303717453125001 0.93461793125 0.6084339875 0.9479142515625 0.6003555234375 0.9476353812499999 0.586159475 0.96052995625 0.5574398781250001 0.9704174765625 0.5120971890625 0.98324104375 0.4626235921875 0.9627259484374999 0.4275723078125 0.9307739390625 0.421633290625 0.9040961046874999 0.44285024531249995 0.9116552984374999 0.47352615781249996 0.9087722906250001 0.49763971875 0.9032633875 0.5229022875 0.8753137625 0.5499490015624999
10 1 0.6209837703125001 0.956263096875 0.6383038109375 0.9514304843750001 0.669798990625 0.9379605078125 0.7035674421875 1 0.68727706875 1 0.6209837703125001
2 0.73393285 0.501270340625 0.71200431875 0.4804814015625 0.6961950765625 0.4907480421875 0.6859181140625 0.5052063125 0.6850980468750001 0.5151911515625 0.69548283125 0.5329127234375 0.7068010171875 0.5339023546874999 0.7073091921875 0.5346848750000001 0.730858015625 0.52386005625 0.73393285 0.501270340625
9 0.4850415859375 0.709894409375 0.48689772187499997 0.7464981468749999 0.5017103625 0.7874768624999999 0.5659113203125 0.71242273125 0.5471415187499999 0.705151153125 0.5323756281249999 0.7230808328125 0.5250661171875 0.7161511859374999 0.5162847625 0.7346428953124999 0.4850415859375 0.709894409375
9 0.36416298281250004 0.8739969140625 0.35763758437500004 0.9054797203125 0.4058995125 0.94086114375 0.4399510234375 0.8842737578125 0.36416298281250004 0.8739969140625
