9 0.30504717187499997 0.275383853125 0.27474499531249996 0.274922846875 0.22522329531250002 0.332089171875 0.254539990625 0.370246109375 0.296561484375 0.33954469062500003 0.30504717187499997 0.275383853125
9 0.2334159390625 0.1217854125 0.2184026625 0.105597609375 0.1753825625 0.164213725 0.2126986375 0.191616596875 0.2424282796875 0.152233009375 0.2334159390625 0.1217854125
2 0.313378375 0.07878929375 0.24064654375 0.10246032187500001 0.275241940625 0.18169119375 0.29607914218750003 0.1998985125 0.330916746875 0.1930912625 0.3451213859375 0.17136284375 0.3360035015625 0.12199310156250001 0.313378375 0.07878929375
9 0.37806286875 0.1295961203125 0.3927606625 0.1483533265625 0.40601055312499995 0.1545594046875 0.44195384375 0.1433087171875 0.454429559375 0.110935459375 0.4544357484375 0.08615926093750001 0.432448434375 0.07237478750000001 0.41063185625000004 0.067087909375 0.378844771875 0.0886141203125 0.37806286875 0.1295961203125
16 0.4226427734375 0.1917224546875 0.41689774062499996 0.1890604078125 0.3010339046875 0.277203025 0.33157960625 0.3102945875 0.3794916265625 0.330521846875 0.40756496093749994 0.3046277984375 0.4226427734375 0.1917224546875
9 0.4680587765625 0 0.4712558234375 0.052941482812499996 0.4711515140625 0.0933544671875 0.43971902656250006 0.14165709843750002 0.40628124843749996 0.151895859375 0.3802715484375 0.17087108906249998 0.31550063906250003 0.21377656875 0.3306976921875 0.24824390625 0.36853148125 0.22692827656249998 0.41265019843750006 0.1840958875 0.4235417359375 0.189345046875 0.4171470828125 0.2661511109375 0.4349803921875 0.27420925937499996 0.455048159375 0.283845471875 0.477975159375 0.25536288906250004 0.4895572421875 0.269825684375 0.4677475140625 0.2990969453125 0.4926536375 0.34844931562500003 0.5148142296875 0.2900213671875 0.54341804375 0.29599963906250004 0.5934457656250001 0.2891022984375 0.6197784578125 0.3021158859375 0.6465570203125 0.291710971875 0.68265028125 0.2994030203125 0.709547425 0.2583679359375 0.753430296875 0.2767960484375 0.7698985984375 0.1822304828125 0.7368420718750001 0.1794760828125 0.70121523125 0.1333714359375 0.6810946484375 0.1439416328125 0.613515428125 0.0860900296875 0.6188915890625 0.052192840625 0.6157033015625 0.010451665625 0.5305813125000001 0 0.4680587765625 0
13 0.39117309218749996 0.312899225 0.3767096796875 0.3307258203125 0.33890297812500003 0.310536525 0.3319409125 0.3380324984375 0.37413078125 0.36454559375 0.3810506515625 0.36201526093749997 0.399197578125 0.3321349921875 0.408941634375 0.32454416875000003 0.4004918984375 0.31133944062499996 0.39117309218749996 0.312899225
5 0.3599429140625 0.3570575671875 0.334269375 0.33802003593749996 0.2729198296875 0.360905696875 0.289120940625 0.37506217343750003 0.3255065296875 0.3683765265625 0.3599429140625 0.3570575671875
2 0.303423440625 0.37648678750000003 0.2970358015625 0.40544492343750005 0.3009916734375 0.4116758984375 0.39442758906250003 0.4427515875 0.40440380156250005 0.42302131718749997 0.40986565625000004 0.41186271718749995 0.34786773437499996 0.383633853125 0.31230300624999996 0.3708178078125 0.303423440625 0.37648678750000003
9 0.2698416328125 0.63208623125 0.26807385156249997 0.65417564375 0.2832943921875 0.6763236906250001 0.3191314125 0.6766679390625 0.3139042203125 0.66284489375 0.3142826734375 0.652076125 0.3424565953125 0.6251170125 0.33926695156250003 0.6203321109375 0.3239382296875 0.6093247390625 0.2954055328125 0.600751384375 0.2698416328125 0.63208623125
16 0.31750330312499997 0.68031285625 0.32465856406250004 0.6835574046875 0.32921319531250004 0.689397059375 0.3316088765625 0.7032104375 0.37311224374999996 0.7214876375 0.4518652453125 0.6081329890625 0.44802545 0.595832290625 0.46241302656250005 0.5529852015625 0.4319528375 0.5549911390625 0.4303174703125 0.5375531312499999 0.4025489359375 0.528525165625 0.380296515625 0.5328901640625 0.3601152078125 0.5408901687500001 0.3614372609375 0.5096200625 0.3227923890625 0.4808786078125 0.297077965625 0.46217405625 0.2703759578125 0.5079023828125 0.2733301921875 0.5376695578125 0.283733203125 0.5734205875 0.30432659375000004 0.5800051203125001 0.3241048171875 0.549649875 0.331655178125 0.5701794234374999 0.3167018109375 0.59200184375 0.341369728125 0.6166618765625 0.32608545625 0.6539901640625 0.31033739531250004 0.6540845375 0.31750330312499997 0.68031285625
5 0.482860178125 0.6660119859375 0.46751038749999996 0.67054924375 0.460516071875 0.678815690625 0.469586315625 0.6920966078124999 0.491586190625 0.6846586140625 0.49486743281249995 0.681005515625 0.482860178125 0.6660119859375
2 0.49611110625 0.699071428125 0.4953416234375 0.7104681796875 0.500752103125 0.70741451875 0.5086400328125 0.7175082765624999 0.5545006406249999 0.702860775 0.5560811546875 0.679734371875 0.550411553125 0.6746442515625 0.5016718859375 0.6845449875 0.502925478125 0.6948381484375 0.49611110625 0.699071428125
16 0.56269389375 0.5189058484375 0.5647960578125 0.52997991875 0.6531190812500001 0.5847615640625 0.68393080625 0.613217228125 0.742036584375 0.57573878125 0.7427757609375 0.5569023375000001 0.7169795703124999 0.53886374375 0.68035518125 0.5218616046875 0.6172363062499999 0.5053243375 0.5946772171875 0.496808453125 0.56269389375 0.5189058484375
2 0.5704568765625 0.46658568125000005 0.5205586249999999 0.4756681625 0.523369884375 0.5219782765625001 0.558784159375 0.515511365625 0.5980453984375 0.49565957968749996 0.585922728125 0.48673585468749997 0.5704568765625 0.46658568125000005
2 0.5771860671875 0.44510544999999996 0.5710832296875 0.4409761296875 0.558800428125 0.45129722499999997 0.5671695359375 0.46034021718749996 0.5677005578125 0.46083926875000003 0.580130471875 0.48264466875 0.65794830625 0.5178859515625 0.69145824375 0.5243664453125 0.7073354640625 0.4975874796875 0.679450259375 0.47861639062499994 0.6028253859375 0.4695460359375 0.5898026093750001 0.43719060625 0.5771860671875 0.44510544999999996
4 0.7028138687500001 0.50108828125 0.693131171875 0.523557859375 0.7039422140625 0.5252232875 0.7423147250000001 0.5356800953125 0.7447603921875 0.510631928125 0.7213354890625 0.5040377265625 0.7028138687500001 0.50108828125
2 0.5997190296875 0.36221868281249997 0.5759742875 0.3633591765625 0.49461290468749997 0.3672264796875 0.5032849484375 0.40682095625 0.5035948703125 0.406859009375 0.5064501124999999 0.4092375828125 0.563160140625 0.408764728125 0.5838180796875 0.3866287421875 0.607113090625 0.3891510125 0.6245683015625 0.382844996875 0.6388306984375001 0.38459619843750004 0.6442140390625 0.361260728125 0.632928875 0.36088908124999997 0.6152046265625 0.3668240625 0.5997190296875 0.36221868281249997
10 0.7986328484375 0.347814903125 0.8100081843750001 0.375805409375 0.7989366671875 0.4037733265625 0.8135795984374999 0.42023491718750006 0.8390202906249999 0.3977593875 0.8479805624999999 0.41526295468749996 0.87232395 0.4130327859375 0.86868811875 0.3879809265625 0.8526146453125 0.358668378125 0.8616443500000001 0.33790590625 0.8642223265625001 0.322564240625 0.8553153453125001 0.310286378125 0.8329085046875001 0.3174769359375 0.7986328484375 0.347814903125
10 0.9128755796875 0.326899284375 0.894527384375 0.323651871875 0.8745188078125 0.36220394843750003 0.884869525 0.3853460359375 0.8899026640625 0.38770374687500003 0.9025857484375001 0.37111793125000003 0.919152040625 0.34929248125 0.9128755796875 0.326899284375
2 1 0.22059882812499998 0.988518325 0.2133904796875 0.9612261249999999 0.2469245125 0.9538566156250001 0.283349403125 1 0.31608865937499997 1 0.22059882812499998
2 0.7133778078125 0.083433525 0.697241540625 0.1272254734375 0.702430603125 0.1324324375 0.742642721875 0.1821276609375 0.7753465359375 0.1719227375 0.799215675 0.1393016625 0.796979921875 0.11369670624999999 0.762111315625 0.070753090625 0.7374842234375001 0.0455092765625 0.7133778078125 0.083433525
16 0.6093610109375 0.0879934875 0.6827376296875001 0.1411316453125 0.7512194062499999 0.0270909515625 0.6131033 0.010132426562500001 0.6140822499999999 0.0428006703125 0.6093610109375 0.0879934875
9 0.81552831875 0.0469489296875 0.7790744296875001 0.0371406484375 0.7516521 0.0346622078125 0.757651059375 0.0700613046875 0.7898893203124999 0.0771308390625 0.8552888609375 0.0904939203125 0.901490934375 0.0748354328125 0.887459953125 0.067779615625 0.8528513546875001 0.056419990625000006 0.81552831875 0.0469489296875
9 1 0.10235048437500001 0.9463321109375 0.0838963484375 0.9111013921875 0.074238253125 0.9096635875000001 0.11627911093750001 0.9179746281250001 0.1328532828125 0.9591368765625001 0.1481287671875 0.9973247640625 0.1337081140625 1 0.1340713828125 1 0.10235048437500001
9 0.79659073125 0.143018046875 0.7879506578125001 0.15375109843749998 0.795044940625 0.1624855 0.8343643000000001 0.15189005 0.8707354390625 0.1354885921875 0.9035363671875001 0.11834680156249999 0.9010602921875 0.09263955 0.89015478125 0.082833259375 0.8317328078124999 0.1068091484375 0.8013217156250001 0.1136597546875 0.79659073125 0.143018046875
12 0.4315095453125 0.7462792578124999 0.40389585937500005 0.7743571890625 0.3888413421875 0.766787253125 0.373124165625 0.78631349375 0.408640475 0.7992561984375001 0.43490487499999997 0.7992120593750001 0.4674276921875 0.7884926890624999 0.46778431718749997 0.7654459078125 0.458421184375 0.7440667890625 0.45429470156249996 0.7327297515625 0.4315095453125 0.7462792578124999
9 0.4100701203125 0.7845151140625 0.39943656562499996 0.7936305031249999 0.377297746875 0.7864173203125 0.369010921875 0.798228640625 0.36908045624999997 0.7990991109375 0.42936025781250003 0.8195779875 0.4662562765625 0.8367770718750001 0.4945939375 0.8539479671875 0.4955826671875 0.845895421875 0.4678280984375 0.8255271203125 0.4135741234375 0.7978188484375 0.4100701203125 0.7845151140625
10 0.372953290625 0.8806208 0.373585884375 0.8678040765624999 0.318179959375 0.834443328125 0.3182948484375 0.8000464328125 0.3055091265625 0.8158456390625 0.26752329375 0.8652231531250001 0.2535419484375 0.8845539015625 0.26915504375 0.9077223421875 0.2805141078125 0.917494959375 0.309930103125 0.9010812687499999 0.332301184375 0.8862550468749999 0.347978184375 0.8918582875000001 0.372953290625 0.8806208
2 0.4038606515625 0.8915915515625 0.4030094421875 0.8814739171875001 0.39548640156250003 0.8807548765625001 0.375170446875 0.8911735249999999 0.37874196875 0.8959130671875 0.3857788109375 0.8990075859375001 0.4038606515625 0.8915915515625
9 0.37307085156249997 0.9129879765625001 0.365523140625 0.9124698578125001 0.35686157500000004 0.9287754453125 0.3485350375 0.95724471875 0.35026735625 0.9592302921875 0.363039921875 0.9605938937499999 0.3723688046875 0.9388534406250001 0.38092824531249997 0.9202875140625 0.37307085156249997 0.9129879765625001
9 0.33252545312500004 0.9750551546875 0.330173246875 0.9725185390625001 0.32848225000000003 0.9692458609375001 0.3382236046875 0.9565472515625 0.3481768140625 0.9436692578124999 0.34558968437500004 0.933747825 0.340134584375 0.9285824249999999 0.3277999078125 0.9360591125 0.3083888828125 0.9500229093750001 0.2987749859375 0.9647810187499999 0.30860530937499997 0.9715055515625 0.3158255890625 0.979339440625 0.3177825703125 0.981381425 0.333990715625 0.9833715359375 0.33418624375 0.9832283453124999 0.33252545312500004 0.9750551546875
9 0.3298251609375 0.9718898875 0.3321780296875 0.9744265828125 0.33480061562499996 0.9825131953125 0.3392707640625 0.980201684375 0.3541316921875 0.9849177421875 0.36595920625 0.9612052953125 0.34936439375 0.9599849578124999 0.34587829375 0.951179021875 0.33696323906250003 0.9556019125 0.3298251609375 0.9718898875
9 0.30818761875 0.97107230625 0.3002831265625 0.975005978125 0.30591643749999997 0.9799244484375 0.3140950796875 0.9809286593750001 0.316419121875 0.9784170578125 0.30818761875 0.97107230625
2 0.3012920359375 0.9357807609375 0.2946252265625 0.9395060640624999 0.2931124734375 0.9471555484374999 0.2981696375 0.9552340812500001 0.30942438437500003 0.9456703109375001 0.3151700109375 0.9408431296875 0.3144047015625 0.9352157828125 0.31086727812500003 0.93574355 0.3050016875 0.938242621875 0.3012920359375 0.9357807609375
9 0.4384058796875 0.840773265625 0.437379575 0.8582988515625001 0.44500255 0.864071315625 0.5155101703125 0.8693428093750001 0.5097225125 0.854124178125 0.45250043125 0.8323480453125001 0.39904430625 0.8074071328124999 0.3620401734375 0.8006871437499999 0.392828053125 0.8250211984375 0.4384058796875 0.840773265625
2 0.3157247234375 0.8200496968750001 0.3330306640625 0.843230690625 0.3483713 0.8480388015625 0.3596204609375 0.8551227593749999 0.3609796140625 0.85514334375 0.3673912765625 0.8494970937499999 0.3584379296875 0.8403556984374999 0.3423629515625 0.8215663265625001 0.333289559375 0.8100701453125 0.327884021875 0.8130617156250001 0.316782959375 0.8092130546874999 0.3157247234375 0.8200496968750001
2 0.367385821875 0.8052142765625 0.355131428125 0.8085352953125 0.3572086109375 0.8171250000000001 0.379423559375 0.8469033546875 0.3926826078125 0.8464846296875 0.39813666406250003 0.833116909375 0.3793006484375 0.8157433812500001 0.367385821875 0.8052142765625
10 0.3344486140625 0.8073117249999999 0.3295529875 0.8039323984375001 0.31235796250000003 0.8031370765625001 0.3259912078125 0.8119680953125 0.3255862765625 0.81294966875 0.3344486140625 0.8073117249999999
2 0.5278317859375 0.5869404546875 0.50741388125 0.5844334515625 0.5055928062499999 0.6111798375 0.5065932328125 0.6191097937500001 0.53865163125 0.61995219375 0.541647409375 0.57371225 0.5278317859375 0.5869404546875
2 0.558485634375 0.6053679390625 0.554541746875 0.577913703125 0.5432523609375 0.576527540625 0.5434451359375 0.6126853578125 0.558485634375 0.6053679390625
2 0.46824721875 0.6055472281250001 0.45238294375 0.595743934375 0.44643866093750006 0.604439834375 0.462801540625 0.6161370359375 0.46824721875 0.6055472281250001
16 0.49058395312499997 0.618239534375 0.47298806562499995 0.6066525453125 0.45924104374999997 0.6232936625 0.45409545781249994 0.6395192749999999 0.484549965625 0.6316376640625 0.49058395312499997 0.618239534375
16 0.52707105 0.545476446875 0.490527234375 0.5412517578125 0.48361962812500003 0.5359519734375 0.46469911093749994 0.5629547125000001 0.5284253234375 0.5880612000000001 0.549634784375 0.560291640625 0.56639344375 0.5568505609375001 0.545305415625 0.532005253125 0.52707105 0.545476446875
16 0.41165244375 0.47656850000000006 0.4174356890625 0.46810794843750003 0.45483298281250006 0.47652080156250004 0.43075926718749996 0.5510379578125 0.442286221875 0.55165838125 0.5070302718749999 0.520886565625 0.5229656171875 0.5205506984375 0.5130393843750001 0.495131496875 0.521002921875 0.4747101625 0.41680899218749995 0.44230202343749997 0.390134525 0.47214347187500005 0.41165244375 0.47656850000000006
16 0.23719690624999998 0.4356342171875 0.24498408125 0.5035883234375 0.2669790140625 0.5057563796875 0.30091925 0.45568610468750004 0.35854047499999997 0.45588293750000003 0.3819380421875 0.44499946875 0.257428059375 0.398377865625 0.23719690624999998 0.4356342171875
5 0.386985234375 0.4668878765625 0.34167544843750003 0.4486304875 0.329283084375 0.48172889531249996 0.365347221875 0.511832659375 0.36801443125 0.5141802171875 0.39672280312499997 0.51885896875 0.43607618437499995 0.5156128609375 0.4459876625 0.5136566859375 0.45699241874999996 0.4852928453125 0.45385980156250005 0.47798392187500005 0.43890841875 0.470666634375 0.39800788593749997 0.4777614640625 0.386985234375 0.4668878765625
16 0.4410046375 0.5123767765625 0.40243969999999996 0.5190513953125 0.3649405125 0.5124954734375 0.36033250625 0.5404260671875 0.36078354687499997 0.5406587359375 0.38699702343750003 0.5309663734375001 0.43898328906249995 0.5242886109375 0.4410046375 0.5123767765625
2 0.5771741875 0.541166234375 0.577603865625 0.555257828125 0.6404397875 0.5906853937500001 0.65687759375 0.5966097859375 0.6516080984375 0.5858300203125 0.591475790625 0.545974328125 0.5771741875 0.541166234375
2 0.40335251875000006 0.427502421875 0.39992576875 0.4432666890625 0.3880012203125 0.44731573437499994 0.39112532187500004 0.4603537359375 0.4141733515625 0.443237434375 0.44814873750000006 0.45114436874999997 0.48382351406249996 0.42902385781249996 0.47074275 0.40405691875 0.45748361875 0.38185926875 0.40335251875000006 0.427502421875
2 0.46985783281250004 0.3694442953125 0.4596398625 0.381173446875 0.46780160937500004 0.40102855625 0.48150387656250004 0.400043028125 0.4990286515625 0.3949022453125 0.49189948125000005 0.366637471875 0.46985783281250004 0.3694442953125
2 0.5001490093750001 0.395217815625 0.4736704703125 0.40583973906250004 0.4742619125 0.4091136171875 0.4840799578125 0.42505052968749996 0.5383886125 0.419655340625 0.57866480625 0.43829570625000003 0.60293301875 0.4254457453125 0.5796396796875001 0.3871923953125 0.56964745625 0.40517377187500003 0.508033171875 0.4105922515625 0.5001490093750001 0.395217815625
2 0.5341482421875 0.41237615781250003 0.48891270000000003 0.4260302 0.4540755640625 0.44807555312499997 0.46356743749999996 0.45439891093749996 0.47672438906250003 0.4524571078125 0.5378217671875001 0.4188744296875 0.5341482421875 0.41237615781250003
9 0.5372127171875001 0.4191419703125 0.48135417187499996 0.450522653125 0.483695915625 0.4611259890625 0.542189021875 0.47168730468750003 0.568899015625 0.463228453125 0.5577035421875001 0.45189403281249996 0.563180546875 0.44100538437500003 0.5760526234375 0.44543184062499996 0.5833072578125 0.437607421875 0.5372127171875001 0.4191419703125
16 0.6022166062500001 0.4211137 0.586171540625 0.4403330296875 0.6036405234375 0.4691351609375 0.6852805703125 0.4647738171875 0.6535324765625 0.4438186 0.6700561390625001 0.42329090625 0.644787084375 0.375075165625 0.6385474531249999 0.381827884375 0.6169451625 0.38669430625 0.593733346875 0.39170542343750003 0.6022166062500001 0.4211137
9 0.645555671875 0.3714104734375 0.6725162328125001 0.4188083765625 0.6601696640625 0.44245421093750004 0.706660878125 0.47768380468749994 0.731467465625 0.46227379218750003 0.7126139078125 0.42920026875 0.7026941984375 0.40371700468749994 0.7160101125 0.3756182015625 0.7784030703125 0.38327909375 0.7740132375 0.3516391703125 0.7229525109375 0.332040734375 0.678916915625 0.36149455 0.645555671875 0.3714104734375
16 0.7086218328125 0.287490809375 0.6772317890624999 0.32236374687499997 0.651632484375 0.3376742640625 0.65213634375 0.3627761375 0.6736137249999999 0.3616858734375 0.7119762734374999 0.34690254375 0.735067509375 0.32244710312499997 0.727128503125 0.304317984375 0.7086218328125 0.287490809375
16 0.5172817843749999 0.289832121875 0.49212971406249995 0.347548278125 0.4968280703125 0.3559322828125 0.5159519875 0.354495396875 0.541681925 0.295667559375 0.5172817843749999 0.289832121875
2 0.388845084375 0.087535109375 0.366545190625 0.07292023125 0.3340732203125 0.073599571875 0.31669642656249997 0.0812391046875 0.35080171875 0.1689685859375 0.38301770625 0.17037949375 0.40160082656249996 0.1412734625 0.3707531296875 0.1158532078125 0.388845084375 0.087535109375
2 0.165337840625 0.086964565625 0.1604247453125 0.11732530468749999 0.152770775 0.13462446875 0.16329483125 0.148640978125 0.1782092609375 0.13011304375 0.19675390625 0.13026908125 0.20912855156250001 0.11312506093750001 0.21406750625 0.10185469218750001 0.19472676875 0.088875871875 0.165337840625 0.086964565625
16 0.1673434125 0.0931492171875 0.139318 0.08334525000000001 0.127076021875 0.10262651874999999 0.13930142031249998 0.1867866546875 0.14845743125 0.185842521875 0.16145133125 0.147566384375 0.152770775 0.13462446875 0.1617764203125 0.119187746875 0.1673434125 0.0931492171875
16 0.3206474390625 0 0.260888159375 0.0198464125 0.25417843906250004 0.055524976562499995 0.3232464046875 0.0813716671875 0.39250529218749997 0.0673947171875 0.40894868281249996 0 0.3206474390625 0
16 0.1941733984375 0 0.20778796875 0.0392183796875 0.3105005515625 0 0.1941733984375 0
16 0.2163230140625 0.2193840140625 0.205142278125 0.1967576359375 0.17945103281250002 0.2074740640625 0.18023605625 0.22144136875 0.178826553125 0.22104417187499997 0.19339233281249998 0.22797827499999998 0.2163230140625 0.2193840140625
2 0.27127371875 0.26732370625 0.2336488828125 0.24458247187499998 0.22738406875 0.26506680625 0.2318559140625 0.28990926250000004 0.23983181406249998 0.29433703125 0.2670613140625 0.28806076406250003 0.27127371875 0.26732370625
