10 0.580039946875 0.6787717890625 0.6037090984375 0.668398509375 0.6055298171875 0.6449223046875 0.6281064609375 0.624721903125 0.600795871875 0.5679423734375 0.54653918125 0.58541284375 0.53091284375 0.596969609375 0.5217775234375 0.6209002296875 0.527603784375 0.6574793578125 0.5527295484375 0.6820475921875 0.580039946875 0.6787717890625
10 0.4248910546875 0.69296674375 0.4143310390625 0.6749501140625 0.38956938124999996 0.6471063640625 0.3843222484375 0.6550140484375 0.3935749234375 0.6765880156249999 0.412146215625 0.7006100921875 0.42052140624999995 0.7006100921875 0.4248910546875 0.69296674375
10 0.392981078125 0.5791734515625 0.3895267578125 0.5741791859375 0.375215978125 0.5653007453125001 0.3727484703125 0.5726995406250001 0.3796573015625 0.5832425453125001 0.39039029062499997 0.5850923171875 0.392981078125 0.5791734515625
10 0.40320699531250004 0.586849196875 0.41216838750000007 0.5923061921875 0.4084673171875 0.5850923171875 0.383423546875 0.5867571671875 0.3797224765625 0.5900865828125 0.38218979375 0.59656049375 0.394161315625 0.5976057906250001 0.40320699531250004 0.586849196875
10 0.345294915625 0.665971903125 0.387737959375 0.731902809375 0.3968673546875 0.7383767203125 0.3985949921875 0.7378635328125001 0.3982243890625 0.7282035546875 0.4108081046875 0.724874140625 0.4116716359375 0.706932053125 0.40994438125 0.6976837734375 0.408587346875 0.6889902515624999 0.3824921640625 0.65931938125 0.3686422015625 0.6372026953125001 0.35368176562500003 0.59431909375 0.3499806953125 0.59561381875 0.33505294375 0.5453024656250001 0.31778153593749997 0.545831709375 0.3191385703125 0.5756118125 0.336688646875 0.64525200625 0.345294915625 0.665971903125
15 0.46657301249999994 0.3224418 0.4614717125 0.3162640484375 0.4177175078125 0.3609784984375 0.41834155156249997 0.361568234375 0.40476796562499995 0.3771579703125 0.36474178125 0.442170584375 0.3692545875 0.44834833749999997 0.4010401375 0.3989268921875 0.43066724062499995 0.36156679999999997 0.46657301249999994 0.3224418
15 0.5330214062499999 0.3882158828125 0.53086315 0.39586439218749997 0.6495680421875 0.4714673171875 0.6532958718749999 0.464407109375 0.5330214062499999 0.3882158828125
10 0.5538125 0.43086840625 0.54616055 0.41057024062499997 0.538508409375 0.3990974765625 0.5279132265625 0.40027436875 0.5261473624999999 0.41704214375 0.5304640671875 0.42880905937499997 0.5430212156249999 0.4320450109375 0.5538125 0.43086840625
9 0.5054864296875 0.4317537265625 0.4740934640625 0.37291886406249997 0.46447935781250005 0.367329415625 0.44937136874999994 0.3714481078125 0.4481941890625 0.39321674375 0.46330198749999996 0.4035129015625 0.47291609375 0.43234202968749996 0.4808344796875 0.4324125578125 0.4829227828125 0.4170450109375 0.49646100937500004 0.433224484375 0.5054864296875 0.4317537265625
10 0.536490634375 0.4885088875 0.5382564984375 0.476741971875 0.527661315625 0.46909346406249997 0.5190282875000001 0.47232941562499997 0.5198130734374999 0.48409632968749994 0.5280537078124999 0.48644982812500004 0.536490634375 0.4885088875
10 0.4362572625 0.49379501093749995 0.430959671875 0.49614822187499996 0.41702905156250003 0.46408342812500003 0.42114927343749997 0.4608474765625 0.41781383749999995 0.45408142187499995 0.41153516874999996 0.4599647359375 0.4327255359375 0.511445240625 0.43959269843750004 0.50379673125 0.4362572625 0.49379501093749995
10 0.6559002296875 0.4926376140625 0.6564887234375 0.48263560781250003 0.64844438125 0.4805765484375 0.64121445 0.47325487343750006 0.6409885328125 0.47822305 0.6429504968749999 0.4932259171875 0.6523685015625 0.49234346406249996 0.6559002296875 0.4926376140625
10 0.933397171875 0.7490986234375 0.9354428515625001 0.7497118687500001 0.9393293203124999 0.7487918578125 0.9362610859375 0.734530390625 0.93300493125 0.7321871390625 0.933397171875 0.7490986234375
15 0.9233014140625 0.8228537843750001 0.9247436921875 0.8300616406250001 0.9856397171875001 0.8106000578125 0.9809923546875 0.8026711578124999 0.9233014140625 0.8228537843750001
10 0.989060015625 0.7491034984375 0.9882587921875 0.7582336578125 0.946689984375 0.7847276375 0.9531634171875 0.7940338296875 0.99980886875 0.771688646875 0.99980886875 0.7481424890625 0.989060015625 0.7491034984375
10 0.9109306187499999 0.6351900796875001 0.9138151765625 0.62581938125 0.9074214453125 0.62514965625 0.9109306187499999 0.6351900796875001
9 0.9173407875 0.636871846875 0.9210265671875 0.63134575625 0.9186410546875001 0.6275536125000001 0.9173407875 0.636871846875
17 0.897629778125 0.565099484375 0.8966681953125001 0.5725475921875 0.90788589375 0.58071674375 0.9093281734374999 0.585522075 0.906443615625 0.589846903125 0.8966681953125001 0.5816780390625 0.9027578359374999 0.61291284375 0.9062832562500001 0.6136336015625 0.9178214828125 0.6061852062499999 0.92327006875 0.5912887046875 0.911090978125 0.5456376140625 0.894599196875 0.5476143921875 0.8925015296875 0.5511637046875 0.8939438078125 0.5590926031250001 0.897629778125 0.565099484375
10 0.9993901 0.33727895625 0.95948719375 0.35746158281249996 0.960929471875 0.36346817656249997 0.960929471875 0.37331938125 0.9657371937500001 0.38004673125 0.96432071875 0.3802227640625 0.9727882265625001 0.38533256875 0.9870506499999999 0.38268979375 0.99980886875 0.379325975 0.9993901 0.33727895625
10 0.38417966406250004 0.6223924890625 0.39260168125 0.6074268921875 0.3788769109375 0.589655390625 0.3788769109375 0.5915260890625 0.3713906734375 0.604153096875 0.3741980125 0.6191186921875 0.3801246171875 0.612103784375 0.38417966406250004 0.6223924890625
