5 0 0.43262436875 0.08661421875 0.404326853125 0.0562549203125 0.29316540625 0 0.31338245468750003 0 0.43262436875
4 0.0452447046875 0.621733915625 0.0401683359375 0.58321893125 0.018104414062499997 0.5664622625 0.002522634375 0.5678945359375 0.0205276625 0.6458828796875 0.0221433203125 0.6462425515625 0.0452447046875 0.621733915625
2 0 0.5520555218750001 0.0060176828124999995 0.5509702640625 0.047749053125 0.5868201140625 0.24117277656249997 0.5310160609375 0.24246522812500002 0.4959360359375 0.2204332125 0.4310124421875 0.183108815625 0.432048875 0 0.47389267031250004 0 0.5520555218750001
2 0.2543031703125 0.433894803125 0.2600551640625 0.457538653125 0.27341864375 0.4620340328125 0.2887562921875 0.4852489015625 0.3314224828125 0.4959111296875 0.36819440625 0.503920859375 0.38197919375 0.48736046875000005 0.3619252671875 0.450073271875 0.31642016875 0.41821673125 0.28610058125000004 0.41273065937500003 0.27250654218750003 0.4212196203125 0.2543031703125 0.433894803125
2 0.15720375 0.24597318281249997 0.1607234125 0.3463850421875 0.1721443828125 0.3945839265625 0.1764742125 0.43230890312500003 0.20855469843750002 0.42899336874999994 0.22420211406249999 0.4039763625 0.2340902109375 0.3285885328125 0.23387086093749998 0.197983625 0.2305533078125 0.16708917968749998 0.207180228125 0.14974273437500002 0.1591758390625 0.1362996296875 0.15720375 0.24597318281249997
13 0.23465237343749998 0.2433154703125 0.232165903125 0.313899603125 0.2380633265625 0.317834253125 0.280788315625 0.333834234375 0.3121000625 0.3448885875 0.3319705421875 0.32290990625 0.3326176421875 0.27995148125 0.321928175 0.2730555140625 0.30972626875 0.196051825 0.27779190625 0.1695883890625 0.227294953125 0.15805877031249999 0.23140455312500002 0.1847570609375 0.23465237343749998 0.2433154703125
16 0.3818976796875 0.31822295 0.3636452 0.3433953703125 0.33111567656249996 0.3486761484375 0.3557583125 0.396943846875 0.4921447828125 0.3984925125 0.519947340625 0.30155120625 0.537200109375 0.22755800312500002 0.5368201828125 0.1928632796875 0.52139951875 0.1705595984375 0.5049757609375 0.175689353125 0.47697252343749996 0.23428969843749997 0.4525842421875 0.2773778796875 0.41931524218750005 0.308692403125 0.3818976796875 0.31822295
2 0.12192370781249999 0.1007353140625 0.15042813125 0.1335465640625 0.1870930078125 0.14276876875 0.22493943125000002 0.15543495000000002 0.3699260609375 0.1656632015625 0.3739656765625 0.109435653125 0.36046280625 0.049677521875000005 0.3414000765625 0.043376640625000004 0.27703105156249996 0.040400171875 0.23221764375 0.054759459375 0.222988375 0.05080111875 0.13570922968750002 0.070951096875 0.1278048671875 0.07663579375 0.1222963359375 0.0740477078125 0.1084056421875 0.0772546265625 0.107533203125 0.10450363437500002 0.12192370781249999 0.1007353140625
2 0.1259442109375 0.77855780625 0.0890307515625 0.8040795093750001 0.11818297656250001 0.858642084375 0.1815795453125 0.8921725875 0.3248563828125 0.9965721140625 0.344845975 0.933565725 0.349927821875 0.8902628640625 0.18373312343749998 0.7992153046875 0.1259442109375 0.77855780625
2 0.4395646359375 1 0.4428656484375 0.9450311375 0.37751041875 0.8958157140624999 0.3618144890625 0.9563521234374999 0.382829028125 0.9750447828125001 0.422622571875 1 0.4395646359375 1
9 0.1136233890625 0.7590593953125 0.311676275 0.862637753125 0.46370654843750003 0.943429634375 0.49169289374999997 0.9510569796875 0.5229303453124999 0.844063546875 0.527509409375 0.81122453125 0.5294088609375 0.730960490625 0.518515734375 0.6521719390625 0.5077597234375 0.5718730234375 0.4802875953125 0.5434761890625001 0.24978172812500002 0.4844530390625 0.24092116875 0.54562864375 0.126246990625 0.558798878125 0.0699043921875 0.6139362140625 0.0786412953125 0.72131005 0.1136233890625 0.7590593953125
5 0.560490509375 0.8033177 0.5322137546875 0.8283241718750001 0.5461297234375 0.8421221687499999 0.620976321875 0.8588312 0.661477725 0.8509594234375 0.7624092625000001 0.8793963781249999 0.7960078421875 0.8753347093749999 0.822882121875 0.8632170546875001 0.8384550578125 0.8337531390624999 0.8411984374999999 0.7846436984375 0.828695090625 0.7604763390625 0.832864296875 0.7399748578125 0.7947918328125 0.7164503875 0.783415221875 0.737864484375 0.8108880390625 0.7543787328125 0.81669585625 0.7774286015625 0.7996165890625 0.7961547546875 0.7861757875000001 0.79482248125 0.7778055187499999 0.8196685078125 0.7505434765625 0.796397053125 0.7052472953125 0.7750718453125 0.655802215625 0.76948758125 0.560490509375 0.8033177
2 0.8101266390624999 0.7552938703125001 0.7854567875 0.7432504375 0.7632267171875 0.714382734375 0.7118057546875 0.6833852203124999 0.6959569109375 0.7158694515625 0.670256059375 0.7646727390625 0.76105185625 0.797666978125 0.787715553125 0.78042405625 0.8091042796875 0.788790465625 0.8193701624999999 0.7679421296875 0.8101266390624999 0.7552938703125001
10 0.7973414484375 0.5608274953125 0.7601861640625 0.5642315859375 0.734429134375 0.5938302171875 0.709148778125 0.65288339375 0.7114653890625 0.6671308578125 0.726663840625 0.6739697859375 0.77042025625 0.7096934171875 0.8097783015625 0.72425905 0.8366919671874999 0.743914959375 0.8720073156250001 0.7557179484375001 0.8900512703125001 0.726422109375 0.8806792734375 0.6879340921875 0.8413473390625 0.6334500734375 0.8235902765625 0.59024530625 0.7973414484375 0.5608274953125
16 1 0.4430321984375 0.9701577828125 0.31377135 0.88346471875 0.300647734375 0.7586750640625 0.2774295140625 0.7030887375 0.2747409765625 0.6145367546875 0.24935921562500002 0.60389421875 0.3486413171875 0.633104815625 0.392994515625 0.6125875 0.46425244218749995 0.6239764359375 0.5177964640625 0.6854214546875 0.505828028125 0.7062010234375 0.543161109375 0.7317196906250001 0.5904864062499999 0.768301065625 0.548780365625 0.78559856875 0.54996080625 0.8349060312500001 0.5570555515625 0.8846454015624999 0.631335846875 0.9139481500000001 0.67187508125 0.9231002437500001 0.7325873109375001 0.9091696125000001 0.8134117046875 0.8855839281250001 0.8439869515625 0.8147484515625001 0.8721670859374999 0.7721098859375 0.8990393093750001 0.8493700765625001 0.926241475 0.8589644078124999 0.930278590625 0.9024006109375 0.920250553125 0.9223863921875 0.871689234375 0.9501470828125 0.78545465625 0.9801103390625 0.70451770625 1 0.6212208140625 1 0.4430321984375
