4 0.83791845625 0.3247066328125 0.8343090828124999 0.3006230875 0.81505908125 0.28648724531249997 0.8011704109375 0.28360841875 0.7897934578125 0.3048118625 0.7962099609375 0.342507653125 0.8134545890625 0.35036096875 0.83791845625 0.3247066328125
4 0.7440747062499999 0.6076505109375 0.75971533125 0.5945618625 0.767736328125 0.568907525 0.760517578125 0.5453475765625 0.742470703125 0.5411594390625 0.725626953125 0.5427302296875001 0.696351075 0.5715255109374999 0.711189453125 0.604508928125 0.7240229484375 0.6128858421875 0.7440747062499999 0.6076505109375
2 0.869454590625 0.50476466875 0.8365693359374999 0.46863966875 0.83255908125 0.43722640312500005 0.81691845625 0.443508928125 0.8076943359375001 0.4529330359375 0.8048872078124999 0.47911096875 0.773205078125 0.5257066328125 0.782830078125 0.8507920921875 0.8105019531250001 0.8884878828125 0.8441889640625 0.8942468109374999 0.8822880859375 0.8884878828125 0.8943193359375 0.8587206625 0.8774755859375001 0.6288934953124999 0.869454590625 0.50476466875
4 0.3646435546875 0.33488966875 0.3891069328125 0.297193878125 0.407555175 0.2521683671875 0.3971279296875 0.23332015312499998 0.385060546875 0.2236039546875 0.3562216796875 0.24640880156249997 0.3317583 0.31132971875000004 0.33416455156249997 0.33488966875 0.3646435546875 0.33488966875
4 0.48286279375 0.4610656890625 0.4812587890625 0.4375057390625 0.39826171875 0.4167225765625 0.389420409375 0.4668246171875 0.39744140625 0.48357780625 0.472436034375 0.49509630156249995 0.48286279375 0.4610656890625
4 0.5594619140625 0.304 0.5434780265625 0.281539540625 0.4596025390625 0.346407525 0.47404003906250003 0.36316135156249996 0.559060546875 0.3176122453125 0.5594619140625 0.304
10 0.72605029375 0.7940618625 0.742654296875 0.7990293375 0.7672138671875001 0.80264221875 0.7620253906250001 0.7394202812499999 0.730546875 0.7610963015625 0.72605029375 0.7940618625
9 0.7007954109375001 0.71470471875 0.7115185546875 0.6934802296875 0.691109375 0.6600631375 0.6592856453125 0.6478705359375 0.6540966796875 0.6474190046875 0.6527817375 0.6503463015625 0.641989746875 0.666836734375 0.6637822265625 0.699802934375 0.6734682609375 0.7241881375 0.7007954109375001 0.71470471875
1 0.5259873046875 0.8134502546875 0.530484375 0.792677934375 0.527025390625 0.7728080359375 0.5035029296875 0.77642028125 0.49866015625 0.8093864796875 0.5138803703125 0.8197729593749999 0.5259873046875 0.8134502546875
9 0.51226123125 0.86617219375 0.49496533125 0.8530765312499999 0.494619628125 0.8517213015625 0.47939941406250003 0.8670752546875 0.49116015625 0.8837838015624999 0.5074184578125001 0.8824292093749999 0.51226123125 0.86617219375
4 0.2849995109375 0.52763903125 0.261450684375 0.5020204078125 0.1809619140625 0.489478315625 0.17477783125 0.540021684375 0.2323413078125 0.5506957906250001 0.2621044921875 0.5511230874999999 0.2849995109375 0.52763903125
5 0.214154296875 0.43340752499999996 0.246860840625 0.41035076562499995 0.25274804687499997 0.3813156890625 0.21971435625 0.35228125 0.1771958 0.384304846875 0.1457973640625 0.4171823984375 0.17163525468750002 0.454756378125 0.214154296875 0.43340752499999996
4 0.10575000000000001 0.1862531890625 0.14385546875 0.1624247453125 0.14865869062499998 0.1411052296875 0.13040625 0.1130969390625 0.1198393546875 0.11518686250000001 0.0817338859375 0.1327442609375 0.052594237499999995 0.1511377546875 0.0625205078125 0.1950318875 0.10575000000000001 0.1862531890625
9 0.130086425 0.11344961718749999 0.14961914062499998 0.13769579062499998 0.16787158124999998 0.1339336734375 0.1810004890625 0.10968750000000001 0.19028662031250002 0.0829330359375 0.16979296875 0.064539540625 0.156023925 0.0494897953125 0.137451171875 0.0072684953125000005 0.12528320312500002 0.0064323984375 0.1150361328125 0.04154719375 0.0948623046875 0.0733182390625 0.1054296875 0.124318878125 0.130086425 0.11344961718749999
12 0.2194262703125 0.029006378125 0.1874047859375 0.01270280625 0.171689453125 0.02048596875 0.17843896406249998 0.06495727031250001 0.2127016609375 0.1009088015625 0.227751953125 0.0921301015625 0.2194262703125 0.029006378125
4 0.43105322343749997 0.28884693906250003 0.444876953125 0.277529975 0.4343334953125 0.263459821875 0.41418408125 0.261318878125 0.40926367187499996 0.2668246171875 0.398720703125 0.2824241078125 0.3952060546875 0.2912940046875 0.40832666093750003 0.307811225 0.43105322343749997 0.28884693906250003
