12 0.2589658078125 0.1290960765625 0.267160271875 0.1216046109375 0.277200828125 0.1216422125 0.2691003640625 0.11047528124999999 0.2607172390625 0.1082006375 0.2591057734375 0.10859098281249999 0.247255640625 0.1119567015625 0.2285410640625 0.1238319265625 0.23024176093749998 0.13471435468749998 0.23746041718750002 0.14665959687500002 0.26791313125 0.1681518984375 0.29355091718750004 0.1652581171875 0.2751451 0.14487020625 0.2589658078125 0.1290960765625
12 0.265261421875 0.63705665625 0.29517711874999997 0.6538132890624999 0.3275534671875 0.6582956765625 0.3455901125 0.638900525 0.3464381359375 0.62201381875 0.3461904734375 0.6018351953125001 0.3604504421875 0.5815150828125 0.3698422734375 0.571880528125 0.3622379328125 0.5548336453125 0.349638925 0.5513855296875 0.3267600828125 0.5508317234375 0.300820025 0.5587115375 0.27271978125 0.576006671875 0.2431692734375 0.5719436796874999 0.21681214999999998 0.59016565 0.2180449859375 0.600845003125 0.2526769546875 0.6244059 0.265261421875 0.63705665625
12 0 0.622776415625 0.0358512375 0.63023145625 0.059362090624999996 0.6178623 0.08746501875 0.6001056765625 0.1131217125 0.5746005078125 0.12216387656250001 0.5439458359375 0.10326486875 0.498895246875 0.061166528124999994 0.49032746875 0.011330999999999999 0.4773626125 0 0.47584288125 0 0.622776415625
10 0.5471081546875001 0.2634016984375 0.547464671875 0.2551576578125 0.5459359734375 0.24757263593749998 0.5363587640625 0.242863109375 0.525385996875 0.2384347609375 0.520587209375 0.23141059687499999 0.5136423546875 0.22925201562500003 0.50802755 0.2339331421875 0.5103378921874999 0.2395060859375 0.5138435218749999 0.251847834375 0.5275760468749999 0.2559555796875 0.53041106875 0.25260686875 0.53783958125 0.25540688125 0.5394365875 0.2612394828125 0.5471081546875001 0.2634016984375
4 0.5306054890625 0.31798657812500003 0.53363389375 0.314996865625 0.5404483718749999 0.2998361546875 0.53774201875 0.29699118750000003 0.53223163125 0.2972559796875 0.5239527234375 0.3144492390625 0.5306054890625 0.31798657812500003
10 0.496462209375 0.365438190625 0.497253165625 0.35260723125000004 0.488504871875 0.3540380015625 0.4855824125 0.3472706859375 0.47028247343749996 0.34021195625 0.45131038593749995 0.341213315625 0.43980133125 0.351821721875 0.4437646328125 0.37196028281250004 0.46100609062500003 0.379389921875 0.477390240625 0.379846203125 0.48861737656250004 0.377125996875 0.487363359375 0.3705933796875 0.496462209375 0.365438190625
10 0.4927318625 0.4568700375 0.492630340625 0.464418959375 0.5025908078125 0.467760003125 0.5039841765624999 0.461766871875 0.504843328125 0.4530994609375 0.496646225 0.45134769218750004 0.4927318625 0.4568700375
10 0.2375222296875 0.40295815937499996 0.22947107500000002 0.3883523203125 0.207356878125 0.37530337343750003 0.19485692500000001 0.377261415625 0.161018059375 0.40508412812500005 0.16198554062499998 0.4208702640625 0.1912034625 0.43877122343749997 0.220967640625 0.44835974062500006 0.2363165171875 0.43436610625 0.257157796875 0.40457921093750004 0.25080386718750003 0.3986202734375 0.2375222296875 0.40295815937499996
1 0.166984403125 0.344551671875 0.1701180890625 0.3477234796875 0.17390826406249998 0.346827928125 0.175863775 0.343150146875 0.174010309375 0.3416912390625 0.1710688703125 0.338994678125 0.166984403125 0.344551671875
1 0.18808043593749998 0.8368854359375 0.1964771984375 0.8413500734375001 0.2026641796875 0.838276534375 0.20304782656249998 0.831081365625 0.1973632390625 0.8270206265625 0.1931104890625 0.8274252828125 0.18808043593749998 0.8368854359375
16 0.353909121875 0.9559880609375 0.35640921406250003 0.942198471875 0.35337142187500004 0.9354230156250001 0.32282085625 0.9626960468749999 0.32593208906250004 0.9710693359375 0.353909121875 0.9559880609375
9 0.2529067 0.8806739046875001 0.24715638593749997 0.8878709625000001 0.2511853828125 0.8977037578125 0.259215128125 0.9006916171875 0.2663006203125 0.8970883453124999 0.2663836609375 0.889922853125 0.2627559609375 0.8843086234375 0.2529067 0.8806739046875001
9 0.4281084 0.7590801890625001 0.4261147703125 0.7358796109375 0.4224621 0.713456809375 0.4039701296875 0.7138647765624999 0.37792705937500004 0.7276934875000001 0.36580094218750003 0.7469841703125 0.30272212187499997 0.8300760609375001 0.3295492671875 0.8507057703124999 0.34017897656249996 0.851023671875 0.357428175 0.8588117296875 0.3689987 0.8112724265625 0.37661025000000004 0.80203508125 0.3995809390625 0.7826582 0.41083701093749997 0.7653947609375 0.4281084 0.7590801890625001
3 0.371951965625 0.8053589046875 0.36805790312500003 0.8171930875 0.37904896718750003 0.8145660859375001 0.3848970765625 0.8092052750000001 0.3920394921875 0.8000578109375001 0.38996003749999997 0.7960750265625001 0.371951965625 0.8053589046875
2 0.46018169531249997 0.8628451328125 0.4591299703125 0.8630364734375 0.45423343125000004 0.8762731875 0.464948196875 0.8927372359374999 0.483060759375 0.8977784015625 0.5008028890625 0.9022705484375001 0.5076058953125 0.8937096468749999 0.5031799078125 0.8865908234375001 0.4853097734375 0.8746179749999999 0.46018169531249997 0.8628451328125
9 0.505248928125 0.9584263828124999 0.4959582203125 0.9450138718750001 0.498754471875 0.91808454375 0.48126333906249996 0.9049012453125 0.44852016250000004 0.8880209718750001 0.436220384375 0.9128978968749999 0.4367596921875 0.9290698468749999 0.44399705 0.953567946875 0.4597460375 0.9652953468750001 0.4766850609375 0.9628294703125 0.4820621015625 0.968159621875 0.5044554890625 0.9721241765625 0.505248928125 0.9584263828124999
9 0.3129593828125 0.6617229890625 0.277903459375 0.6564330671875 0.26327561093749996 0.6600506671875 0.24972378437499998 0.6850783359375 0.236498425 0.7021403671875001 0.22468525156250002 0.7762799046875 0.20772481250000002 0.7727973890625 0.20902325624999998 0.7956275828125 0.2274731 0.8142284390625001 0.23952150468750003 0.8108670218749999 0.24816265468749998 0.72201708125 0.2694252453125 0.720624634375 0.32752700625000003 0.6890040671875 0.3129593828125 0.6617229890625
9 0.1675127296875 0.7605172546875 0.1489187375 0.698536178125 0.089305665625 0.7003752546875 0.052490659375000005 0.7296387046875 0.060648184375000004 0.78965259375 0.0757843890625 0.7837000828125 0.14860014375 0.856278653125 0.152646640625 0.8642908140625 0.1825861609375 0.850255259375 0.1675127296875 0.7605172546875
3 0.028766032812499998 0.760156140625 0.024066971875000003 0.7605781687500001 0.026207756250000002 0.7663411046874999 0.03241130625 0.7634329281250001 0.028766032812499998 0.760156140625
