10 0.5891474609375 0.5748564109375 0.6132709968750001 0.5812212453125001 0.61394091875 0.5641377296875 0.6155927734375 0.5378007328125001 0.6104223640625001 0.5304549453125 0.6010058593750001 0.533445421875 0.5994223640625 0.5527479859375 0.603442871875 0.560452746875 0.5907109375 0.560452746875 0.5891474609375 0.5748564109375
10 0.76484375 0.746875 0.03515625 0.02421875
10 0.7125 0.70078125 0.0328125 0.0171875
4 0.5699838875000001 0.7319582421875 0.5775781249999999 0.7631106234375 0.6450341796875 0.7403326 0.6264951171875001 0.6914263734375 0.5789119 0.723862503125 0.5699838875000001 0.7319582421875
9 0.5715473640625001 0.7627758234375001 0.5648466796875 0.730618315625 0.5291083984375 0.73162344375 0.523970703125 0.7463626375 0.554125 0.7805296703125 0.5715473640625001 0.7627758234375001
10 0.560826171875 0.809672528125 0.5925439453125 0.8421648359375 0.5950009765625001 0.8059875453125 0.6173374015624999 0.7929238093750001 0.635876465625 0.7989531140625 0.6289521484375 0.7751699640624999 0.6086259765625 0.752391940625 0.579142090625 0.7597611718749999 0.5626127921874999 0.7597611718749999 0.5568056640625 0.7755047625 0.560826171875 0.809672528125
10 0.4945415046875 0.9191604390625001 0.476248534375 0.9298842484375 0.478078125 0.9431025640625 0.48659716875000003 0.9306769234375001 0.49703564375 0.92764029375 0.4945415046875 0.9191604390625001
10 0.41915429687500005 0.1064205125 0.417529296875 0.097336996875 0.3931533203125 0.08736776562500001 0.393005371875 0.0875890109375 0.3870961921875 0.0944571421875 0.3956650390625 0.100438828125 0.408517578125 0.10243296718749999 0.41915429687500005 0.1064205125
10 0.599537109375 0.5398410250000001 0.6139599609374999 0.523517215625 0.60960595625 0.4961758234375 0.601986328125 0.49576776562499997 0.5853867187499999 0.5124989015625 0.5649775390625 0.52066080625 0.557630371875 0.536984615625 0.5832099609375 0.550859340625 0.599537109375 0.5398410250000001
9 0.7175869140625 0.7802344328124999 0.7118725578125 0.7475875453125 0.69527295 0.745547253125 0.693912109375 0.782274725 0.7167705078125 0.7912527468749999 0.7175869140625 0.7802344328124999
10 0.19858935625000002 0.578428571875 0.18981640625 0.5839179484375 0.202470215625 0.5946710625 0.20605566406250003 0.5883457875 0.19858935625000002 0.578428571875
