9 0.210963990625 0 0.20162442343750003 0.0069511187500000005 0.1011487046875 0.1882141140625 0.1024986578125 0.1897853203125 0.134092834375 0.224712859375 0.17378304375 0.25285882656249997 0.1797585296875 0.278387615625 0.2140865078125 0.2912706015625 0.248472465625 0.31363994375000004 0.2709394703125 0.34216480625 0.30611609687499997 0.350319440625 0.2960468140625 0.36848490625 0.3305456859375 0.3847715140625 0.363922128125 0.3418231953125 0.3746028 0.34301647968750004 0.45516977968749994 0.2846304953125 0.45785160312500006 0.21147701406250002 0.437092784375 0.197133784375 0.4172437734375 0.14406302499999998 0.398701190625 0.138511 0.388869509375 0.1325887453125 0.3588781171875 0.154724434375 0.3227803125 0.1725295390625 0.3248797984375 0.151477590625 0.309261165625 0.127221309375 0.3237287484375 0.0851365421875 0.2941533015625 0.054088804687500006 0.2623502328125 0.0123528703125 0.2355190390625 0.0102432125 0.2170397953125 0 0.210963990625 0
12 0 0.380787325 0.0049270171875 0.3782720703125 0.06149023906249999 0.3599937625 0.0818151859375 0.3367537046875 0.0898900921875 0.34264791250000004 0.09701109218750001 0.3361959921875 0.083375475 0.3192330296875 0.0666365140625 0.2995553171875 0.0832366578125 0.2747238453125 0.07101174375 0.27503772656250003 0.0594129328125 0.26350743906249996 0 0.3706912078125 0 0.380787325
2 0 0.6028876000000001 0.0142422984375 0.5954562328125 0.0187981390625 0.5899024703125 0.02828319375 0.5799883171875 0.0330849359375 0.5686605515625 0.033100515625 0.5574373171875 0.027110962500000002 0.5495853109375 0.018963550000000003 0.543493153125 0.0034007203125 0.5403840734375 0 0.5408285640625 0 0.6028876000000001
12 0 0.6792078421875 0.01587774375 0.6688519109375 0.0250101484375 0.6493035109374999 0.029628246875000003 0.64353298125 0.042932790625 0.651286759375 0.0514127625 0.6400852296874999 0.063321715625 0.62321111875 0.0732182484375 0.6135518875 0.08446485000000001 0.612213496875 0.0955889 0.5998273968750001 0.0938151734375 0.5840773718750001 0.11580416093749998 0.5720661546875 0.1371454484375 0.5581492140625001 0.16435191875 0.538774878125 0.1735070453125 0.5237946 0.2251131140625 0.512643953125 0.25495261406249997 0.5079817890625 0.2767181734375 0.51020208125 0.288305096875 0.502615884375 0.304065365625 0.50491468125 0.30405696875 0.48597881718749997 0.3062865 0.470176575 0.3019241359375 0.464729321875 0.2855973765625 0.46703797812500003 0.2567761890625 0.48778933281250003 0.20885316562499998 0.49946653906250005 0.1892414015625 0.4991044953125 0.170581540625 0.5092065515625 0.0673706515625 0.556084953125 0.052993143750000006 0.5687055 0.0390735875 0.5840853546875 0.0083070859375 0.6139810953125 0 0.6142213859375001 0 0.6792078421875
5 0.11694963437499999 0.24237342499999998 0.10624904531249998 0.2708971203125 0.0937942265625 0.2692937171875 0.07032717499999999 0.29831333125000004 0.0676634515625 0.3051671890625 0.0984261171875 0.336228146875 0.152603684375 0.27690362031250004 0.1731339953125 0.2542067640625 0.14484468125 0.2294390859375 0.1313794546875 0.2219751890625 0.11694963437499999 0.24237342499999998
2 0.10889312343749999 0.26971255156249996 0.1177337265625 0.23788577812499997 0.1104156390625 0.2357224171875 0.1133906625 0.2267698578125 0.1026839875 0.201525703125 0.097642109375 0.1998661671875 0.096922778125 0.1958378875 0.0588068671875 0.2646008109375 0.0662871609375 0.274870634375 0.10889312343749999 0.26971255156249996
5 0.150418009375 0.31506867656250004 0.133456790625 0.337471840625 0.1367509921875 0.3627723859375 0.1332257109375 0.379416903125 0.1575600109375 0.41179129999999997 0.20092185312500002 0.40629430781250003 0.258694215625 0.386067746875 0.2714045703125 0.38516177812499997 0.3027931546875 0.3684845734375 0.30622198906250003 0.354104203125 0.289074528125 0.3461133828125 0.2654113640625 0.3345116609375 0.2369526515625 0.299805528125 0.2216369640625 0.299266525 0.20420626875 0.2805178765625 0.1822604046875 0.29296366093750004 0.16445965 0.310736271875 0.150418009375 0.31506867656250004
12 0.46017066562500003 0.214599503125 0.45513320156250003 0.28412474374999996 0.37744152343750004 0.34287823125 0.40771660781249996 0.351740265625 0.42207035781249996 0.34530879531249997 0.4254030140625 0.35056422343750004 0.4421172890625 0.3408978859375 0.458756159375 0.3364901640625 0.46885990624999996 0.33413932968750004 0.48228884375 0.31810857187499997 0.5199588828125 0.27575851875 0.5350503921875001 0.24853271562499998 0.5349675703125001 0.217439784375 0.4983276359375 0.24256484218750002 0.4884979171875 0.2367380046875 0.4720952828125 0.244305015625 0.47300310625 0.22474098437499998 0.46017066562500003 0.214599503125
2 0.7653277515625 0.2483447 0.75182616875 0.2722305140625 0.752660134375 0.282513759375 0.7597874890625 0.42902515625 0.772009896875 0.4319659265625 0.8132151500000001 0.417510746875 0.8215102375000001 0.38934429531250003 0.7943032234375 0.22153272968749999 0.7653277515625 0.2483447
2 0.8158332640625 0.41891726562500003 0.8121300421875001 0.416167628125 0.7859549015625 0.42849724218749996 0.7882904671875 0.47615056562499997 0.8062853390625 0.47009149375000003 0.8051300078124999 0.460388009375 0.8158332640625 0.41891726562500003
9 0.8092528953125001 0.23782050625 0.8009959875 0.2154663421875 0.8061611781250001 0.19671876093750001 0.79528509375 0.2102100140625 0.8048192671875001 0.245818984375 0.8097831546875 0.2429936109375 0.8092528953125001 0.23782050625
9 0.8611531328125 0.26246230625 0.8483144453125 0.2483749875 0.8677364187500001 0.215222465625 0.855784121875 0.207551428125 0.8364422765624999 0.24601789843750002 0.8136717250000001 0.2689074265625 0.80407433125 0.27160480625 0.8122249515625001 0.3252699171875 0.819738315625 0.33017058593750004 0.8423893281250001 0.3297907328125 0.8504482343750001 0.31996674375 0.8600215375 0.289022646875 0.8611531328125 0.26246230625
9 0.8423461718749999 0.3558102359375 0.8302575484375 0.3678617125 0.81489335625 0.41704392031250004 0.8144665062499999 0.4647737 0.8500943281250001 0.4257373734375 0.8473437109375 0.3975276453125 0.8701024859375 0.334384040625 0.8423461718749999 0.3558102359375
12 1 0.5235383515625001 0.9848486578125 0.5120811437499999 0.9743000140625 0.5095094890625 0.9638038281249999 0.4869037328125 0.9605690484375 0.45562904531250004 0.915911990625 0.47304922187500004 0.9075283578125 0.470449728125 0.8963881515625 0.45731365 0.8872288875000001 0.4522365875 0.871053984375 0.4387672109375 0.8634656828124999 0.451348571875 0.847473471875 0.46746045625 0.83450295625 0.48975159062499996 0.8235046546874999 0.49962386875 0.8062660562499999 0.5129980562500001 0.8012847953125 0.48321275625000004 0.7953928265625 0.476671228125 0.782708475 0.49789305781250004 0.791915403125 0.5211633484375 0.85270455625 0.5388905890625 0.8506299109375 0.563126959375 0.8688272890625001 0.5629774140625 0.8707456015625 0.580010303125 0.8674047593750001 0.6076392515625 0.8431609328125 0.640852940625 0.839382640625 0.6642848328125 0.8311926140624999 0.6740759859375001 0.8254527125 0.6827685984375 0.838003553125 0.67785135 0.8566196828124999 0.6791618515625 0.816036465625 0.7025256015625 0.8136870406250001 0.7106409203124999 0.8084673515624999 0.7372284062500001 0.809650475 0.7583572546874999 0.8021137109375 0.76973844375 0.8025010359375001 0.7756861765624999 0.7956791828124999 0.7891014249999999 0.7862324875 0.8039282140624999 0.7863528375 0.833066696875 0.798259659375 0.8376191265624999 0.8346436078125 0.8356770828125001 0.8617350046875 0.8449610546875 0.8833743796875 0.83970698125 1 0.6293087921875 1 0.5235383515625001
5 0.70664946875 0.3402207609375 0.71250289375 0.3119369328125 0.742312778125 0.2780979453125 0.722626246875 0.254902190625 0.7197263359375 0.2496093375 0.704938790625 0.2618855 0.679243825 0.29882431249999997 0.688319846875 0.3378403359375 0.70664946875 0.3402207609375
2 0.6315565296875 0.287486990625 0.5896670687500001 0.31874655937499996 0.5265450234375 0.36892430468750004 0.5172811312500001 0.3944987921875 0.54786095 0.44623149843750004 0.5882803765625 0.42482458437500004 0.6177641171875 0.38548163125 0.6581841749999999 0.354657440625 0.6725629609375 0.3425645515625 0.6806213750000001 0.32082615 0.67739595625 0.3006120546875 0.683574890625 0.28724946875 0.6782140515624999 0.28141220312500004 0.6650507390625 0.2913123234375 0.6315565296875 0.287486990625
9 0.5492570734375 0.45285958125 0.54804096875 0.464469628125 0.5511039171875 0.47722204062499995 0.56174676875 0.48800633906249996 0.5783078578125 0.47633269375 0.5934322921875 0.46178741875 0.6171552218749999 0.4466843734375 0.5989292953125 0.41365187968750006 0.58340621875 0.430024625 0.562982478125 0.43917577812499997 0.5492570734375 0.45285958125
2 0.6423242421875 0.430917528125 0.66186945625 0.43110606406249996 0.6840492171875 0.44094302812499997 0.692004103125 0.44043916093749996 0.6998250109375 0.45623961562500004 0.7093027875 0.4369257578125 0.709569009375 0.42315140468749995 0.7066811140625 0.3912509234375 0.699870809375 0.3780582828125 0.633719896875 0.37332770625 0.6137546625 0.390513678125 0.6050736046875 0.40617471875 0.599048003125 0.41593689375 0.6062166296875 0.42072941718749995 0.6142924984375 0.4399467546875 0.6241466859375 0.4437712421875 0.6423242421875 0.430917528125
9 0.7587864421875 0.3601463234375 0.7452693609375001 0.3125265078125 0.7004269671875 0.35686809375 0.7032963796875 0.3739036734375 0.70534209375 0.408374615625 0.710988628125 0.41314231875 0.711098984375 0.44063748125 0.6996201109375 0.4580232234375 0.6834169375 0.4429435 0.671203965625 0.4361737375 0.65175101875 0.43194190312499997 0.6193486421875 0.44387081874999995 0.5883164328125 0.4616368265625 0.5634899984375 0.48759263124999996 0.53805218125 0.49027984687500004 0.520772684375 0.5159146921875 0.5312794984375 0.5307464890625 0.5635282515625 0.531834640625 0.57101509375 0.5028184515625 0.5874631671875 0.5512440515625 0.596784321875 0.5826161078125 0.61287660625 0.6017727203125001 0.6403937562500001 0.6019807796875 0.6405684640625 0.58283333125 0.6515254015624999 0.585221453125 0.6832217703125 0.6011532625 0.7098859765625 0.579082665625 0.7450473359374999 0.5400203484375 0.7735327046875 0.5124487921875 0.78344015 0.477404365625 0.7810415546875 0.45846828906250003 0.7791847171875 0.43246251406249997 0.76745139375 0.43701321875000004 0.75229945625 0.39954340625 0.7587864421875 0.3601463234375
2 0.3035961578125 0.403320571875 0.29509888125 0.4203114125 0.30012201875 0.4212604 0.30734293749999997 0.422594109375 0.316665359375 0.43513161250000004 0.3306441140625 0.44369986250000004 0.3440314828125 0.451120603125 0.3848476515625 0.45613804687500004 0.362271490625 0.419876103125 0.3618232671875 0.4040679515625 0.3680015671875 0.40012264062499997 0.3262463203125 0.3945838421875 0.3145431015625 0.404065378125 0.3035961578125 0.403320571875
2 0.44377266875 0.41741427656249996 0.42149301250000004 0.381725725 0.4071773125 0.3660105546875 0.36510228749999996 0.4036972296875 0.35877065468749997 0.41124295312500003 0.376005965625 0.444954265625 0.40626061562500004 0.4834264640625 0.422567596875 0.5088433453125 0.44036465312499995 0.53877159375 0.456130453125 0.5524248640625 0.4712134 0.5501391124999999 0.47980092343749997 0.5573559203125 0.48833864218749995 0.5469386078125 0.4830599578125 0.535413846875 0.48617501875 0.528132778125 0.48853536093749994 0.502826846875 0.48125637968749996 0.470539159375 0.4541973296875 0.4379335703125 0.44377266875 0.41741427656249996
10 0.45756672031249995 0.443486659375 0.47785590625 0.4694731359375 0.506421946875 0.4140617921875 0.4854476640625 0.4003887421875 0.45756672031249995 0.443486659375
5 0.1773648953125 0.5208546296875001 0.16543055625 0.5365452937499999 0.1423216140625 0.7417594296875001 0.1485915828125 0.7617135421875 0.23540527031249997 0.7285968406250001 0.32127466718750003 0.712874678125 0.3509568875 0.7070218234375 0.3653585265625 0.5574235953125 0.375535690625 0.5234890609375 0.3694522578125 0.5208366390625 0.37096135 0.4986474875 0.298820190625 0.5061496562500001 0.268385084375 0.5065482390625 0.1773648953125 0.5208546296875001
10 0.186108653125 0.74541726875 0.1715396015625 0.75401285 0.17306372812499998 0.758780546875 0.1977573984375 0.7633159453125 0.2242128703125 0.7655580671875 0.257671725 0.75206955625 0.28401401718749997 0.7359430765625 0.2836318640625 0.7193868125 0.186108653125 0.74541726875
9 0.0737300140625 0.6917828734375 0.0736492359375 0.7252369078124999 0.0686134890625 0.7513628109375 0.0704259890625 0.7732682671875 0.09773581875000001 0.7758107546875 0.1184021953125 0.7482109343750001 0.10761345156249999 0.7370774109375 0.1378560296875 0.6980103359375 0.149180909375 0.7031420265625 0.1560263234375 0.6595084499999999 0.16153409218749998 0.6170379125000001 0.1600036171875 0.547760709375 0.0947197125 0.5822652203125 0.0950038203125 0.6018922515625 0.082700234375 0.6105327515625001 0.0756107 0.6515963 0.07650911875000001 0.6646923390625 0.0737300140625 0.6917828734375
5 0.140948771875 0.6966914484375 0.10449344375 0.7368962875 0.135838125 0.7688181968750001 0.1477283640625 0.754562775 0.1467291640625 0.745132871875 0.1501663921875 0.7052366140624999 0.140948771875 0.6966914484375
2 0.5922351781249999 0.568821946875 0.5806361078125 0.52711520625 0.5601248640625001 0.534482496875 0.571493125 0.58775018125 0.60086454375 0.6296068625 0.6219357359375 0.6333492046875 0.6234743625 0.6478719109375 0.6340319046875 0.6431411140625001 0.635484890625 0.6232213953125 0.6380264578125 0.6061096625 0.603813965625 0.5968468 0.5922351781249999 0.568821946875
9 0.5622583890625 0.5411810375 0.5267258828125 0.5325095515625 0.541274559375 0.5515977046875 0.5282992265625001 0.5620679843749999 0.5384685796875 0.5769412328125 0.57360414375 0.5928895484375001 0.5622583890625 0.5411810375
9 0.6273405624999999 0.6568783578125 0.635500790625 0.6618423984375 0.636038359375 0.6775740296875 0.6437241234375 0.6977095375 0.6429424906250001 0.7140321828125 0.6424683718749999 0.7292030296875 0.6566435515625 0.73882428125 0.6707201125 0.7426586484375 0.691933653125 0.7491260375000001 0.7012485421875 0.7472340734375 0.7008102203125001 0.7271474890625 0.6946081953125 0.7126859609375 0.6995580109375 0.6977914609375 0.7106565640625 0.668225465625 0.704542528125 0.6577811078125 0.677885678125 0.647414125 0.679194878125 0.6349115624999999 0.6980125203124999 0.6206480171875 0.715179940625 0.614730421875 0.7270788734375 0.6129485578125 0.747071965625 0.5888162546875 0.75467385 0.5440829484374999 0.7153918125 0.5672246453125 0.705118684375 0.5875467484375 0.6887537109374999 0.600964440625 0.6609748343749999 0.59262165 0.6494499640625 0.58358798125 0.6420267281250001 0.5856461890625 0.6305003203124999 0.607037409375 0.6403538703125 0.6107355 0.633257990625 0.6456071046875 0.6213145171875001 0.6504511734375 0.6273405624999999 0.6568783578125
10 0.71257133125 0.6146701328125 0.7011447953125 0.6215645656250001 0.6772510328125 0.6354442 0.6788272703125 0.64771324375 0.7121032625 0.66025218125 0.7101667828125 0.67328935625 0.7009049984375 0.6941728687500001 0.69675809375 0.7165677234375 0.70610408125 0.7402688359375 0.7175855046875 0.7422231296875 0.7116483625 0.7870977375 0.7193894578125 0.795798659375 0.7439909265625 0.79973404375 0.7638838265625 0.8169346453124999 0.78618766875 0.8059266031250001 0.8000674999999999 0.7880444828125001 0.8094932578125 0.7583506140625 0.8115416156249999 0.7123035718749999 0.814369784375 0.6904999859375 0.8353214234375 0.6646318234375 0.8473213234375001 0.63821159375 0.86126741875 0.62080695625 0.869230571875 0.6040551296875 0.8573883468749999 0.574119615625 0.8518460749999999 0.5644337562499999 0.8516827906250001 0.537885090625 0.830776765625 0.530265903125 0.8090567546875 0.5336599578125 0.7965075640625 0.55272041875 0.7718740875 0.5434750109375 0.7578628203125 0.5502605859374999 0.7495252609375 0.5778285671875001 0.7315306953125 0.613273471875 0.71257133125 0.6146701328125
2 0.680545125 0.7796868484374999 0.687065009375 0.80490750625 0.7032305812499999 0.82048276875 0.72886465 0.828518990625 0.74873554375 0.8523211203125 0.7824541984375 0.8427905093750001 0.7855109828125 0.8480125578125 0.7968944171875 0.834038128125 0.787282925 0.8287103921875 0.787823934375 0.80387519375 0.759856103125 0.816153596875 0.7433941109375 0.8035001078124999 0.718782015625 0.7977950093749999 0.7135710468750001 0.7702130015625 0.702651265625 0.7571047765625 0.6733094890625 0.7515672375 0.680545125 0.7796868484374999
12 0.4933214640625 0.7973856015624999 0.4816548734375 0.7754850515625 0.45603080625 0.77936038125 0.45162850781249997 0.812991096875 0.45841172343750003 0.8591714828124999 0.4684060859375 0.8960195078125001 0.46924009531250005 0.9291129359375001 0.481512525 0.9367979734375 0.5938860109374999 0.9082495140625 0.621897571875 0.8929092703125001 0.6543737359375 0.876075396875 0.6853551890625 0.851798453125 0.7028532859375 0.8381265421874999 0.6997091390625 0.818745484375 0.7047916468750001 0.7946638562499999 0.6826422203125 0.8000244562500001 0.669953475 0.765651309375 0.6600130265625 0.7477944703125 0.6266786171875001 0.7685625734375 0.5965997671875 0.775701609375 0.518638015625 0.794662071875 0.4933214640625 0.7973856015624999
12 0.65442923125 0.8903061921875001 0.5035527234375 0.9292617015625 0.491784415625 0.9421404750000001 0.5005636140624999 0.9730389046875001 0.5814999578125 0.9693816671875 0.6002189828125 0.9493312375 0.6203228453125 0.939309115625 0.6303625390625001 0.9528110046875 0.6511932078125 0.9277581046875 0.6627976046875 0.898472503125 0.65442923125 0.8903061921875001
2 0.54660610625 0.707213565625 0.5171309281250001 0.7407038140625 0.5138525515625 0.7609347734374999 0.5120711640625 0.7747938609375 0.527520165625 0.7905590484375 0.555321859375 0.7922999484375 0.608716684375 0.754430346875 0.6202859125 0.7502603375 0.6389936796875 0.7385820296875 0.64422963125 0.7189954203125 0.6420206234375 0.6979273312500001 0.637611634375 0.6778451578125 0.5914220593749999 0.688400634375 0.54660610625 0.707213565625
9 0.5303957359375 0.7066063734375 0.44329768124999996 0.6746431046875 0.4375676109375 0.6855774578125 0.4865584890625 0.7308125265625 0.5303957359375 0.7066063734375
9 0.2866479796875 0.581689828125 0.2966389109375 0.5861032421875 0.2843746609375 0.6040449296875 0.28712913281249997 0.60918235 0.2967076390625 0.6038527546875 0.315533175 0.6075408296875 0.3292973421875 0.5918365765625 0.3420588859375 0.5828855671875 0.3414494953125 0.5687722296875 0.28727911562499997 0.5797903718749999 0.2866479796875 0.581689828125
9 0.26772525625 0 0.28464614843749997 0.02797586875 0.3146706640625 0.0196495359375 0.341152715625 0 0.26772525625 0
2 0.3821496015625 0.45576633125 0.31448183749999997 0.4599305375 0.30955338125 0.4655330984375 0.306077821875 0.505626046875 0.3864774015625 0.49775410937500003 0.41215666406249996 0.493236046875 0.3821496015625 0.45576633125
2 0.47140995312499995 0.5502749 0.46110749531249995 0.5527522281249999 0.4543622265625 0.5629067234375 0.468127865625 0.5931139140624999 0.5050273234375 0.5684970218750001 0.5332440578125001 0.5501478328125 0.51860633125 0.5164793125 0.484410953125 0.5368897140625 0.490232471875 0.5495440203124999 0.4783274046875 0.55659036875 0.47140995312499995 0.5502749
16 0.5750010062500001 0.5945575453124999 0.546470984375 0.5849453453125 0.5057266171875 0.5668264468750001 0.47527553593749994 0.5871427375 0.473729534375 0.5872973921875 0.535132946875 0.620837809375 0.5973666734374999 0.6280436578125 0.5750010062500001 0.5945575453124999
16 0.5284723953125 0.662052134375 0.5365367609375 0.6300512421875 0.490824228125 0.6111634578125 0.4631708 0.6345381796875 0.46287327500000003 0.638095259375 0.5284723953125 0.662052134375
9 0.4666000453125 0.5905991625 0.4517023796875 0.5664627796875 0.458674696875 0.553735953125 0.4290249890625 0.5260470265625 0.4103244640625 0.5523994109375 0.4324612140625 0.588984584375 0.40449784843750003 0.613924490625 0.45770243125 0.6379581 0.4974653203125 0.6118675640625 0.5340324703125 0.6311441531249999 0.5399843609375 0.641886525 0.5790594171875 0.630797140625 0.5320530296875 0.6206195453125 0.47644773906250004 0.5900450546875 0.4666000453125 0.5905991625
12 0.4063217578125 0.5478899015625001 0.397158140625 0.5509976875 0.4048697875 0.6115910484375 0.430364146875 0.5887557109375 0.4063217578125 0.5478899015625001
12 0.4103953734375 0.6106847203125 0.4053399015625 0.6130925734375 0.40866817656250004 0.6238688031249999 0.3757164125 0.6408789875 0.3748458875 0.6415918453125 0.3757983796875 0.6522912796875 0.398835053125 0.6449650078125 0.405096321875 0.6484356859375 0.409594959375 0.6477041859375 0.41548574531250004 0.6427822390625 0.41810857968750004 0.6598657343750001 0.45932816406250004 0.6804819 0.5341470953125 0.6988810765625 0.56436725625 0.7007460140624999 0.5965930015625001 0.6828828796875 0.595494784375 0.6311655515625 0.5875998203125 0.6272853515625 0.5666851890625 0.633803690625 0.5154573265625 0.6577563234375 0.42043705156250005 0.6234452609375001 0.4103953734375 0.6106847203125
9 0.36148514375 0.6480207734375 0.37887700625 0.6407735921875 0.3946511734375 0.5987121015625 0.364247921875 0.571422740625 0.36148514375 0.6480207734375
2 0.47255114843749996 0.33397271093750003 0.4857152765625 0.35508916562500004 0.49902811406250003 0.3636526046875 0.51421275 0.3554868859375 0.56062635625 0.2963239890625 0.5632095671874999 0.2484005578125 0.5494136234375 0.243912609375 0.47255114843749996 0.33397271093750003
