4 0.5750283203125 0.5374654953125 0.55030859375 0.53014453125 0.5266875 0.5579641921875 0.49537548906250006 0.6128717453125 0.5459140625 0.6377636718749999 0.5645913078125 0.6516731765625 0.595353515625 0.646548828125 0.61842578125 0.6033548171875001 0.6063403328125 0.560892578125 0.5750283203125 0.5374654953125
2 0.323435546875 0.6993489578125 0.3712270515625 0.70227734375 0.42725878906250003 0.6854388015625 0.456373046875 0.6341920578125 0.4723037109375 0.599783203125 0.45582373125000003 0.577087890625 0.42616015625000003 0.5580533859375 0.4124267578125 0.55878515625 0.3805659171875 0.5822122390625 0.33881640625 0.6202819015625 0.3206889640625 0.6495657546875 0.323435546875 0.6993489578125
10 0.10984765625 0.5353580734375 0.10819970625 0.5624459640625 0.166978028125 0.5814804687499999 0.175767090625 0.5397506515625 0.10984765625 0.5353580734375
9 0.0609404296875 0.3779928390625 0.0362202140625 0.3684752609375 0.015933106250000002 0.363716796875 0.006007325 0.3955631515625 0.032924315625 0.4109375 0.055996093749999996 0.396294921875 0.0609404296875 0.3779928390625
9 0.10741357343749999 0.0991477859375 0.057332031250000005 0.10108203125 0.049348143750000004 0.10527408906249999 0.02708984375 0.12139583281249999 0.0614453125 0.144611328125 0.0868486328125 0.1252649734375 0.10741357343749999 0.0991477859375
5 0.339150390625 0.1194609375 0.354392578125 0.10914322968750001 0.358505371875 0.08076887968749999 0.34471533125 0.0620677078125 0.324150390625 0.07496484375 0.285924315625 0.10269466093749999 0.27189160156250003 0.0985026046875 0.26802050781250003 0.0801236984375 0.2302783203125 0.0617454421875 0.20439111406250002 0.0607779953125 0.20922997968749998 0.0949557296875 0.26197216874999996 0.11494726562499999 0.29898876875 0.10785351562500001 0.339150390625 0.1194609375
2 0.35889795 0.0937115890625 0.394946778125 0.0746881515625 0.426640625 0.047603515624999995 0.4297861328125 0.0353509109375 0.4348666984375 0.025677734375 0.429302246875 0.013748046875 0.425188965625 0.012780598437499999 0.411640625 0.0056868484375 0.3816401375 0.010845703125 0.36252734375 0.0301920578125 0.33470410156249997 0.0401875 0.310510253125 0.0579212234375 0.31099414062499997 0.0830716140625 0.34462353437500004 0.06308007812500001 0.35889795 0.0937115890625
9 0.5514384765625 0.24593098906250002 0.5456318359375001 0.2220703125 0.514421875 0.2094954421875 0.4928891609375 0.229486328125 0.496760253125 0.25495898437500003 0.5349868171875001 0.26398697968749996 0.5514384765625 0.24593098906250002
4 0.9798310546875 0.5044095046875 0.9985463859375001 0.49665559843749996 0.9985463859375001 0.45530208281249995 0.9548076171875 0.40797786406250003 0.9232666015625 0.42687109375 0.9248828124999999 0.46004036406250004 0.965609375 0.5022558593750001 0.9798310546875 0.5044095046875
10 0.99951171875 0.503978515625 0.9468828125 0.5011894531250001 0.944271971875 0.5237942703125 0.9584941406249999 0.542748046875 0.99951171875 0.5479166671875 0.99951171875 0.503978515625
10 0.938607909375 0.61908984375 0.93052734375 0.6272740890625 0.9295068359374999 0.6256516921874999 0.8972353515625 0.6389049484375 0.9324667968749999 0.6802584640625 0.957678221875 0.668197265625 0.938607909375 0.61908984375
10 0.810701659375 0.7113203125 0.80405078125 0.7509772140625001 0.8502714843750001 0.7393470046874999 0.8473627921875 0.7247005203125 0.810701659375 0.7113203125
4 0.6150615234375 0.899 0.61473828125 0.856353515625 0.6105366203125 0.8081074218750001 0.5882338859375 0.7895846359375 0.5071044921875 0.8038001296875 0.44795410156250004 0.8296458328125 0.427212403125 0.8562571609375 0.3884809578125 0.9045996093750001 0.3900971671875 0.9377688796875001 0.40722802812500003 0.9433684890625 0.6150615234375 0.899
2 0.7440615234375 0.8789661453125 0.7369501953125 0.8561354171875 0.698810059375 0.8061660156249999 0.6787700203125 0.78505859375 0.6454775390624999 0.7592122390625 0.6448310546875 0.7592122390625 0.604428221875 0.7230279953125 0.5811557625 0.7045052078125 0.54947998125 0.7062278640625 0.5139252937500001 0.7497356765625 0.5287934578125 0.7992740890625 0.53913671875 0.7979817703125 0.590529296875 0.7902278640625 0.61024609375 0.8328736984375 0.6131552734375 0.8884427078125 0.6146366703125 0.8898363249999999 0.65097265625 0.9099811203125 0.68394140625 0.9138580734374999 0.7185263671875 0.9388430984375 0.7411523437499999 0.930658203125 0.75149560625 0.9039505203125 0.7440615234375 0.8789661453125
10 0.5178540046875 0.7906093750000001 0.510419921875 0.7544251296875 0.5201552734375 0.7387994796874999 0.470017090625 0.7268561203125 0.42411914062499995 0.7600247390625 0.4806831046875 0.809994140625 0.5178540046875 0.7906093750000001
10 0.6554897468750001 0.6554537765624999 0.6501806640625001 0.6863294265625 0.573439453125 0.7011236984375 0.6709345703125 0.771236328125 0.680166015625 0.7467825515625 0.6718999015625 0.7262102859375 0.6825180671875 0.70048046875 0.6554897468750001 0.6554537765624999
9 0.7621552734375 0.8960240890625 0.7858051749999999 0.845208984375 0.7607075203125 0.7545123703125001 0.6982680671875 0.7508053390625 0.6762436515625 0.7808854171874999 0.7254741203124999 0.8497115890625 0.7621552734375 0.8960240890625
