10 0.6041694859375 0.5670786265625 0.594136915625 0.567361434375 0.5871869609375 0.5857627703125 0.5889561624999999 0.594410578125 0.5765231765625 0.5908454765625 0.5709641890625 0.6044697125 0.5927395015625 0.6174384749999999 0.598176125 0.6009477421875 0.6071620828125 0.5756979624999999 0.6041694859375 0.5670786265625
10 0.69453125 0.82265625 0.0421875 0.034375
10 0.65546875 0.76171875 0.0359375 0.025
4 0.5192555703124999 0.7470755046875001 0.508270834375 0.7524792687499999 0.5069658296874999 0.785019240625 0.5792145796875 0.7816700234375 0.5748018328125 0.7287326125 0.5192555703124999 0.7470755046875001
9 0.47918702812499997 0.7954579640625 0.501170396875 0.7830036953125 0.5036293546875 0.749732640625 0.468448834375 0.7407067609375 0.459305621875 0.7536577421875 0.47918702812499997 0.7954579640625
10 0.5538614187500001 0.836335865625 0.553757640625 0.8111779218749999 0.54028530625 0.7832485796875 0.5094307328125 0.7821871640625 0.493289546875 0.777558753125 0.48321144531250004 0.7913028578125 0.4775724828125 0.8257860062500001 0.4994494828125 0.8663890171874999 0.5119764453125 0.8317578015624999 0.537445525 0.825258396875 0.5538614187500001 0.836335865625
10 0.382255378125 0.9230935953125 0.382193684375 0.9141164796875 0.36132817031250003 0.919463675 0.35941441093750004 0.9328807781249999 0.3712119109375 0.9231352953125 0.382255378125 0.9230935953125
10 0.508142103125 0.078887946875 0.514835215625 0.0871271390625 0.526827728125 0.092672853125 0.536098403125 0.0995442328125 0.5370544374999999 0.090221146875 0.516041640625 0.0736627921875 0.5158352296875 0.0738373609375 0.508142103125 0.078887946875
10 0.5847483734375001 0.5425381812500001 0.5625335265625 0.5447916703125 0.550789115625 0.5586710015625 0.57188394375 0.5793792453125 0.590912240625 0.573194075 0.609566196875 0.5612960234375 0.6129684890625 0.5333839546875 0.6056420046875 0.5308519828125 0.5847483734375001 0.5425381812500001
9 0.6350117265625 0.8514694890625 0.638893478125 0.840941115625 0.642452603125 0.8074684765625 0.6268139234375 0.8008284765625 0.61520339375 0.836303775 0.6350117265625 0.8514694890625
10 0.188576453125 0.498595975 0.1784727765625 0.5014986171875 0.1878191984375 0.51553990625 0.19309118593750002 0.5103686296875 0.188576453125 0.498595975
