5 0.120648815625 0.4548753078125 0.1020323765625 0.5078804515625001 0.1740043859375 0.5173705203125001 0.2218110265625 0.5059960375 0.2197260171875 0.47595132187500006 0.2348876046875 0.44566145625000003 0.2493149765625 0.3971147171875 0.1658321296875 0.3923794140625 0.1443456828125 0.3935987203125 0.11558761718749999 0.3655762421875 0.10540207500000001 0.363865675 0.1002760109375 0.3502677109375 0.039846031250000004 0.3568970703125 0.0426361421875 0.37018612812499996 0.0775606765625 0.38330515 0.0961291765625 0.3928574171875 0.0887662640625 0.42318654687499996 0.0891765265625 0.4353017640625 0.119704259375 0.438443040625 0.120648815625 0.4548753078125
11 0.28158740312499997 0.716688421875 0.28870532656250003 0.7086830671875 0.2921347671875 0.6909059984375 0.277079925 0.6965617890625 0.2748479296875 0.70903614375 0.28158740312499997 0.716688421875
11 0.37420797499999997 0.7573028890625 0.35971203906250004 0.76717681875 0.37772557500000004 0.7830725593750001 0.3922570734375 0.7646882796875001 0.37420797499999997 0.7573028890625
10 0.51620636875 0.781837559375 0.5293939984375 0.8130718609375001 0.55390196875 0.8019707484374999 0.562679103125 0.797285578125 0.5512210765625001 0.7683992078124999 0.5418731234374999 0.7666393031250001 0.51620636875 0.781837559375
2 0.6178517421875 0.8239449593750001 0.6139571328125 0.823036371875 0.6071473125 0.8404378578125 0.6213091890625 0.8547539875 0.6318633625000001 0.860790225 0.6470585890625 0.8622911828125 0.6501322671875001 0.8446431109375 0.6178517421875 0.8239449593750001
2 0.6121584343750001 0.8162232328125001 0.614604503125 0.794412340625 0.6125857296875 0.7781061765625 0.6125605140625 0.7650576015625 0.607701425 0.7657168484375 0.6037269734375 0.777149996875 0.600526253125 0.7859085171875 0.59568248125 0.8216104812499999 0.5955165984375 0.8326635687499999 0.609763146875 0.8302855484375 0.61225895 0.8232325312500001 0.6121584343750001 0.8162232328125001
16 0.5967366078125 0.6021768046875 0.5933647734374999 0.5898207296875 0.5776285515625 0.584132825 0.5695911796875001 0.5880558625 0.5627024421875 0.60522066875 0.57115436875 0.615358921875 0.580492628125 0.627894696875 0.5861135078124999 0.6262776515625 0.5957339390625 0.6139122171875 0.5967366078125 0.6021768046875
9 0.6372749625 0.6785868296875 0.6371893203125001 0.665200921875 0.631569596875 0.6446074625 0.6192420015625 0.6315333234375 0.6049192531250001 0.624132484375 0.5835681312500001 0.634453996875 0.6057428375 0.6435396124999999 0.6197178984375 0.667540296875 0.6155138859375 0.693692590625 0.5970968437499999 0.72108494375 0.6129953390625 0.715780815625 0.6271024015625 0.6970069390625 0.6372749625 0.6785868296875
2 0.6526310421875 0.7239482328125 0.6573632484374999 0.7223023625 0.66011575 0.7215490671875 0.6597706984375 0.7154095921875 0.6560129546875 0.7133150234375 0.6499073453124999 0.7087710890625 0.6334755484375 0.7057099609375 0.629146 0.712999009375 0.6299396234375 0.7190498921875 0.63698813125 0.72210921875 0.6449894921875 0.7243606359375 0.6526310421875 0.7239482328125
9 0.65381005625 0.24588680468750002 0.6988656468750001 0.21022464687500003 0.72070620625 0.1874175359375 0.7125113562500001 0.1741877828125 0.6943686015625 0.1828883359375 0.684207665625 0.19717866875 0.6880310328125 0.19899958125 0.7071642828125 0.1877812640625 0.7098856796875 0.18830834999999999 0.706814621875 0.19600385625 0.667790078125 0.22283179999999997 0.6522046125000001 0.23096875625000002 0.6386737953125 0.22491932656250002 0.6374069625 0.2439385375 0.65381005625 0.24588680468750002
5 0.8611295046875 0.6822446390625 0.8655789078125 0.6473050406249999 0.85420184375 0.6331433046875 0.8432762078125 0.591273253125 0.833805825 0.5917225125 0.8291979109375 0.59587068125 0.810070946875 0.5739230890625 0.798005534375 0.580815015625 0.8103810812500001 0.6054098796875 0.819720134375 0.63525408125 0.8325069234375 0.658957665625 0.8298082375 0.6877476171875 0.839037596875 0.70011049375 0.8570483609374999 0.69354628125 0.8611295046875 0.6822446390625
9 0.9292381890625 0.6994375296875 0.9365192265625 0.6942092015625 0.9485275375000001 0.7029125328125 0.9506931984375001 0.691151325 0.9514112640624999 0.6622961875 0.9376538640625001 0.6500079671875 0.9289071703125 0.6424787265624999 0.9061034812500001 0.654766409375 0.89558546875 0.6463681984375 0.8919979265625001 0.6527084859375 0.90201565625 0.6656233859375 0.91622375625 0.674834453125 0.9257710625 0.6894859515625 0.9253901593749999 0.697481509375 0.9292381890625 0.6994375296875
