9 0.9992485359375 0.153451171875 0.92580908125 0.164072265625 0.94301171875 0.20657487031250002 0.99951171875 0.2021959640625 0.9992485359375 0.153451171875
9 0.9358540046874999 0.3168033859375 0.9406865234374999 0.3003170578125 0.9946137703125 0.26451171875 0.9864960937499999 0.23849479218749997 0.9105332031250001 0.2588450515625 0.8931372078125 0.2673450515625 0.8778671875 0.2637389328125 0.8525463875 0.2634811203125 0.7935932625000001 0.2727545578125 0.785861815625 0.29310481718750003 0.8220068359375 0.3420475265625 0.88269970625 0.33406184843750003 0.9358540046874999 0.3168033859375
9 0.2335893546875 0.349556640625 0.24089404375 0.32259765625000003 0.22478613281249998 0.31710612031249996 0.1757124015625 0.3106165359375 0.190134765625 0.34281640625 0.19875097656250001 0.36827734375 0.2279702140625 0.3607890625 0.2335893546875 0.349556640625
9 0.09416845625 0.428298828125 0.10465771406249999 0.4048352859375 0.10334619062499999 0.3848658859375 0.08049511718749999 0.37138671875 0.066822265625 0.35940494843750004 0.036056640625000004 0.3561946609375 0.0374155265625 0.3696393234375 0.054459960937499996 0.38211979218750003 0.077311034375 0.42929752656250003 0.09416845625 0.428298828125
9 0.3093349609375 0.6116022140624999 0.36153515625 0.55277734375 0.44312890625 0.4867473953125 0.45483545000000003 0.473703125 0.4254731453125 0.4601484375 0.43794726562499997 0.454521484375 0.45349218750000003 0.440455078125 0.439290528125 0.4430123703125 0.421634765625 0.44377994843749996 0.3997568359375 0.44071028593749995 0.383251953125 0.4419895828125 0.328142578125 0.4822936203125 0.34042480468749997 0.4848509109375 0.2880327140625 0.60290625 0.30089062499999997 0.61211328125 0.3093349609375 0.6116022140624999
2 0.0980166015625 0.6203509109375 0.0999057609375 0.6212662765625 0.1035126953125 0.6078763015625 0.09818798749999999 0.587962890625 0.096701171875 0.5843977859375 0.0958696296875 0.5920826828125 0.09346484375 0.604671875 0.09415185625 0.6172610671875 0.0980166015625 0.6203509109375
3 0.0978447265625 0.58255859375 0.106494140625 0.5841341140625 0.1247856453125 0.57131640625 0.14393554687500001 0.5484270828125 0.1315698234375 0.5456809890625001 0.1207734375 0.5414726562500001 0.10849316406250001 0.5484544265625 0.10814990312499999 0.559326171875 0.0995620109375 0.563904296875 0.0978447265625 0.58255859375
3 0.15517431718750002 0.6830559890625 0.1644487296875 0.6626848953125 0.13267480468749998 0.65753515625 0.1205595703125 0.6614388015625 0.1100034171875 0.67870703125 0.12005078124999999 0.6839720046875 0.1491625984375 0.6883209640625 0.15517431718750002 0.6830559890625
3 0.1499150390625 0.7152233078125 0.1563559578125 0.6927923171875 0.1505166015625 0.6866119796875 0.09899121093749999 0.7068691406250001 0.0993344734375 0.71133203125 0.1080078125 0.7151087234375 0.1499150390625 0.7152233078125
3 0.121662109375 0.7236920578125 0.126439453125 0.724458984375 0.132912109375 0.7170546875 0.12638525312499999 0.7144225265624999 0.121662109375 0.7236920578125
3 0.11547119218749999 0.7157141921875 0.1087807609375 0.7226621093750001 0.1116147453125 0.7268971359374999 0.11814111406250001 0.7199153640625 0.11547119218749999 0.7157141921875
3 0.2121650390625 0.7979759109375 0.1919697265625 0.7987180984375 0.1919697265625 0.8015026046875 0.19186376875 0.8015898437500001 0.2174580078125 0.8217343749999999 0.2281821296875 0.8200638015624999 0.2330571296875 0.8033587234375 0.2121650390625 0.7979759109375
3 0.5592026375 0.8514309890625 0.560021971875 0.839203125 0.547732909375 0.8328704421875001 0.5379013671874999 0.8217337234375 0.5228271484375 0.8162747390625 0.498904296875 0.8208600265625 0.508571778125 0.8341803390625 0.5365908203124999 0.8499029953124999 0.5592026375 0.8514309890625
5 0.6322246093749999 0.843580078125 0.6875390625 0.8693606765625 0.7186723625 0.8290787765625 0.7346923828125 0.796046875 0.6911665046875 0.767849609375 0.6884458 0.7444856765625001 0.5871870125 0.7388463546875 0.5276411140625 0.748111328125 0.5222001953125 0.7690579421875 0.540033690625 0.7887962234375 0.541544921875 0.8250501296874999 0.6322246093749999 0.843580078125
1 0.3368427734375 0.6223014328125 0.3417661125 0.6209895828125 0.344287109375 0.6188372390625 0.3463745125 0.614953125 0.34602001875 0.6108059890625 0.344287109375 0.6080240890625 0.3408994140625 0.6069739578125 0.3352275390625 0.6078665359375 0.332076659375 0.6109290359374999 0.3312495109375 0.6154954421875 0.3325888671875 0.6217239578125 0.3368427734375 0.6223014328125
10 0.3762631828125 0.6059609375 0.37402050781249996 0.617916015625 0.3760458984375 0.6288580734375 0.459774903125 0.604302734375 0.46908691406249997 0.58182421875 0.4253374015625 0.5897851562499999 0.41830908125 0.5785455734375 0.407876953125 0.579833984375 0.40165527343749996 0.5859075515625001 0.3883442375 0.59265625 0.39022509843750003 0.6008515625 0.3762631828125 0.6059609375
12 0.6586352546875001 0.5788763015625 0.6848442375 0.6021588546875 0.71462109375 0.6114856765625001 0.7367133781249999 0.6209947921875 0.7618247078125 0.61971484375 0.7744487296875 0.6061822921875 0.7950317375 0.5813118484375 0.8533491218749999 0.5712037765625 0.873306640625 0.5776516921875 0.896892578125 0.57563671875 0.8987065421875 0.5651588546874999 0.87512060625 0.5188157546875 0.8578847656249999 0.5147864578125 0.832787109375 0.505517578125 0.7961982421875 0.4966516921875 0.7387451171875 0.4801295578125 0.712740234375 0.4632044265625 0.663451659375 0.4591744796875 0.64945069375 0.45877747968750004 0.6493999015624999 0.45945703125000004 0.6449135734375 0.4685983078125 0.6475205078124999 0.48194791718749996 0.65355810625 0.4881653640625 0.6465600578124999 0.50334375 0.643953125 0.5101093750000001 0.6586352546875001 0.5788763015625
12 0.5488291015625 0.5660416671874999 0.6495869140625 0.6282734375000001 0.6542734375 0.6278274734375 0.6572861328124999 0.6128828125 0.6825590828125 0.6164518234374999 0.6835634765624999 0.600837890625 0.6654873046875001 0.5725104171875001 0.634021484375 0.5515436203124999 0.6254853515625001 0.5328066406249999 0.6084135734375 0.5368216140625 0.607744140625 0.546859375 0.6071962890625 0.54778125 0.5943540046875 0.5584576828125 0.5757758796875 0.5441822921874999 0.5489965828125001 0.5555579421875 0.5488291015625 0.5660416671874999
10 0.294614746875 0.7326100265625 0.29992578124999997 0.7320325515625 0.3038276375 0.7162877609375 0.30122607343749996 0.70791015625 0.29819140625 0.704154296875 0.292338378125 0.70083203125 0.289845703125 0.7014095046875 0.28258349531250004 0.7119544265625 0.2757553703125 0.7109433593750001 0.280416015625 0.730876953125 0.294614746875 0.7326100265625
1 0.290153809375 0.6604140625 0.2887446296875 0.6547805984374999 0.283217284375 0.6562252609375 0.2830004890625 0.6651809890625 0.288853028125 0.66705859375 0.290153809375 0.6604140625
1 0.2090473625 0.5970553390625 0.209150390625 0.5973118484375 0.2043022453125 0.6003958328125 0.2092265625 0.6040950515625 0.21370263750000001 0.6011119796875 0.2090473625 0.5970553390625
10 0.19919921875 0.6218723953125 0.2188061515625 0.612923828125 0.216567871875 0.6068391921875 0.206271971875 0.6023053390625 0.2027802734375 0.5949075515625 0.1993662109375 0.59149609375 0.1935590828125 0.5982486984375 0.1835317390625 0.6068391921875 0.1901567375 0.6217532546875 0.19919921875 0.6218723953125
10 0.269368653125 0.361271484375 0.27696875 0.36169335937499997 0.302619140625 0.3415768234375 0.3063134765625 0.3287760421875 0.294279784375 0.3372161453125 0.2805576171875 0.3421399734375 0.2664130859375 0.3308860671875 0.256279784375 0.32258593750000003 0.23949609375 0.3313079421875 0.2429794921875 0.34368750000000003 0.253640625 0.35592578124999996 0.269368653125 0.361271484375
2 0.3688681640625 0.3281204421875 0.381640625 0.3386712234375 0.3897685546875 0.3374049484375 0.39451855468749997 0.3400774734375 0.3987407234375 0.33473242187499996 0.39747412187500003 0.3286829421875 0.39145752031250003 0.32629166718749997 0.3876572265625 0.3177109375 0.384173828125 0.3146158859375 0.360634765625 0.301251953125 0.35588476562500004 0.302236328125 0.3502905265625 0.30701953125000003 0.350818359375 0.3172884109375 0.3688681640625 0.3281204421875
15 0.3880854484375 0.3633619796875 0.3559965828125 0.3798209640625 0.357896484375 0.3823528640625 0.38914111406249996 0.36617578125 0.3880854484375 0.3633619796875
10 0.3969970703125 0.3874466140625 0.3923642578125 0.3814485671875 0.3879292 0.37527343750000003 0.387267578125 0.3754498703125 0.3697939453125 0.38700520781250003 0.3820385734375 0.3982962234375 0.39375390625 0.3940618484375 0.3969970703125 0.3874466140625
3 0.509444825 0.3981087234375 0.5113222656249999 0.38757226562499997 0.49600390625 0.3931041671875 0.491853028125 0.40074283906249997 0.50193359375 0.4049576828125 0.50588671875 0.400875 0.509444825 0.3981087234375
9 0.6234091796875 0.4203600265625 0.6482143546875 0.4380182296875 0.65422265625 0.43083137968749996 0.63157470625 0.4022916671875 0.614935546875 0.4020865890625 0.6234091796875 0.4203600265625
10 0.7141645515625 0.37881966093749997 0.6743291015625 0.3439127609375 0.6295825203125001 0.3508209640625 0.6132119140625 0.37481966093749997 0.632583984375 0.40972656250000006 0.6735107421875 0.4249986984375 0.718802734375 0.41336328125 0.7141645515625 0.37881966093749997
12 0.523970703125 0.3809114578125 0.55976953125 0.3931614578125 0.5999218749999999 0.3809114578125 0.6381396484375 0.333203125 0.620240234375 0.3235325515625 0.6134677734375 0.2925865890625 0.582990234375 0.2732454421875 0.5433212890625 0.2790481765625 0.5055874031250001 0.28871875 0.4668862296875 0.31773046875 0.46446728593750003 0.36028125 0.483817871875 0.3796223953125 0.523970703125 0.3809114578125
4 0.40859375 0.228125 0.01328125 0.009375
4 0.46304003906249996 0.1988092453125 0.47312109375 0.20666796875000001 0.47473779374999997 0.20007682343750002 0.46275439374999994 0.19766862031250002 0.46304003906249996 0.1988092453125
9 0.432376953125 0.8262272140625001 0.43816894531250006 0.797701171875 0.439427734375 0.78025 0.4215483390625 0.743333984375 0.41321874999999997 0.7406243484374999 0.37168701249999997 0.7601139328125 0.38075292968749996 0.8396516921874999 0.407697753125 0.8480416671875 0.432376953125 0.8262272140625001
9 0.2010239265625 0.9692376296875 0.19317480468749998 0.9572389328125 0.19040478593750002 0.9660071609375 0.1922514640625 0.9878509109375001 0.19790722656249998 0.9821595046875 0.2010239265625 0.9692376296875
