9 0.4352345671875 0.64922945625 0.45440084843750006 0.6239976859375 0.5072249234374999 0.6197922453125 0.5147042828124999 0.708804109375 0.59557658125 0.7256252890625 0.5969789734375001 0.6730593171875 0.6446608796875 0.661845196875 0.665229553125 0.642921296875 0.6278319828125001 0.60156944375 0.5637885796875 0.591056134375 0.5474272765625 0.5483023734375 0.5217164359375001 0.48732581093749994 0.49179841875 0.4620940390625 0.4501307875 0.47444328750000003 0.400641975 0.49083015 0.402044175 0.5651235531250001 0.4151334875 0.6639479171875 0.4352345671875 0.64922945625
9 0.524759259375 0.5015159140625001 0.481171103125 0.4770222796875 0.4889641203125 0.5160509265625 0.51245466875 0.5361765046875 0.5303522375 0.53449913125 0.524759259375 0.5015159140625001
9 0.1610353015625 0.5868579281249999 0.1696743828125 0.582000578125 0.1661647375 0.5516429390625001 0.122699459375 0.5164279515625 0.0943526234375 0.535047453125 0.1262091046875 0.575929109375 0.155365934375 0.586048321875 0.1610353015625 0.5868579281249999
9 0.29791049375 0.5496192125 0.290891203125 0.5516429390625001 0.2717233796875 0.561762153125 0.26308429843750003 0.5763339125 0.3116790125 0.571881365625 0.29791049375 0.5496192125
9 0.3906516203125 0.5771750578125 0.389031828125 0.565436921875 0.04655960625 0.590532696875 0.029094135937499998 0.60206741875 0.0376518125 0.6196759265625 0.3339577546875 0.6180570015625 0.38282253125 0.5921516203125 0.3906516203125 0.5771750578125
10 0 0.8355133109375 0.013009259375000002 0.8371325234375 0.033256943750000004 0.8278226265624999 0.040816165625 0.8015127312500001 0.049185378125 0.7942268515625 0.0553946765625 0.7723692125 0.08752121874999999 0.7416067703125 0.0961603015625 0.71124913125 0.08752121874999999 0.6930344328125 0.0478354546875 0.7023440390625 0.0034427078125 0.680540509375 0 0.6776530671875001 0 0.8355133109375
9 0.5859623843749999 0.3882922453125 0.41350135000000005 0.4299620953125 0.39440470625 0.44914699062499996 0.4255885421875 0.4625052078125 0.52507966875 0.4951588546875 0.54933371875 0.45805237343750005 0.5903765578125 0.3957929 0.5859623843749999 0.3882922453125
3 0.28551292500000003 0.7130208328125 0.30427970625 0.725155671875 0.3286466046875 0.7965315390625001 0.3523366125 0.7400396406249999 0.28551292500000003 0.7130208328125
3 0.234428240625 0.8196252890625001 0.2411969515625 0.8054178234375 0.17373649687499998 0.8307881937499999 0.170803434375 0.847363715625 0.17102912812499999 0.8480402203124999 0.1895299 0.8466872109375 0.234428240625 0.8196252890625001
17 0.07202565625 0.337570890625 0.0973560953125 0.3428093171875 0.090368440625 0.20202835624999999 0.045821759375 0.16928877343749998 0.037087190625 0.2314942125 0.0017119984375000002 0.256376446875 0.0069527390625 0.3067957171875 0.032283179687500003 0.292390046875 0.07202565625 0.337570890625
17 0.20752314843750003 0.361313946875 0.1987883875 0.3023825234375 0.17646875 0.24668489531249999 0.1397189421875 0.323165509375 0.1777146984375 0.45739843750000003 0.19398437500000001 0.43006741875000004 0.20752314843750003 0.361313946875
17 0.49252199062499996 0.155342303125 0.481946759375 0.1873356484375 0.58645871875 0.2388420140625 0.5946842203125 0.21417679375 0.49252199062499996 0.155342303125
