16 0.061332348437499996 0.8648168281249999 0.5807557859375 0.9795779937500001 0.6231038890625 0.9587126218750001 0.648909896875 0.529227184375 0.6032535703125 0.51357799375 0.1341176765625 0.32839546875000003 0.091769571875 0.3337178 0 0.5997553390625 0.0315563765625 0.6753935281250001 0.0884613484375 0.7917870546875 0.061332348437499996 0.8648168281249999
2 0.6856435249999999 0.74095145625 0.6902924671874999 0.7739365703125001 0.710747415625 0.7965372171875 0.7335273265625 0.774546925 0.7325972421875 0.73117799375 0.7395706546875 0.6963605171875 0.705633678125 0.574194821875 0.6833190546875 0.558923625 0.6703490890625 0.562421359375 0.6526361390625001 0.582746278125 0.661934021875 0.6584893203125 0.671121121875 0.723877021875 0.6856435249999999 0.74095145625
2 0.6616710984374999 0.5292608421875 0.69472624375 0.5249178 0.7925706546875 0.49741035624999996 0.7974185125 0.48872427187499995 0.7930113249999999 0.4655605171875 0.7800093546875 0.450793528125 0.7676686359375 0.44876634375 0.67004480625 0.49219870625000006 0.6563820781249999 0.5170996765625 0.6499601187499999 0.5215864078125 0.6431600203125 0.5257864078125001 0.6482284593750001 0.53012945 0.6616710984374999 0.5292608421875
2 0.5951649437500001 0.49966148906249996 0.6449931062500001 0.5035999999999999 0.6652245203125 0.49227767031249997 0.6843313640625001 0.467664725 0.7068104374999999 0.4647113265625 0.6966952234375 0.43665242656250003 0.683582471875 0.43222200624999996 0.6401226 0.3967792875 0.50599803125 0.3662589 0.47490201875000004 0.379058253125 0.4587922203125 0.3913644015625 0.45242294375 0.41942330156249996 0.45242294375 0.4558504859375 0.4996287546875 0.4711106796875 0.5951649437500001 0.49966148906249996
2 0.3616346625 0.3792181234375 0.3792432296875 0.3959553390625 0.48114820312499995 0.377249190625 0.5219847359374999 0.36641941718750004 0.53697095 0.3526362453125 0.548210240625 0.31867055 0.5306016734375001 0.289627184375 0.503252584375 0.27978187656250003 0.4152097484375 0.27978187656250003 0.3691275234375 0.2871656953125 0.3563894640625 0.3029178 0.3305386515625 0.30734822031250003 0.328290496875 0.345744984375 0.34290201875 0.376264725 0.3616346625 0.3792181234375
2 0.3099271296875 0.2849436890625 0.3347134421875 0.267280259375 0.376304284375 0.2556880265625 0.40529148125000003 0.217049190625 0.40781240781249994 0.1618504859375 0.39394879375 0.1474990296875 0.37756474687499997 0.15964271875 0.32253028125 0.20104142343750003 0.3044657796875 0.2429928796875 0.2910226484375 0.2744556640625 0.3099271296875 0.2849436890625
2 0.48679960624999996 0.27875598749999997 0.5661999015625 0.3008355984375 0.55443673125 0.27433980625 0.53091088125 0.242877021875 0.521248153125 0.21306925625 0.4712555390625 0.22852491874999997 0.46963958593750005 0.23004724843750002 0.46117282187499997 0.22190097031249997 0.45277055624999996 0.256124271875 0.4699950765625 0.26771585781249996 0.48679960624999996 0.27875598749999997
2 0.41994682499999997 0.20962330156250003 0.3810605609375 0.2633145625 0.3840265875 0.2845313921875 0.45092417500000004 0.27413980625 0.45718562343749997 0.266778640625 0.4486174296875 0.2390673140625 0.41994682499999997 0.20962330156250003
2 0.6278902015625001 0.2901605171875 0.6344810437499999 0.2724077671875 0.6249241750000001 0.2589851125 0.6160265875000001 0.2347372171875 0.5280379125 0.15982912656249998 0.50958345625 0.20312815468749998 0.5244126046875001 0.2139533984375 0.6209694734375 0.28842847968749996 0.6278902015625001 0.2901605171875
2 0.688871984375 0.3621967640625 0.6951329390625001 0.4007333328125 0.7132580015625 0.4206511328125 0.7432466765625 0.4258472484375 0.7439059578125 0.41372297812500003 0.74028065 0.3760524265625 0.6849172828125 0.3301553390625 0.6397695718749999 0.2885877015625 0.6275765625 0.323227184375 0.640428853125 0.34747508125 0.688871984375 0.3621967640625
2 0.6882127031249999 0.42498122968749996 0.69447415 0.4033313921875 0.687883309375 0.363928803125 0.628564746875 0.3422789640625 0.5956105359375 0.326258253125 0.5945814875 0.3266834953125 0.5857242734375 0.36046472500000004 0.59692860625 0.385578640625 0.654269325 0.40463042031249996 0.6882127031249999 0.42498122968749996
2 0.99950763125 0.6739178 0.99950763125 0.574390290625 0.958003446875 0.6465119734375 0.985722796875 0.6919482203125 0.9931329390625001 0.6955546921875 0.99950763125 0.6739178
1 0.8311019203125 0.39364142343749997 0.8248375187500001 0.380590290625 0.814488921875 0.3985527515625 0.8217572625 0.41028543749999996 0.82964795625 0.405374109375 0.8311019203125 0.39364142343749997
10 0.9814480546875 0.450394175 0.97355686875 0.42856634375 0.9291176765625 0.35898964375000003 0.9114662734375001 0.361718446875 0.914165928125 0.41819805781249997 0.9629665187500001 0.4708576046875 0.97355686875 0.46812945 0.9814480546875 0.450394175
