10 0.0195048828125 0.9465462234375 0.027266112500000002 0.9643489578125 0.062657715625 0.9842786453124999 0.10602539062500001 0.9789641921875001 0.144408203125 0.9636848953125 0.1788032234375 0.9437545578125001 0.205720703125 0.9038951828125 0.217185546875 0.8607135421875001 0.20621923749999999 0.6664811203125 0.213197753125 0.6578450515625 0.218681153125 0.620642578125 0.217185546875 0.5927408859375001 0.2112041015625 0.5787897140625 0.205720703125 0.5488951828124999 0.1822924796875 0.5216575515625 0.1369311515625 0.5023919265625 0.1025361328125 0.5010631515624999 0.047205078125 0.504384765625 0 0.524029296875 0.0008466796875 0.8919368484374999 0.0033393562500000002 0.9019016921875 0.0195048828125 0.9465462234375
10 0.1042607421875 0.9903776046875 0.09850292968749999 0.982830078125 0.0946333 0.9855976562500001 0.09633203125 0.9935227859375001 0.1002963875 0.9997246093750001 0.1066201171875 0.9997246093750001 0.1042607421875 0.9903776046875
10 0.8362036140625 0.7854947921875 0.847671875 0.7677096359375 0.8464208984375 0.737419921875 0.8389145515624999 0.7321399734375 0.8097387703125 0.7206022140624999 0.807220703125 0.73047265625 0.7995053703125 0.7577057296875 0.81576953125 0.7699329421875001 0.8362036140625 0.7854947921875
9 0.90830859375 0.7767259109375 0.918525390625 0.7783932296875 0.921861815625 0.7703346359375 0.93854296875 0.7697786453125001 0.988377440625 0.733375 0.933955565625 0.7178131515625 0.9213120124999999 0.7122604171875 0.9108105468750001 0.7222591140625 0.8764057624999999 0.7150345046875 0.8780742187499999 0.7639427078125001 0.90830859375 0.7767259109375
9 0.9409526359375 0.7033723953125001 0.9517319343749999 0.7021608078125 0.956537109375 0.694458984375 0.9516669921875 0.6887473953125001 0.9508227546875 0.6839016921875001 0.9403037109374999 0.669103515625 0.9310830078125001 0.6729114578125001 0.9310830078125001 0.6791419265624999 0.9203037109375 0.6806998703125 0.9142001953125 0.6756803390624999 0.908096190625 0.67334375 0.9056596671875001 0.6714016921875 0.8951748046875 0.6818248703124999 0.9127065421875 0.6976608078125001 0.9282260734375001 0.7060553390625001 0.9409526359375 0.7033723953125001
9 0.90908251875 0.5966608078125 0.908822265625 0.5911178390625 0.9044033203125 0.5821106765625 0.8986845703125 0.5822838546875 0.8964750984375 0.5860944015625 0.8962148437499999 0.5921569015625 0.9062231453124999 0.6122506515625 0.9123315421875 0.6061881515625 0.90908251875 0.5966608078125
10 0.8346142578125001 0.5218808593750001 0.846810546875 0.5200911453125 0.8434541015624999 0.5102486984375 0.8386425781250001 0.5098014328125 0.8337187500000001 0.5110690109375 0.82767626875 0.5092792968750001 0.8215219734374999 0.5092792968750001 0.8178295906249999 0.5061477859375 0.8139130859374999 0.5051041671875 0.8080947265624999 0.5128587234374999 0.8149760734375 0.5174069015625 0.8289633796875 0.5230735671875 0.8346142578125001 0.5218808593750001
9 0.8586557625 0.48764843750000003 0.85619091875 0.48360481718750004 0.8403901359375 0.47518164062499996 0.8370400390625001 0.4833522140625 0.8363452140625001 0.4933756515625 0.8364711921874999 0.500283203125 0.8348281249999999 0.502978515625 0.835586425 0.504916015625 0.8356220703125 0.503939453125 0.8383676765624999 0.499693359375 0.840263671875 0.48891145781249995 0.8525883796875 0.49009114531250003 0.8586557625 0.48764843750000003
12 0.8767143562499999 0.488154296875 0.887443846875 0.48007226562499994 0.8979399421875 0.470435546875 0.85408984375 0.47167903593749994 0.8377626953125 0.46732747343750003 0.8121054687499999 0.45862369843749995 0.8335639640625001 0.48069401093749997 0.8414946296875 0.48069401093749997 0.862953125 0.48970833281250004 0.8767143562499999 0.488154296875
12 0.834669921875 0.34192578125 0.841200684375 0.3484537765625 0.8663911125 0.3602662765625 0.873388184375 0.3692805984375 0.8703564453125001 0.3842018234375 0.8806191406250001 0.39010742187499997 0.8939140625 0.4031634109375 0.90767529375 0.4211927078125 0.9121069328125 0.4547643234375 0.9329267578125 0.434302734375 0.9620825203125 0.4283971359375 0.9672138671875 0.4249772140625 0.969079590625 0.41689518281250004 0.9704790031250001 0.4069479171875 0.9599829109375 0.3572122390625 0.9623154296875001 0.342291015625 0.9639482421875 0.3295462234375 0.9595166015625001 0.306232421875 0.9557846671875 0.2810540359375 0.9443554687500001 0.25338802031249996 0.954385253125 0.25525325468750004 0.9641816406249999 0.2487252609375 0.9455219734375 0.2372239578125 0.9347924796875 0.22914192656250001 0.9200981453124999 0.2375345046875 0.906103515625 0.237845703125 0.8711167 0.24996875 0.8529233390625001 0.2655110671875 0.8375292968749999 0.27576953125000003 0.824700684375 0.2807428390625 0.80394189375 0.311828125 0.8106455078125 0.3207877609375 0.81554345625 0.321720703125 0.834669921875 0.34192578125
