16 0.700037596875 0.5537630203125 0.690650878125 0.4860944015625 0.6545903328125 0.4646217453125 0.6457670890625 0.4748470046875 0.59129296875 0.5193248703125 0.6308061515625 0.5719830734375 0.65232373125 0.5873489578125 0.700037596875 0.5537630203125
5 0.7781103515625001 0.7921848953125 0.7658212890625 0.7205930984375 0.6970034171874999 0.593787109375 0.6545190421875 0.6480657546875 0.6180034187500001 0.6326243484375 0.6000966796875 0.677544921875 0.578328125 0.6812884109375 0.5716567375 0.6527447921875 0.55375 0.6190546875 0.54497216875 0.6232662765625 0.55094140625 0.6574244796875 0.5569101562500001 0.6934537765625 0.6004477546875 0.7088951828125001 0.5965859375 0.7926529953125 0.6345102546875 0.9462304687499999 0.6534702140624999 0.9495058593750001 0.6678657218749999 0.9993489578125001 0.8002348640625 0.9911503906249999 0.80094091875 0.9920996093750001 0.786193846875 0.9668320312500001 0.7781103515625001 0.7921848953125
16 0.88702001875 0.7015729171875 0.87157470625 0.68161328125 0.8292177734375 0.69689453125 0.827579590625 0.71623046875 0.85683203125 0.7383730468749999 0.8823393546875 0.7361901046875 0.8851479484375 0.73556640625 0.891232421875 0.7149830734375 0.88702001875 0.7015729171875
11 0.81587890625 0.8603066406250001 0.8067524421875 0.9080227859375001 0.8692348640625 0.926734375 0.9382695312499999 0.9466940109375 0.9452900390625001 0.9401451828124999 0.9429497078125 0.8690390625 0.9867109375 0.8406588546875 0.9923276359375001 0.8185156250000001 0.9953696296875 0.7553118484375 0.97407421875 0.711650390625 0.9455239265625 0.7188235671875 0.9195483390625 0.732857421875 0.9197822265625 0.7464817703125 0.8989545906249999 0.7408684890624999 0.863150390625 0.7561497390625 0.8598740234375001 0.7854654953125 0.81587890625 0.8603066406250001
5 0.4186928703125 0.6500748703125 0.382958984375 0.6113072921875 0.34022216875 0.5873769531249999 0.318673828125 0.6373919265625 0.3267543953125 0.668501953125 0.3551259765625 0.6929108078125 0.411689453125 0.70559375 0.41905175781250004 0.704158203125 0.42749170000000003 0.6687408859375 0.4186928703125 0.6500748703125
9 0.3876459953125 0.7985618484375 0.4136049796875 0.8108372390625 0.4517651359375 0.8210084640625 0.465197753125 0.7974114578125 0.46916601562500004 0.7563203125 0.474040528125 0.7346874999999999 0.4655029296875 0.7144153640625001 0.450849121875 0.701396484375 0.4517651359375 0.7127877609375 0.450849121875 0.7123815109375 0.43497460937500004 0.7359778640625 0.4145209953125 0.768525390625 0.37971875 0.7770690109375 0.3876459953125 0.7985618484375
1 0.1601962890625 0.7350944015625 0.1797338875 0.7350944015625 0.1840078125 0.725330078125 0.18522900312499999 0.70539453125 0.172583984375 0.69573046875 0.17179687500000002 0.6972578125 0.160806640625 0.7062083328125001 0.1601962890625 0.7350944015625
6 0.17411035156250002 0.7984322921875 0.1765678703125 0.810876953125 0.20671289062499998 0.8008339843750001 0.20294482343750003 0.7877337234375 0.17411035156250002 0.7984322921875
10 0.121395996875 0.8455924484375 0.11598974531249999 0.8429726562500001 0.10353857343749999 0.8488671875 0.11566210937500002 0.8578190109375001 0.1274580078125 0.8551992187499999 0.121395996875 0.8455924484375
10 0.2005263671875 0.8244140625 0.19987109375 0.8246321609375 0.20167333906249998 0.8307454421875 0.2092094734375 0.8351126296875 0.20282031250000002 0.8259420578125001 0.2005263671875 0.8244140625
9 0.0737055671875 0.8102981765624999 0.06453125 0.78628125 0.0669887703125 0.7533125 0.060926757812499996 0.7358463546875 0.0150542 0.764884765625 0.003421875 0.8063678390625 0.0066987296875 0.8504720046875001 0.018658203125 0.8629166671874999 0.040775390625000005 0.8461048171875 0.042249999999999996 0.8461048171875 0.0496225578125 0.8258001296874999 0.0737055671875 0.8102981765624999
4 0.0909609375 0.3682701828125 0.10425537031250001 0.3442018234375 0.1065126953125 0.3228072921875 0.09447265625 0.30375325468750003 0.047064453125 0.3050904953125 0.0184692375 0.32882487031249996 0.009438965625 0.3559016921875 0.010692871875 0.3729505203125 0.0789208984375 0.3809733078125 0.0909609375 0.3682701828125
10 0.046312010937499995 0.2355930984375 0.042083496875 0.228376953125 0.0234858390625 0.2549817703125 0.029756835937499997 0.2656790359375 0.0465629890625 0.24762760468749997 0.046312010937499995 0.2355930984375
10 0 0 0 0.066484375 0.036226075 0.0377356765625 0.0575473625 0 0 0
9 0.42317871093750004 0 0.4056791984375 0.0000013015624999999999 0.414275390625 0.012276042187499999 0.43177539062500003 0.0141171875 0.430240234375 0.0057298171875 0.42317871093750004 0
9 0.563279296875 0.0016399734374999999 0.555450684375 0.007163410937500001 0.5588276375000001 0.0137096359375 0.5642006828125 0.0143235671875 0.563279296875 0.0016399734374999999
7 0.5619863281249999 0.49533984374999995 0.574560546875 0.4912356765625 0.5827729500000001 0.475162109375 0.5773837890625 0.448486328125 0.5740473625 0.4040260421875 0.5640390625 0.3903463546875 0.5442788078125 0.389662109375 0.5268286125 0.39923828125 0.5129707031249999 0.4269401046875 0.521439453125 0.448486328125 0.539916503125 0.4837122390625 0.5619863281249999 0.49533984374999995
9 0.09753027343750001 0.2905930984375 0.107255371875 0.310486328125 0.1405029296875 0.3173763015625 0.14434765624999998 0.3512265625 0.1190166015625 0.36931119843750004 0.1133623046875 0.39493164062499997 0.147514159375 0.4808880203125 0.1626674796875 0.50323046875 0.1429907234375 0.533673828125 0.1622153328125 0.5662265625 0.16945263593749998 0.5852154953125 0.20903271406249999 0.5737617187499999 0.202143065625 0.484232421875 0.1741611328125 0.448517578125 0.162731934375 0.40282356718749995 0.1867724609375 0.3965208328125 0.20096045 0.3965208328125 0.238794921875 0.36763346406249997 0.24707128906250003 0.3376959640625 0.235248046875 0.2988294265625 0.22815429687500002 0.27361914062500003 0.2328833 0.249984375 0.217119140625 0.21794596406250002 0.1729790046875 0.16639648437500001 0.126080078125 0.16114453125 0.1016455078125 0.1154505203125 0.07366357500000001 0.1443372390625 0.0724814453125 0.196859375 0.0642417 0.21685286406249998 0.073103515625 0.2254876296875 0.0737822265625 0.2553274734375 0.08509082031250001 0.2725078125 0.09753027343750001 0.2905930984375
10 0.20009375000000001 0.5076223953125 0.2166459953125 0.5128743484375 0.23674560625000002 0.5617200515625 0.29073828125 0.5927076828125 0.317932128125 0.5858802078124999 0.32384375 0.5281061203124999 0.307291015625 0.486087890625 0.28403857499999996 0.4761087234375 0.2690625 0.4283138015625 0.2481748046875 0.377892578125 0.2346254890625 0.37589973906249996 0.16344140625 0.4052044265625 0.1705356453125 0.437767578125 0.20482275312499998 0.4797858078125 0.20009375000000001 0.5076223953125
9 0.3162133796875 0.5049290359375 0.32456005781249997 0.5306028640625 0.3355224609375 0.535849609375 0.3763203125 0.527548828125 0.3512495125 0.4868743484375 0.3162133796875 0.5049290359375
