9 0.2627907828125 0.6497291671875 0.22820861093749997 0.6173333328124999 0.19746876875 0.6485514328125 0.235893875 0.7056868484375001 0.26334020625 0.7086315109375 0.2627907828125 0.6497291671875
9 0.1930582171875 0.8129368484375 0.17055245624999998 0.7740611984375 0.13377440937500001 0.7946770828124999 0.166160703125 0.8524010421874999 0.181530625 0.8394427078125 0.1930582171875 0.8129368484375
2 0.274299575 0.8506341140625 0.28802304375 0.8070462234375 0.2775930875 0.785841796875 0.24685324375 0.775828125 0.2259939359375 0.78996484375 0.1859223765625 0.8577024734375 0.24904912031249998 0.8871536453125 0.274299575 0.8506341140625
9 0.30932565156249997 0.8855397140625 0.3356737421875 0.90851171875 0.35598423281249997 0.9061555984374999 0.37739235937500004 0.8961419265625 0.380137053125 0.8737591140625 0.3724517890625 0.8431302078125 0.3412055796875 0.8289798171875 0.32853790156249996 0.8331165359374999 0.31316798125 0.8484309890624999 0.30932565156249997 0.8855397140625
16 0.3592692546875 0.6935846359375 0.33676349375000003 0.6670787765624999 0.291202546875 0.680037109375 0.2599138875 0.70654296875 0.3548781078125 0.7990201828125 0.3603674953125 0.7972526046875 0.3592692546875 0.6935846359375
9 0.37024802968750004 0.8443743484375 0.3933032140625 0.89149609375 0.3889114609375 0.9280156249999999 0.3757374171875 0.9993489578125001 0.5118714375 0.9969016921874999 0.5223007890625 0.9450677078125 0.521203153125 0.9138496093749999 0.58872104375 0.869083984375 0.6057380234374999 0.8808645828125 0.6430648875 0.8431666671875 0.6732559124999999 0.8443450515625001 0.6688647671875 0.7570904953125 0.6271461484375 0.7688704421875 0.607384475 0.7288170578125001 0.5738999390624999 0.7317623703125 0.5508453609374999 0.719392578125 0.5255943000000001 0.7282278640625 0.4811315953125 0.7164479171875 0.454608246875 0.71867578125 0.4410594296875 0.663435546875 0.41306428124999994 0.7052565109375 0.42953244375 0.7341184890625 0.41745603437499995 0.7458990890625 0.3998902359375 0.7176256515625 0.3806779859375 0.7241048171875 0.36366100625 0.72940625 0.3609163125 0.7995 0.3504869625 0.8030338546875001 0.3153553671875 0.7594466140625 0.2835172828125 0.735994140625 0.2659520921875 0.7654453125 0.31974651249999997 0.8113893234375 0.3411546390625 0.8314160156250001 0.37024802968750004 0.8443743484375
13 0.3536197703125 0.6867369796875 0.36272468125 0.6757454421875 0.3547580359375 0.6678072921875 0.341668890625 0.6388014328125 0.335693753125 0.6357480468750001 0.294608246875 0.65501953125 0.2978502125 0.680630859375 0.3342710734375 0.6665859375000001 0.3453681015625 0.6842942703125 0.3536197703125 0.6867369796875
5 0.292159490625 0.6268938796875 0.2600066703125 0.6168183593750001 0.24378835625 0.6278098953125 0.296711946875 0.6552890625 0.3220357796875 0.6409388015624999 0.292159490625 0.6268938796875
2 0.2804936328125 0.6232239578125001 0.3140691328125 0.6155911453125 0.37325288125 0.596966796875 0.36955366875 0.5862805984375 0.36272468125 0.5673502609375001 0.2748029109375 0.5850592453125001 0.2705348703125 0.5902493484375 0.273095209375 0.6171178390625001 0.2804936328125 0.6232239578125001
9 0.2907410546875 0.41363411406250006 0.317488175 0.4090540359375 0.3325682234375 0.400810546875 0.3359830203125 0.396841796875 0.3135045484375 0.3693626296875 0.3143577921875 0.3595924484375 0.32061795000000004 0.3476848953125 0.288180715625 0.3440208328125 0.27196179531250003 0.3623404953125 0.27110794375 0.38249153593749996 0.2907410546875 0.41363411406250006
16 0.310160703125 0.36711067656249996 0.3243875078125 0.3689427078125 0.33406185625 0.404359375 0.30902304375 0.42390039062499996 0.32011946562500004 0.44527278593749997 0.3110145546875 0.46298112031249994 0.2965033359375 0.43336523437499996 0.27715463906250004 0.43702929687500003 0.26378107968750003 0.468171875 0.25780594375 0.4947350265625 0.276870225 0.5390065109375 0.30219405625 0.5249615890625 0.34032201406249996 0.5032838546875 0.3425979375 0.47488867187499995 0.35995512500000004 0.4843541671875 0.3795882359375 0.490765625 0.40569496718750003 0.48569010468749996 0.4091091578125 0.4701184890625 0.43642450000000005 0.4753092453125 0.4281734390625 0.4350065109375 0.433010309375 0.4243203125 0.374395390625 0.31318359375 0.3348447546875 0.3250911453125 0.3311455421875 0.3373040359375 0.3263796234375 0.34207421875 0.3195506375 0.3442115890625 0.310160703125 0.36711067656249996
5 0.47997635 0.3632591140625 0.477415403125 0.3595950515625 0.45835172812499997 0.350435546875 0.4486773796875 0.3614270828125 0.45408308125 0.3696705734375 0.46745664062500003 0.3754720046875 0.47997635 0.3632591140625
2 0.48879684687499997 0.3516569015625 0.48652092187499996 0.36081640625 0.5294857484375 0.37516666718749997 0.5351764703125 0.371197265625 0.5363147359375 0.35013020781250004 0.496479684375 0.3318111984375 0.48822801718750003 0.3400546875 0.4836755609375 0.3366959640625 0.48310612500000005 0.3470768234375 0.48879684687499997 0.3516569015625
16 0.5497641 0.540728515625 0.57110430625 0.5355377609375 0.6300036390625 0.527599609375 0.66500181875 0.516302734375 0.6903256515625 0.5028684890624999 0.6917483328125 0.4857701828125 0.6433771984375001 0.4454680984375 0.6123626437499999 0.46775651093750004 0.5264317765625 0.5074479171874999 0.5233020015625 0.51721875 0.5497641 0.540728515625
2 0.5407313515625 0.5488567703125 0.5526816250000001 0.5421399734375 0.5193905390625 0.5198515625 0.4880915703125 0.5100813796875 0.4804093390625 0.5516048171875 0.52451243125 0.5653444015625 0.5407313515625 0.5488567703125
2 0.5387392359375001 0.594044921875 0.55410430625 0.5662604171875001 0.62438508125 0.5665657546875 0.65170103125 0.5525208328125 0.6403195875 0.526568359375 0.6093050328125 0.5287057296875 0.53504063125 0.5519101562500001 0.52138265625 0.5702298171875 0.5208471796875 0.5706217453125 0.5122771375 0.5778626296875 0.5222359 0.588548828125 0.52821164375 0.5854954421875 0.5387392359375001 0.594044921875
4 0.665073984375 0.5482467453125001 0.6869836265625 0.5448880203125 0.6875530624999999 0.5219889328125 0.65170103125 0.5271790359375 0.6417422687500001 0.527484375 0.64800181875 0.5488567703125 0.665073984375 0.5482467453125001
2 0.55389326875 0.6604296875 0.5692583390625 0.6677571609374999 0.5795021218749999 0.6686731765625 0.577225590625 0.6469954421875 0.564137053125 0.6469954421875 0.5490563984375 0.6393626296875 0.5277161921875 0.6390572921875 0.5114972703125 0.6167688796874999 0.4602801703125 0.6100514328125 0.45743480937500003 0.6118834640624999 0.45715039375 0.6118834640624999 0.44491509999999995 0.6466901046875 0.5180418437500001 0.6592083328125 0.5393820500000001 0.6628723953125 0.55389326875 0.6604296875
10 0.74523408125 0.7291562500000001 0.764693146875 0.7381373703125 0.77410855 0.7280338546875 0.773480896875 0.713888671875 0.7676221953125 0.694130859375 0.7854075203125 0.66943359375 0.7914754390625001 0.6472057296875 0.769714978125 0.6424908859375 0.759671315625 0.6573092453125 0.7391661609375 0.63418359375 0.7241006671875 0.6474303390625 0.7310054578125 0.673923828125 0.7176143109375 0.6979479171875 0.74523408125 0.7291562500000001
10 0.826735596875 0.7099811203125 0.814181321875 0.6884270828125 0.8045560953124999 0.6720371093749999 0.7997440874999999 0.6736087234375 0.787817465625 0.6933665359375001 0.801627046875 0.7304127609375 0.8185755 0.7295143234375 0.826735596875 0.7099811203125
2 0.87436143125 0.8404453125 0.900924196875 0.828 0.89044875625 0.79628515625 0.901672528125 0.7709934890625 0.905413584375 0.758146484375 0.9196306859375 0.7537304687499999 0.9338477859375001 0.7701901046875 0.9559211640624999 0.7806282546875 0.9663966046875 0.8043138015625001 1 0.7778177078125 0.9997598546875001 0.694880859375 0.9229975749999999 0.7344609375 0.8507907828124999 0.7734016921875 0.8534099453125 0.8071243484374999 0.87436143125 0.8404453125
10 1 0.6448645828124999 0.988096421875 0.6589153640625 0.980115221875 0.6385716140625 0.9663966046875 0.6544993484375 0.9727568218749999 0.6998639328125 1 0.692236328125 1 0.6448645828124999
2 0.908922984375 0.8620611984375 0.913412371875 0.8696888015625 0.9328671921874999 0.8789225265624999 0.9751437234375 0.87731640625 0.9770139484374999 0.8488131515624999 0.9762656156249999 0.8299446609375 0.95232140625 0.7733391921874999 0.9369824140624999 0.7665149734375001 0.918275925 0.7504563796875 0.9112207390625 0.7538033859375 0.9040588234375001 0.7608945312500001 0.9040588234375001 0.7709309890625 0.8894681625 0.7930110671875 0.908922984375 0.8620611984375
12 0.9164050937500001 0.9166588546875 0.9837483328125 0.9351263015625 0.999393571875 0.9303085937500001 0.9990879328125001 0.8925716140625 0.971776228125 0.880126953125 0.92725530625 0.8733020828125 0.8954542140624999 0.8520247390625 0.8711358406249999 0.8584479171874999 0.8703875078125 0.8921705734375 0.880862946875 0.9150533859375001 0.9164050937500001 0.9166588546875
2 0.628774409375 0.964259765625 0.6538411156249999 0.9441868484375 0.6901315953125 0.9092604171875 0.6949951484375 0.8863776046874999 0.6770369921875 0.8542610671875 0.6486033953125 0.8414147140624999 0.606732565625 0.8818476562500001 0.6014633109374999 0.8859759109375 0.61119041875 0.927326171875 0.628774409375 0.964259765625
16 0.5902395390625 0.99878515625 0.61567980625 0.9927630203125 0.63999818125 0.9843326828125001 0.58989448125 0.8718046875000001 0.51765858125 0.9116692703125 0.5169102484375 0.9530188796875001 0.5098016984375 0.9993489578125001 0.5902395390625 0.99878515625
9 0.734285021875 0.9671998703125 0.7668344453125 0.9607766921875 0.7803026078124999 0.955958984375 0.7402710734375 0.9366888015624999 0.67966221875 0.9415065109375 0.6497319593750001 0.9443170578125001 0.6403790171875 0.9756302078125 0.665445725 0.9764329421875001 0.69949120625 0.9716158859374999 0.734285021875 0.9671998703125
9 0.882456640625 0.9399010421874999 0.9093941781250001 0.9575644531249999 0.949051546875 0.96398828125 0.99881079375 0.9840605468750001 0.999393571875 0.9390976562500001 0.999393571875 0.93387890625 0.9587792609375001 0.9278567703125 0.904904790625 0.9130032546875 0.8734778656250001 0.9134049484375 0.840554275 0.8961419265625 0.8016452390625 0.9053756515625 0.7922916921875001 0.9194264328124999 0.788924803125 0.9575644531249999 0.8218477859375 0.9527473953125 0.882456640625 0.9399010421874999
9 0.694052759375 0.909775390625 0.72078593125 0.9193372390624999 0.7709417828125 0.9474765625 0.7818896296875 0.9398274734375001 0.7869818078125 0.91687890625 0.7592304421875 0.8977552078125 0.72816919375 0.8789042968749999 0.6937980593749999 0.8649713546875001 0.6864147968750001 0.8720748703125001 0.693034565625 0.8827291671875 0.694052759375 0.909775390625
12 0.4490375984375 0.3120325515625 0.45402668281249997 0.3022486984375 0.46486476718749997 0.2839739578125 0.46710066718750004 0.2631145828125 0.43888781093749996 0.24982356718749998 0.41514796875000004 0.2468704421875 0.38160218281249997 0.25462304687500004 0.39364402656249997 0.274005859375 0.408094603125 0.2688372390625 0.42994238906250004 0.2972649734375 0.4490375984375 0.3120325515625
9 0.41944875625 0.24871614531250003 0.47157368125000004 0.22970312499999998 0.49892662187500003 0.21438151093750002 0.49892662187500003 0.2069973953125 0.4714014546875 0.2193658859375 0.436135840625 0.230810546875 0.37936567656250003 0.2426243484375 0.3792061859375 0.2434029953125 0.3853869015625 0.25499218749999997 0.406202546875 0.250931640625 0.41480412343750006 0.260345703125 0.41944875625 0.24871614531250003
10 0.370584596875 0.15648762968750002 0.35578956875 0.15981054687500001 0.33721043125 0.14393554687500001 0.312438446875 0.1258450515625 0.30108429375 0.1334134109375 0.28439721093750003 0.152611328125 0.29489145 0.171625 0.32375197031249997 0.2204446609375 0.3335573078125 0.2361354171875 0.3372716796875 0.20504947968749998 0.39106549375 0.1810579421875 0.3919163125 0.1694095046875 0.370584596875 0.15648762968750002
2 0.40555245624999997 0.1542220046875 0.3988471796875 0.1562369796875 0.3950921765625 0.1601223953125 0.4123026078125 0.17178776093749998 0.4191837484375 0.17197265625 0.421076409375 0.16292708281249998 0.40555245624999997 0.1542220046875
9 0.4035294125 0.13446028593749998 0.39785203125 0.1167389328125 0.39183141250000003 0.096064453125 0.38013280781250003 0.0958795578125 0.3783462703125 0.0974811203125 0.38271376562500004 0.124123046875 0.388734384375 0.1398138015625 0.395615525 0.1401829421875 0.4035294125 0.13446028593749998
9 0.3412498484375 0.0995520828125 0.3572486359375 0.11431966093749998 0.3675700421875 0.12244205781249999 0.373075196875 0.11838085937500001 0.3765154640625 0.10970507812500001 0.36894663437499997 0.0969674484375 0.36154942343749996 0.0844153640625 0.36344147968749996 0.081646484375 0.36584960624999996 0.07961588593749999 0.3682583390625 0.07241666718749999 0.362753184375 0.067248046875 0.3598289875 0.06687890625000001 0.3512274109375 0.07389322968749999 0.34383020000000003 0.0801692703125 0.33419648281250003 0.0851536453125 0.3412498484375 0.0995520828125
9 0.36770224375 0.097681640625 0.3752710734375 0.102666015625 0.3794002421875 0.09509765625 0.3945385078125 0.0958359375 0.38647786562499997 0.0731028640625 0.37251910312500003 0.07571484375000001 0.368734384375 0.073130859375 0.3654657375 0.08014518281250001 0.3630570046875 0.08217578125 0.36770224375 0.097681640625
9 0.3516616125 0.0747923171875 0.3473765921875 0.0688509109375 0.3366949671875 0.076083984375 0.3434044875 0.08051432343750001 0.3516616125 0.0747923171875
2 0.3368799265625 0.109818359375 0.341905396875 0.11272656249999999 0.34504487500000003 0.113595703125 0.34636143124999996 0.1085970046875 0.34170285 0.10359895781249999 0.3325894484375 0.09371093750000001 0.3271206796875 0.10044791718749999 0.327639175 0.10752604218749999 0.33325288125 0.11163085937499999 0.3368799265625 0.109818359375
9 0.403712553125 0.2218411453125 0.3731770765625 0.2404088546875 0.4073771984375 0.2384427078125 0.4584736203125 0.2218411453125 0.5126234078125 0.2085162765625 0.519545178125 0.19541015625 0.45521649531249997 0.19235156250000002 0.44768405156249996 0.196720703125 0.4466664640625 0.2126666671875 0.403712553125 0.2218411453125
2 0.3332080046875 0.2276868484375 0.34367131562500003 0.22544140625 0.3482261984375 0.22874348906250003 0.3577052765625 0.21936458281250001 0.3743238328125 0.20417382812499998 0.3834329890625 0.1969088546875 0.3782631890625 0.1910970046875 0.377032140625 0.19096484375 0.366075803125 0.1961165359375 0.3516731359375 0.1987584640625 0.3334542140625 0.21777994843749998 0.3332080046875 0.2276868484375
2 0.39045300156249996 0.22872200468749998 0.40941055156250006 0.21511653593750002 0.4059636140625 0.202435546875 0.39402304374999997 0.2005865890625 0.3706337171875 0.22502343749999998 0.36780230468749997 0.23255273437500001 0.37851243125 0.236912109375 0.39045300156249996 0.22872200468749998
10 0.3415815640625 0.2252877609375 0.341838690625 0.2262194015625 0.32853305 0.23268489531249997 0.3441667671875 0.2338736984375 0.34896785937499997 0.23136393281249998 0.3415815640625 0.2252877609375
2 0.5103583984375 0.4653736984375 0.5127828984375 0.42326953125 0.4837064890625 0.420474609375 0.4819217703125 0.42752734375 0.4805991515625 0.4518912765625 0.49933656718749997 0.4518912765625 0.5103583984375 0.4653736984375
2 0.516309884375 0.4303658859375 0.5121218921875 0.4630084640625 0.5224821109375 0.4630084640625 0.529095209375 0.43864453125 0.516309884375 0.4303658859375
2 0.44378593125 0.418302734375 0.4276943609375 0.4270546875 0.4321030921875 0.43556966093750005 0.44753365624999997 0.4284733078125 0.44378593125 0.418302734375
16 0.4651685875 0.40671223906250004 0.4385106125 0.3962141921875 0.44136143125 0.4114427078125 0.4519423890625 0.4280006515625 0.469136446875 0.4194850265625 0.4651685875 0.40671223906250004
16 0.5090357796875 0.5034563796875 0.5308587015625 0.4833509109375 0.5160897515625 0.4783834640625 0.49999757499999997 0.45094466093749996 0.4395979375 0.466556640625 0.45370588281249996 0.49304882812499995 0.4605391140625 0.48902734375 0.4940460890625 0.4892643234375 0.5090357796875 0.5034563796875
16 0.362106125 0.540322265625 0.3829090359375 0.5702389328125 0.48070466874999995 0.55251953125 0.47577198281250005 0.5331881515625 0.48756761718749997 0.511326171875 0.4731983015625 0.5092552078125 0.4180812609375 0.474275390625 0.4075912671875 0.4735572921875 0.4210836875 0.5435442703125 0.38634020625 0.54699609375 0.382050940625 0.5387115890625 0.362106125 0.540322265625
16 0.2339423890625 0.592240234375 0.35168283749999996 0.5639342453125 0.3317380234375 0.5515071609375 0.2796228015625 0.5452936203125 0.25449666406250004 0.49629687499999997 0.23437113437499998 0.49581575468750005 0.21978775 0.55633984375 0.2339423890625 0.592240234375
5 0.3698477859375 0.5361204421875 0.4060369921875 0.54706640625 0.4203662828125 0.5421145828125 0.424009703125 0.535859375 0.4172092171875 0.509015625 0.4084657375 0.5061490890625 0.3732480296875 0.49885156249999996 0.346774409375 0.4998938796875 0.34410248593750004 0.50171875 0.3081564578125 0.5249134109375 0.3156858703125 0.5561881515625 0.35867556093749997 0.544720703125 0.3698477859375 0.5361204421875
16 0.41205700468749995 0.4986341140625 0.365799271875 0.48683528593750003 0.3431764703125 0.475171875 0.342742875 0.47533203124999995 0.34380836875 0.5010748703125001 0.378437840625 0.4993118484375 0.412562159375 0.509619140625 0.41205700468749995 0.4986341140625
2 0.552327471875 0.4959583328125 0.611115221875 0.46662369843749996 0.617075803125 0.4574700515625 0.6015573078124999 0.4609986984375 0.540816859375 0.486033203125 0.538864159375 0.4987154953125 0.552327471875 0.4959583328125
2 0.4129721046875 0.6293528640625 0.4274232875 0.6107708328125 0.44202061875 0.5896673171875 0.41222377187500003 0.5657272140625 0.380630078125 0.5691015625 0.361693146875 0.5510826828125001 0.3574214671875 0.5625143234375 0.3677525765625 0.5674947921875 0.3691006671875 0.5821158859375 0.4129721046875 0.6293528640625
2 0.4423966046875 0.6469212234375 0.45197938125 0.6221783859375 0.4367064890625 0.6155904953125 0.42442813749999997 0.6131803390624999 0.4148453609375 0.6302115890625 0.42278107968749995 0.6419407546875 0.4423966046875 0.6469212234375
2 0.46186173437500005 0.6090032546875 0.5169636140625 0.620732421875 0.5240012125 0.6380846359375 0.549306246875 0.606111328125 0.5287926015625 0.5918111984375 0.490311096875 0.6041829421875 0.4418114015625 0.59328515625 0.43116616093750004 0.6065930984375 0.430268040625 0.6094850265625 0.45302728906249995 0.622017578125 0.46186173437500005 0.6090032546875
2 0.48971194687499997 0.6048255203124999 0.438203759375 0.5677109375 0.4265245609375 0.5644973953125 0.4172413578125 0.5691569015625 0.44628926562500004 0.5929361984375 0.48566949687500005 0.6102884109375 0.48971194687499997 0.6048255203124999
9 0.53291328125 0.5929479171875001 0.5272231656249999 0.5850748703125 0.515094603125 0.5876458328124999 0.511351728125 0.5772018234375 0.5227313515625001 0.5682044265624999 0.49952274062499996 0.5576002609375 0.44546876874999997 0.5606529953125 0.4421746515625 0.5699720046875 0.48919102499999995 0.6045162765625001 0.53291328125 0.5929479171875001
16 0.537243784375 0.6355709640625 0.557672528125 0.6426725265625 0.57666221875 0.64946484375 0.58155366875 0.6562571609375001 0.6097507578125 0.6155032546875 0.5970909640625 0.5951263015625 0.628119465625 0.5797174484375 0.554795634375 0.5667220046875 0.5358053359375 0.5908033859375 0.5481776828125 0.6099453125000001 0.537243784375 0.6355709640625
9 0.610901759375 0.6723111984375 0.6474432984375 0.7038033859375 0.6957810796875 0.6917623703125 0.7032619765625 0.6636666671875 0.6460042453125 0.6636666671875 0.6370849 0.6368059890625 0.648881746875 0.6148854171875 0.6695979375000001 0.5870989578125 0.648881746875 0.5704264328125 0.6029399640625 0.5970950515625 0.611477259375 0.6198255203125 0.5818417218749999 0.6596529953125 0.610901759375 0.6723111984375
16 0.6481412984375 0.7293105468750001 0.6573311093750001 0.7138138015625 0.6391698 0.68916015625 0.6061285625 0.6715501296874999 0.5868326265625 0.6681829421875001 0.5835906609375 0.6908033859375 0.605034565625 0.7074739578125 0.629542146875 0.742458984375 0.6481412984375 0.7293105468750001
16 0.47952516718749993 0.7165553390625 0.4627938140625 0.6605579421875001 0.4456640390625 0.6571386718750001 0.44048574843750005 0.66419140625 0.456818071875 0.7191204421874999 0.47952516718749993 0.7165553390625
2 0.305033959375 0.86003515625 0.3357440875 0.8404928390625 0.3221746515625 0.8121380203124999 0.2928926625 0.8098391921875001 0.2523208 0.8853085937499999 0.267182534375 0.8941373703125001 0.2964639171875 0.8983528640625 0.318246815625 0.8876236984375 0.305033959375 0.86003515625
2 0.1428999390625 0.8648808593749999 0.1618259546875 0.8553014328125 0.1586118859375 0.844572265625 0.149327471875 0.8277122390624999 0.132544571875 0.8257962234375 0.121117646875 0.8074042968749999 0.1100473015625 0.8188990890625 0.1150466953125 0.8353756515624999 0.11611825312499999 0.86334765625 0.1428999390625 0.8648808593749999
16 0.11647543906249999 0.8338430984375 0.1100473015625 0.8188990890625 0.119331715625 0.8081705734375 0.11183323281249999 0.7721516921875 0.10366040000000001 0.770283203125 0.083265615625 0.844955078125 0.09219284375 0.8637311203125 0.11861795 0.8579830734374999 0.11647543906249999 0.8338430984375
16 0.31932019375 0.9062239578125 0.258257125 0.8859153640624999 0.192946028125 0.901603515625 0.19505154687499998 0.9345787765625 0.2928950875 0.9809433593750001 0.32753305 0.9759622390624999 0.31932019375 0.9062239578125
16 0.285395996875 0.9832421874999999 0.1491958765625 0.9111888015625 0.1279181328125 0.95450390625 0.1657701640625 0.991671875 0.2300466953125 0.9993489578125001 0.285395996875 0.9832421874999999
2 0.3353565796875 0.9749322921875001 0.25389812031250003 0.9989765625 0.350670103125 0.9993489578125001 0.3353565796875 0.9749322921875001
16 0.1571346265625 0.7390716140625 0.1431964828125 0.7437200515625 0.1445148578125 0.743517578125 0.1422547 0.7560481765625 0.1642916921875 0.7685787765625001 0.17691146093750001 0.74937890625 0.1571346265625 0.7390716140625
2 0.2304057 0.6929661453125 0.20648514218749997 0.6842760421875 0.19878289843750002 0.6873912765625 0.1919824140625 0.7093372390625 0.195372346875 0.728537109375 0.2319120671875 0.7121666671875 0.2304057 0.6929661453125
