12 0.5149443359375 0.38605078125 0.5481440421875 0.44582096406250005 0.5819262703125 0.4823046875 0.6122133796875 0.5343125 0.6506552734375 0.6057265625 0.6885141609375001 0.64143359375 0.6943388671874999 0.5839921875 0.714142090625 0.5956354171875 0.769474609375 0.67170703125 0.8842172859374999 0.6662734375 0.943626953125 0.6055052078125 0.955275878125 0.572126953125 0.97915625 0.5201184890625 0.9948828125 0.481306640625 0.99951171875 0.4067877609375 0.963430175 0.3508984375 0.909845215625 0.360212890625 0.8568422859375 0.2499869796875 0.77762890625 0.2701692703125 0.7543310546875001 0.247658203125 0.682107421875 0.2771549484375 0.62502734375 0.2756028640625 0.5469790031249999 0.3208463546875 0.52076904375 0.3208463546875 0.5149443359375 0.38605078125
11 0.628958984375 0.1750149734375 0.6359487296874999 0.1990787765625 0.6277944328125 0.259625 0.6382783203125 0.27359765625 0.6604116203125 0.244876953125 0.6971059562499999 0.23168033906250002 0.76758203125 0.2619537765625 0.7605927734375 0.2293522140625 0.726810546875 0.1851061203125 0.73380029375 0.154056640625 0.7605927734375 0.11136328124999999 0.7605927734375 0.07177473906250001 0.70234765625 0.1315455734375 0.6842919921874999 0.1175729171875 0.605993653125 0.1468014328125 0.598671875 0.1556087234375 0.59925439375 0.1742389328125 0.628958984375 0.1750149734375
9 0.551826659375 0.7695279953124999 0.557010253125 0.7827434890625 0.603888671875 0.7773372390625 0.5935209953125 0.7415950515625 0.5522773437499999 0.74249609375 0.5292890625 0.765923828125 0.535148925 0.7761354171875 0.551826659375 0.7695279953124999
5 0.554953125 0.8265859375 0.546798828125 0.7668151046875 0.44894775468750003 0.8366770828125001 0.43671630937500006 0.8677265625 0.4681684578125 0.8933424484374999 0.554953125 0.8265859375
9 0.54912890625 0.8409472656249999 0.45244238281250004 0.8867454421875 0.4312294921875 0.884693359375 0.431474121875 0.9993489578125001 0.5473813484375001 0.9938665359375 0.5753388671875 0.8595768234375001 0.54912890625 0.8409472656249999
11 0.530149903125 0.7222578125 0.5555747078125 0.7109635421875 0.57769140625 0.7265846359375 0.6155239265625 0.7809720046875 0.64758545 0.8678600265625 0.673213378125 0.8111946609375 0.6743779296875 0.77781640625 0.7174794921875 0.8360345046875001 0.7250512687499999 0.8166282546874999 0.8188256828125 0.8748463546874999 0.8293095703125 0.8251673171875 0.7774716796875001 0.7754876296875 0.7442719734375001 0.759962890625 0.7530087890625 0.735123046875 0.7139848625 0.704849609375 0.6673886718750001 0.6955345046875 0.6627290046875001 0.6466315109375 0.645255859375 0.6047141921875 0.6213754890625001 0.537181640625 0.57652685625 0.5076842453125 0.53459033125 0.501474609375 0.5217763671875 0.512341796875 0.520611328125 0.512341796875 0.5089624015624999 0.5472727859375001 0.5316782234375 0.6505130203125 0.531095703125 0.704849609375 0.530149903125 0.7222578125
5 0.1646435546875 0.45096289062499995 0.3655888671875 0.3306451828125 0.3597641609375 0.269322265625 0.3428725578125 0.26154296875 0.1355205078125 0.3927278640625 0.062132325 0.2630950515625 0.039416503125 0.2607669265625 0.056890135937499996 0.5572910156249999 0.056890135937499996 0.6675169265625 0.0522309578125 0.6784016921875 0.1500825203125 0.6349322921875 0.1564892578125 0.6000013015625 0.21123974687499997 0.533244140625 0.1646435546875 0.45096289062499995
9 0.284357909375 0.3545110671875 0.21912353437499998 0.40884765625 0.17835205 0.4647369796875 0.207474609375 0.5245078125 0.15854882812499999 0.5640963546875 0.168450684375 0.622314453125 0.1847592765625 0.6890709640625 0.1975732421875 0.7108053390625 0.21329931562499999 0.7434075515624999 0.21329931562499999 0.8357805984375 0.3094033203125 0.8342278640625 0.391970215625 0.8349752609375001 0.43681884687499994 0.796939453125 0.44439062500000004 0.692146484375 0.4292470703125 0.6021028640625 0.42458740156249997 0.44219726562500006 0.395536621875 0.38951367187499997 0.353669434375 0.3847845046875 0.324546875 0.3397623703125 0.284357909375 0.3545110671875
12 0.35869140625 0.28897330781249997 0.376990234375 0.2691595046875 0.3555869140625 0.239111328125 0.342353028125 0.2177734375 0.3265048828125 0.2177734375 0.32536132812499996 0.217337890625 0.29973046875 0.22238476562499998 0.2849873046875 0.2388463546875 0.30291796875 0.2807975265625 0.35216015624999997 0.256234375 0.35869140625 0.28897330781249997
2 0.3579013671875 0.7131549484375 0.2734462890625 0.679 0.24315917968749998 0.7884498703125 0.269951659375 0.7900026046875 0.350329590625 0.7263509109374999 0.3579013671875 0.7131549484375
4 0.3718955078125 0.6192291671875 0.37713720624999997 0.6727903640624999 0.394610840625 0.70383984375 0.41907373124999997 0.7154830734375001 0.43712939375 0.6634752609375 0.4144140625 0.584298828125 0.3718955078125 0.6192291671875
16 0.1777763671875 0.0763619796875 0.1375874015625 0.0701516921875 0.138169921875 0.0980963546875 0.165544921875 0.13380338593750002 0.18068896406249998 0.1105162765625 0.1777763671875 0.0763619796875
16 0.248234375 0.3139720046875 0.3035673828125 0.287580078125 0.29191796875 0.2534251296875 0.2630717765625 0.1755286453125 0.2639604484375 0.15872395781249998 0.26745507812499997 0.1230169265625 0.2139013671875 0.124470703125 0.2272661125 0.1486328125 0.2604658203125 0.2371243484375 0.248234375 0.3139720046875
5 0.43337597656250004 0.5659069015625 0.42958984375 0.5302005203125 0.395224609375 0.5270950515624999 0.3760034171875 0.560861328125 0.35707373124999997 0.6167506515625 0.3782626953125 0.6526119796875001 0.40855078125000005 0.7003502609375001 0.461263671875 0.7857363281249999 0.4682529296875 0.8167851562499999 0.522421875 0.7888411453125 0.516888671875 0.766330078125 0.5745522453125 0.7298470046875 0.5564956046875 0.7053958328125 0.5270815421874999 0.7232493484375 0.513685059375 0.7411022140625 0.46912646406249997 0.7632252609375 0.4394213859375 0.7356686203125 0.4133129875 0.6874954421874999 0.395224609375 0.6528450515625 0.3806630859375 0.5864772140625 0.43337597656250004 0.5659069015625
