9 0.30161320625 0.8788613921874999 0.3047331953125 0.8519245468750001 0.2817391921875 0.8186179953125 0.2327806984375 0.8049055296875001 0.2323080078125 0.8047699875 0.185818746875 0.8116796468749999 0.1664083328125 0.825848571875 0.08236956875 0.8209793828124999 0.0659713609375 0.856758521875 0.07566469218750001 0.8782611109375 0.1130301640625 0.8996018453125 0.1576064234375 0.9154197625 0.158888521875 0.922337575 0.37449607500000004 0.984162046875 0.3069389765625 0.9102434265625 0.30161320625 0.8788613921874999
4 0.411907709375 0.96708676875 0.44200490625000005 0.9995001312499999 0.4584606015625 0.958171178125 0.446168565625 0.9410847296875 0.411907709375 0.96708676875
10 0.2530173390625 0.7066211578125 0.285585590625 0.7250675953125 0.29717264062500004 0.6793066999999999 0.1733363734375 0.46284695 0.1515529171875 0.4877702109375 0.14404476875 0.5139542359375 0.2530173390625 0.7066211578125
4 0.0761545390625 0.45989359218750003 0.1045038 0.4609383734375 0.1301450796875 0.42325581874999996 0.1139828265625 0.3725738203125 0.0731178140625 0.35630137031250003 0.0388211109375 0.35102154531249996 0.0270159015625 0.3886231703125 0.0552360609375 0.427582540625 0.0761545390625 0.45989359218750003
13 0.44092027656250005 0.6611381749999999 0.4968665375 0.5891329953125 0.47975019999999996 0.5685385468749999 0.42683505312500003 0.5336306000000001 0.383902103125 0.5299219515625 0.3129131921875 0.6062159015625 0.32870941875000004 0.6421182296875 0.384869778125 0.6799809078125 0.41479184687500004 0.6915968046875001 0.44092027656250005 0.6611381749999999
5 0.4265270109375 0.4561999484375 0.4486973296875 0.40385910156250004 0.44249667343750004 0.3737441375 0.3839210328125 0.352976775 0.37961881875 0.35217208437499997 0.34323195 0.38272580624999997 0.3290488234375 0.4125613375 0.3127003109375 0.439247084375 0.300161009375 0.48119280781249996 0.333695040625 0.5105433109375 0.3973704171875 0.52576605 0.4265270109375 0.4561999484375
10 0.6980043640625 0.6737417375 0.696468834375 0.6130854078125 0.6954297703125001 0.57031371875 0.6742537937499999 0.5389088453124999 0.6307494640625 0.5193499421875 0.6044876265625 0.550276553125 0.6069839015625 0.584390134375 0.618560228125 0.636793021875 0.6370928078125 0.691696821875 0.6603834515625 0.6943269484375 0.6980043640625 0.6737417375
10 0.6500502140625 0.7185315218749999 0.6368973062500001 0.7351895828125 0.66746903125 0.7338357640625001 0.6500502140625 0.7185315218749999
12 0.8959255109375001 0.56296013125 0.812000075 0.5469916140625 0.787593953125 0.5607397484375001 0.7869656203125001 0.584341934375 0.7920730265625 0.6075654109374999 0.8009052046875 0.637423246875 0.7949130984375 0.679728409375 0.815563515625 0.7129742984375 0.85919490625 0.7285220515625 0.914108603125 0.715425109375 0.9296250593750001 0.677368953125 0.926261278125 0.648067453125 0.921006009375 0.618223575 0.9093868531249999 0.5784581703125 0.8959255109375001 0.56296013125
12 1 0.5202824234375 0.9884458265625 0.5197089593750001 0.97379745625 0.5590672062500001 0.9718119171874999 0.6141600640625 0.9612201515625 0.6510979375 0.9733111125 0.6633456296875 1 0.570270415625 1 0.5202824234375
10 1 0.35348423125 0.9795273015625 0.330090665625 0.9754728421875001 0.315843946875 0.9597391359375 0.31183861562500004 0.954363465625 0.289550690625 0.9692584546875 0.2786408078125 0.964496475 0.2595647375 0.9614343671875 0.24704863124999998 0.9373480421875 0.21686509531249998 0.903496771875 0.19754374531250002 0.8839739359375001 0.18890978125 0.852034034375 0.1807628640625 0.8248913531250001 0.1755102421875 0.7996257078125 0.1637116140625 0.8070136625 0.1450828265625 0.7726887734375001 0.125626440625 0.705824228125 0.10189874531250001 0.670258428125 0.0689297609375 0.6183023999999999 0.0413810734375 0.5783539859375 0.045107003125 0.531420615625 0.032154540625 0.4849311515625 0.0390649125 0.4942573421875 0.0796907625 0.5461148890625 0.0915240203125 0.5970127203125 0.1299018703125 0.6316759265624999 0.215971053125 0.705515321875 0.2386621 0.6561400078124999 0.2538526109375 0.6523429000000001 0.279582821875 0.6707912484375 0.32586028749999996 0.7002756796875 0.355061290625 0.7828974796875 0.3256209234375 0.815126965625 0.343464759375 0.8592912187499999 0.42494685781249997 0.9184108765625 0.388261896875 0.9545560359374999 0.40672229375 0.96776356875 0.43024426718750003 0.9780000921875001 0.45342055468750003 0.979819453125 0.486326784375 1 0.494273246875 1 0.35348423125
10 1 0.2132901453125 0.9340391953125 0.2159162984375 0.9577869609375 0.2454965171875 0.9722218765624999 0.2754421984375 1 0.2776813890625 1 0.2132901453125
2 0.75774090625 0.5019267234375 0.77665005 0.507348834375 0.7921871031250001 0.47992493906249994 0.7822242484374999 0.45832729062500005 0.7554215906249999 0.454707884375 0.755153325 0.4556434359375 0.744161203125 0.4600812 0.7392072109375001 0.48092585625 0.743072984375 0.490636528125 0.75774090625 0.5019267234375
9 0.47083095156250004 0.310602940625 0.4801504828125 0.3476839875 0.5037739296875 0.3134704140625 0.518180453125 0.32924025156250003 0.523359471875 0.320098953125 0.54356629375 0.33348364375 0.5600769203125 0.32050739375 0.47310515000000003 0.26520750937500004 0.47083095156250004 0.310602940625
9 0.2933228078125 0.191412975 0.309443140625 0.22083023906250002 0.38193376562500003 0.18747310156250002 0.3306836421875 0.1414037578125 0.2933228078125 0.191412975
