10 0.34858194375 0.8275510421875 0.27484305625 0.8892906249999999 0.32847222187499997 0.9854895828125001 0.3459416671875 0.9989583328125 0.4089138890625 0.9989583328125 0.500847221875 0.989796875 0.5506458328125 0.9273395828125001 0.529227778125 0.886675 0.40795555625 0.8045781249999999 0.34858194375 0.8275510421875
9 0.54681805625 0.927690625 0.5037236109375 0.9980447921875 0.5956583328125 0.9989583328125 0.793890278125 0.9989583328125 0.862840278125 0.96215 0.873375 0.86164375 0.794847221875 0.7439072921875 0.6722694437500001 0.7546760421875 0.58129305625 0.794878125 0.528622221875 0.8587718750000001 0.52670694375 0.8752833328125 0.544902778125 0.89323125 0.54681805625 0.927690625
10 0.3128736109375 0.8463197921875001 0.337772221875 0.8456020828125 0.40576527812499996 0.7730937499999999 0.496740278125 0.6768947921875 0.3626708328125 0.59864375 0.311915278125 0.6374104171874999 0.289890278125 0.653921875 0.23243055625000003 0.6747416671875001 0.225727778125 0.7013041671875 0.1768875 0.7601718749999999 0.22476944375 0.8039635421875 0.2975513890625 0.8197572921875 0.3128736109375 0.8463197921875001
10 0.30158194374999997 0.6547229171875 0.32265 0.6173927078125 0.3293541671875 0.5901125 0.243165278125 0.55780625 0.0047125 0.5836510421875001 0 0.6418010421875 0.0095 0.684875 0.1751736109375 0.6733885421875 0.30158194374999997 0.6547229171875
10 0.714402778125 0.5865229171874999 0.71153055625 0.534115625 0.6828013890625 0.49463125 0.5803333328125 0.5226291671875 0.46357638906250004 0.5748614578125 0.510425 0.66405625 0.5391541671875 0.692771875 0.6636486109375 0.6339041671875 0.714402778125 0.5865229171874999
10 0.8748486109375 0.4852979171875 0.8039833328125001 0.4537104171875 0.7417361109375 0.45227500000000004 0.6957694437499999 0.5003739578124999 0.734075 0.5649854171875 0.8911291671875 0.592265625 0.934222221875 0.5728822921875001 0.9811472218749999 0.5700104171875 0.9926388890625001 0.5420125 0.9485875 0.529090625 0.8748486109375 0.4852979171875
10 0.65528194375 0.485253125 0.7309361109375 0.44074375000000005 0.678265278125 0.35746666718750003 0.5997388890625001 0.3251614578125 0.5355763890625 0.3596197921875 0.5777125 0.3933614578125 0.6064416671874999 0.4608447921875 0.65528194375 0.485253125
10 0.7204013890625001 0.184940625 0.6820958328125 0.1174572921875 0.60356944375 0.1642854171875 0.59495 0.2037697921875 0.5528138890625 0.2044885421875 0.562390278125 0.3143270828125 0.7031638890624999 0.33139270781249996 0.7290208328125 0.26821666718750004 0.7204013890625001 0.184940625
10 0.1331013890625 0.33385 0.1158638890625 0.22759999999999997 0.18960277812499998 0.145759375 0.192475 0.109146875 0.112990278125 0.145759375 0.038294443750000004 0.2735458328125 0.0325486109375 0.38195 0.08043055625 0.4716875 0.180025 0.5413239578125 0.318884721875 0.5707583328125 0.4424208328125 0.5635791671875 0.508497221875 0.5219406249999999 0.5822361109374999 0.4515864578125 0.57840555625 0.40276875 0.5257347218749999 0.36543749999999997 0.5219041671875 0.3331322921875 0.47976805625 0.38697499999999996 0.3332486109375 0.4178447921875 0.2039666671875 0.3862572921875 0.1331013890625 0.33385
10 0.2460986109375 0.36543749999999997 0.1647 0.330978125 0.1704458328125 0.2663677078125 0.19534444374999999 0.21180625000000003 0.1589541671875 0.225446875 0.1149013890625 0.27641770781249997 0.13022361093749998 0.3410291671875 0.1963013890625 0.3912822921875 0.32845694375 0.40348645781250003 0.41272916718749997 0.3747708328125 0.41943333281250006 0.3173385421875 0.394534721875 0.3403114578125 0.36293194375 0.3647197921875 0.2460986109375 0.36543749999999997
9 0.274815278125 0.3743364578125 0.38398750000000004 0.3664395828125 0.506565278125 0.2343447921875 0.85610555625 0.000309375 0.1991625 0.0031802078125 0.184797221875 0.143171875 0.184797221875 0.28100833281250004 0.18288194375 0.3348510421875 0.274815278125 0.3743364578125
