10 0 0.429452775 0.0203894625 0.4141064796875 0.01232786875 0.4021441015625 0 0.40696165312500004 0 0.429452775
10 0 0.5205175296875 0.0171427046875 0.5187208812499999 0.08573053750000001 0.4952070046875 0.08151715781249999 0.4837714 0.01920828125 0.486361928125 0 0.501157975 0 0.5205175296875
10 0.1994021765625 0.421831371875 0.1269105046875 0.45599121406250004 0.1312825984375 0.4667419453125 0.142978859375 0.48639874531249994 0.19349285624999998 0.43959234062499997 0.1994021765625 0.421831371875
10 0.15749206093749998 0.43453700156249997 0.1403644640625 0.42120548125 0.1167999890625 0.42479221875000006 0.1226432546875 0.451036809375 0.15749206093749998 0.43453700156249997
10 0.06647021875 0.3864843953125 0.0536547125 0.4044580265625 0.07737746250000001 0.40018571718749996 0.10828932656250001 0.41527811249999996 0.1162282921875 0.39759832031250003 0.0915111265625 0.3796303453125 0.06647021875 0.3864843953125
10 0.10430848906250001 0.4179426890625 0.12813144062499998 0.428849521875 0.1351801140625 0.421937809375 0.15713171875 0.40486629687500003 0.13447188906250002 0.3826813515625 0.10430848906250001 0.4179426890625
10 0.267988790625 0.314491515625 0.2424218140625 0.3158124484375 0.2467924171875 0.3312535828125 0.2850044390625 0.3501689515625 0.2868541859375 0.334358015625 0.267988790625 0.314491515625
10 0.257350715625 0.28244980625 0.2525953140625 0.31707621874999997 0.3185428921875 0.3081082046875 0.335792078125 0.27095095156250004 0.30126254375 0.27669994375 0.257350715625 0.28244980625
10 0.285802221875 0.4406101984375 0.27252170468750003 0.427805190625 0.2262347609375 0.4438324359375 0.2625120171875 0.4860799953125 0.2823652375 0.47265373437499997 0.285802221875 0.4406101984375
10 0.3183303078125 0.42790429999999996 0.304412475 0.4319116546875 0.2870598453125 0.46327170781250004 0.3202509171875 0.47053029999999996 0.36788079375 0.42742425937500006 0.3739535609375 0.39490607187500004 0.322923753125 0.403344703125 0.3183303078125 0.42790429999999996
10 0.5922641328125 0.25451805625 0.5623654328125001 0.285510215625 0.5715293531250001 0.3114388703125 0.604405684375 0.295170465625 0.6182548765625 0.24355240625 0.5922641328125 0.25451805625
10 0.779274403125 0.056577960937500005 0.7515962203125001 0.068597065625 0.759657815625 0.08055944375 0.8101331593750001 0.058836679687500004 0.779274403125 0.056577960937500005
10 0.584424809375 0.1220588640625 0.563434534375 0.1551053 0.581820190625 0.191099028125 0.5963107296875 0.1719181890625 0.6036142109375 0.117102203125 0.584424809375 0.1220588640625
10 0.6865396125000001 0.0940081625 0.6620756640625001 0.109294934375 0.6524768421875 0.12584425625 0.6876396609375 0.1173548078125 0.6865396125000001 0.0940081625
10 0.5968981671875 0.1851943671875 0.5938434390625 0.1765518625 0.5605244078125 0.187991984375 0.5643641203125 0.21666187812499998 0.5968981671875 0.1851943671875
10 0.3980799625 0.2525684640625 0.39366223906250003 0.2201569515625 0.34552186875 0.2613763765625 0.35906191718749997 0.28398385312499996 0.406089965625 0.261631675 0.3980799625 0.2525684640625
10 0.2972635890625 0.3437033296875 0.2880800328125 0.3787510515625 0.333586109375 0.3333158765625 0.3640903484375 0.3705488078125 0.3506755265625 0.3015346015625 0.344141165625 0.29389404375 0.2972635890625 0.3437033296875
