12 0 0.5834160749999999 0.031418225 0.578247896875 0.041540934375 0.5390602515625 0.058298492187499995 0.5228338703125 0.0730338890625 0.46308754218750003 0.06500440625000001 0.435942875 0.0665848421875 0.410806346875 0.0730681640625 0.40732652500000005 0.0723293609375 0.4096960390625 0.077721103125 0.39564020312500003 0.08963938906249999 0.36031128749999997 0.0890147140625 0.324463259375 0.0698817796875 0.2842245171875 0.025639699999999998 0.25010104218749996 0.017663921875 0.247208271875 0 0.261512234375 0 0.5834160749999999
10 0.800738421875 0.180796590625 0.77229434375 0.1956095125 0.7252794437500001 0.2501236796875 0.7003427078125 0.267575865625 0.7026340703125 0.2949512421875 0.7219430515624999 0.3213346625 0.74867038125 0.3407974171875 0.7819958984375 0.3311666015625 0.8168260765625 0.327625546875 0.8512869609375 0.3371712 0.8856708578125 0.3330781296875 0.8963843765625 0.27690254531249997 0.903371975 0.223743175 0.9045844375 0.20511230625 0.872160371875 0.1650719203125 0.8470528140625 0.1880516734375 0.800738421875 0.180796590625
9 0.6735419296875 0.3055113734375 0.6836340171875 0.3073610640625 0.6890106171875 0.2901220375 0.6852896609375 0.28445445468749997 0.6776593937500001 0.278315525 0.66510074375 0.257942328125 0.6418693859375 0.2380983078125 0.6163106078125 0.221571003125 0.617212715625 0.2399303484375 0.60475 0.26433960624999997 0.615431171875 0.28814185000000003 0.6350582859375 0.30088242656249997 0.66306881875 0.3054022375 0.6735419296875 0.3055113734375
2 0.5777367328125 0.35603292343750004 0.588106875 0.35336142812500004 0.6069634421875 0.34525074375 0.60896521875 0.3331299734375 0.620102515625 0.3150443875 0.6196848421875 0.2977247609375 0.603248009375 0.262834203125 0.5807835234375001 0.275776190625 0.5576060265625 0.2754550984375 0.5278419078125001 0.265673915625 0.5096941984375001 0.2989818375 0.5170047359375001 0.3159691234375 0.5422228171875 0.341362415625 0.565777184375 0.35187711250000003 0.5777367328125 0.35603292343750004
5 0.688350865625 0.14203263906250002 0.670567215625 0.1249362171875 0.6650102296875 0.11320935624999999 0.65127185625 0.0789976421875 0.640481409375 0.0462161328125 0.6303188484375 0.0725801484375 0.6330384265625 0.10998862499999999 0.637725765625 0.13434953125 0.6821088078125 0.15997250000000002 0.688350865625 0.14203263906250002
5 0.5725900875 0.0797279515625 0.570748815625 0.102217534375 0.57271633125 0.13737100625 0.5815582265625 0.1535958859375 0.6045899890624999 0.1740782203125 0.6351818406249999 0.13837576875 0.5970266828125 0.09000491875 0.5725900875 0.0797279515625
5 0.2159693015625 0.30515450781250003 0.214363721875 0.288145653125 0.1858991125 0.27771571875 0.182719065625 0.2379184625 0.11454219531250001 0.22982915625000003 0.10757307499999999 0.2328562265625 0.1209429578125 0.3303161765625 0.14709772968749998 0.331107878125 0.16678828750000002 0.3287634390625 0.18952831718750002 0.3098264234375 0.2159693015625 0.30515450781250003
5 0.179921321875 0.37358005625 0.2080641640625 0.3554988015625 0.249572278125 0.34228815625000003 0.2589376578125 0.34464346562500003 0.28248877031249997 0.3344644375 0.2802918296875 0.3278737 0.27905001406249996 0.32730984687500003 0.2469760203125 0.28527761093750004 0.21988652812499998 0.29884348906249997 0.16720633125 0.32685643125 0.090154934375 0.3494934765625 0.085035678125 0.37613386718749997 0.0911593640625 0.40308469062499996 0.096757296875 0.4158146234375 0.1326652265625 0.42283250937499994 0.170053459375 0.3972644875 0.179921321875 0.37358005625
4 0 0.3893797 0.0210857765625 0.3754421046875 0.030352378125000003 0.35383839375 0.020081021875 0.32732085781250003 0 0.3093543828125 0 0.3893797
5 0.09956724375 0.500216078125 0.1068420140625 0.4561716890625 0.129770028125 0.4376049484375 0.1187879921875 0.4232749390625 0.10244720468749999 0.4315310046875 0.096213496875 0.4199904859375 0.083962571875 0.381805778125 0.06476724843750001 0.42803808437499996 0.06898370000000001 0.44784675625 0.0667027828125 0.48038204687499997 0.0557357015625 0.5083392250000001 0.0604472890625 0.5310652203124999 0.09364621875 0.5390163734375 0.10468407500000002 0.5234425078125 0.09956724375 0.500216078125
2 0.32294071406249997 0 0.30173148437499997 0.0171748953125 0.294232209375 0.0289133296875 0.3322857703125 0.061418434375 0.37964559375 0.0988963359375 0.3813222921875 0.085030684375 0.37582902812499996 0.074625740625 0.373187775 0.0525306140625 0.399154078125 0 0.32294071406249997 0
12 0.40077686874999996 0 0.3982730875 0.01614315625 0.3674068015625 0.049738025000000005 0.378504878125 0.07358381875 0.39722144843749996 0.10611358125 0.42306211562499996 0.143818640625 0.412062 0.16210703125 0.38037138125 0.16353561562500002 0.3476452734375 0.1665845265625 0.35003379687499997 0.181848075 0.307473165625 0.1952062390625 0.309454696875 0.23894235468749997 0.3265404265625 0.2767017625 0.32969366875 0.29290966093750004 0.3933756890625 0.356338290625 0.4456946390625 0.389799396875 0.47031805625 0.3847130484375 0.50560776875 0.38193358125 0.541451290625 0.3349275546875 0.5237345421875 0.31956867031249997 0.49982686562499995 0.3045322765625 0.5226191296875 0.26965855781250003 0.5743665140624999 0.2777859015625 0.598438640625 0.26767335000000003 0.6189650125 0.230726471875 0.60876128125 0.20146562656250003 0.6027074921875 0.1758804578125 0.5754044390625 0.147958484375 0.5767336000000001 0.11483111406249999 0.573773478125 0.0742328578125 0.5708266296875 0.073491953125 0.5724368265625001 0.074470090625 0.5320892749999999 0.0611490375 0.521458240625 0.040052253125 0.48272373125 0.008879403125000001 0.4772314953125 0 0.40077686874999996 0
2 0.6388145890625 0.30377044999999997 0.66407261875 0.3059872625 0.6709444640625 0.3043315734375 0.6831402 0.30852715625 0.693645484375 0.286730453125 0.6922280765625 0.28787824687499997 0.67700216875 0.280664796875 0.6588637578125 0.253920309375 0.6445039671874999 0.2405328609375 0.6141244375 0.2182293828125 0.6189478203125 0.240121065625 0.6050017734375001 0.25766878125 0.6011050046874999 0.2608243234375 0.6102348281250001 0.2807913515625 0.6199789890625 0.2877539859375 0.6388145890625 0.30377044999999997
12 0.1302162640625 0.519614728125 0.11028152656250001 0.5753419875 0.1181387421875 0.668882571875 0.143854425 0.7338248484375 0.21878579999999997 0.7259261796875001 0.279988759375 0.7552209421875 0.331914759375 0.791398303125 0.352196515625 0.8164441859375 0.3997118328125 0.816608821875 0.43948720156250004 0.7943657484375 0.4533084234375 0.814676884375 0.50835524375 0.8162828453125 0.5544959984375 0.7911703109375 0.5793105171875 0.7484562343750001 0.58492651875 0.7099789765625 0.6024591874999999 0.6844714640625 0.5687089046875 0.6401732625000001 0.5386326640625 0.5881866375 0.5220726640625 0.5686098 0.4939970234375 0.5112335 0.4883262046875 0.464931371875 0.4983721046875 0.44044365625 0.49800160625 0.44107427968749996 0.5004535390625 0.43528097499999996 0.4731496421875 0.39553819843750004 0.4396612984375 0.382129446875 0.398899175 0.3623583984375 0.34515082656249996 0.3125772890625 0.3211473109375 0.28206236093750003 0.28986711249999997 0.30456559375 0.2763134515625 0.33062059062500004 0.2531142125 0.3456373453125 0.2047912375 0.359320896875 0.167822753125 0.3826607921875 0.155314046875 0.4012720328125 0.1497193203125 0.4284222265625 0.15381275625 0.44395748125 0.1302162640625 0.519614728125
10 0.25941281875 0.7840233921875 0.261671009375 0.7934470671875 0.2975750953125 0.7960813859375 0.33447989843750003 0.799951484375 0.3336491390625 0.79039545625 0.2915814734375 0.7630885984375 0.25941281875 0.7840233921875
5 0.2073453984375 0.7399348734375 0.20360519843749997 0.7297509437499999 0.14967984843749998 0.736088184375 0.071015834375 0.7647565390625 0.10552026562500001 0.8073659624999999 0.1375561515625 0.789289053125 0.2073453984375 0.7399348734375
5 0.21761570468749997 0.8802661687500001 0.234651815625 0.8245319828125 0.21038219218749998 0.7879264484374999 0.1554221109375 0.786402321875 0.11899372500000001 0.8240042984375 0.190587209375 0.9124148890624999 0.21097925312500002 0.8815489484375 0.21761570468749997 0.8802661687500001
12 0.5467400265625 1 0.57309295625 0.9780335843750001 0.6285389234375 0.863578146875 0.6133292875 0.7879271046875 0.5754345484375001 0.7286175 0.5677958390625 0.7572883546875 0.5206012953125 0.8108493749999999 0.47942811562500004 0.8206645046875 0.439471321875 0.7988083328125 0.3635918984375 0.8254756999999999 0.34291134375 0.8084674671875 0.315703778125 0.7957211421875 0.24025154999999998 0.8210209671875001 0.23436318437499998 0.855452978125 0.192842596875 0.9152000609375 0.2615122328125 1 0.5467400265625 1
2 0.6337504359375 0.5050584484375 0.6476090484375 0.495615984375 0.6505874640625 0.48789915156249997 0.63628795625 0.4816356 0.6026475078125 0.46668113125 0.5799450359375 0.46143564687499994 0.5865598624999999 0.5004293765625001 0.604948765625 0.5081170687500001 0.6337504359375 0.5050584484375
5 0.8762442390625 0.48477901250000005 0.8457838484375 0.465939228125 0.8607390515625 0.45382874375000004 0.8280019624999999 0.4015997546875 0.8017514296874999 0.3713291203125 0.7640736 0.346259809375 0.736210190625 0.33813783750000004 0.7086973046875 0.3175740890625 0.687370009375 0.34005596875 0.6873436796875 0.35289809375000003 0.687208578125 0.37848143749999996 0.7037853484375 0.38768628125000004 0.723803190625 0.4107973796875 0.7278737093750001 0.44050164687500004 0.7090946484375 0.46612943281249997 0.71457895625 0.47558435625 0.877571971875 0.49875697187499995 0.8762442390625 0.48477901250000005
10 0.7970348421875 0.4871482859375 0.7544499 0.4828419640625 0.73849968125 0.48996875468749995 0.746693109375 0.5215457296875 0.7489868015625001 0.5324253062500001 0.7757464921875 0.54723049375 0.7914135171875001 0.539753990625 0.79622973125 0.5092218734375 0.7970348421875 0.4871482859375
5 0.7624277328125 0.5597529390625 0.7682596609375001 0.5932412453125 0.7371229609375 0.5842966578125 0.7186480015625001 0.6108362703125 0.7286002171875 0.624199721875 0.75797813125 0.6513578359375 0.7860364984375 0.67205890625 0.8091978890625 0.684567540625 0.8036777328125 0.659510440625 0.8221399343750001 0.6399286859375 0.8304994359375 0.6175271171875 0.8203186328125 0.597981259375 0.7624277328125 0.5597529390625
12 0.82694926875 0.61339401875 0.8259364453125 0.629846365625 0.8367795828125001 0.6453825984375 0.8526411218750001 0.6504855484375 0.8728128203125 0.662519978125 0.8922777453125 0.6554422453125001 0.9062720390625 0.6319519625 0.9082099234375001 0.6112772375 0.9038139203125001 0.5800984437500001 0.8949036187500001 0.5583656718750001 0.8668947749999999 0.54630915 0.8454816328125 0.5445437171874999 0.8176259312499999 0.5439420703125 0.7920566906250001 0.5467002625 0.7940907546875 0.5797907453125 0.8154570328125 0.5949101390625 0.82694926875 0.61339401875
9 0.21098187031250001 0.7849716250000001 0.2226668671875 0.8152662734374999 0.2488310890625 0.7682511046875 0.2554990203125 0.7544359171874999 0.24843694218749998 0.73926140625 0.224980015625 0.7312686171875 0.20899041093749998 0.738412678125 0.16822040625 0.7604004375 0.10835942968750001 0.8108720375 0.126254925 0.832971134375 0.15455895 0.7865534484375 0.21098187031250001 0.7849716250000001
