9 0.7924045203125 0.338516784375 0.755318096875 0.36814208437499996 0.7873875234375001 0.41847297968749997 0.7995042531250001 0.4345340203125 0.81074173125 0.44227989218749997 0.83059485 0.42429244375 0.85163218125 0.3926281546875 0.8406178734375 0.36261880468749996 0.8140869937499999 0.3660631953125 0.8048729187499999 0.34827621875000003 0.7924045203125 0.338516784375
9 0.6865727374999999 0.41694813125 0.691319959375 0.43308589687500004 0.6984268578124999 0.4605503203125 0.7086013515625 0.47696683437500004 0.7186543671875001 0.478475665625 0.7512743609375 0.46711499375 0.7706513796875 0.43047225625 0.74172185625 0.3682172765625 0.7334511890625001 0.39655142187500003 0.7123019546875 0.42441206875 0.6865727374999999 0.41694813125
9 0.73397221875 0.3611981859375 0.767340640625 0.42166235625 0.76863679375 0.4217461203125 0.7889102765625 0.41553388125 0.75399406875 0.3638520015625 0.7459461265625 0.359965525 0.73397221875 0.3611981859375
9 0.6532800140624999 0.3529921609375 0.6573466171875 0.375031271875 0.6655353734375 0.40607595625000004 0.6834404546874999 0.41726070000000004 0.7053930046875 0.4282772921875 0.7249108375 0.4187927625 0.7385809328125 0.387297046875 0.7357640234375 0.3695651765625 0.72741711875 0.348897253125 0.7097727875000001 0.32999252968750004 0.687820571875 0.32893337968749997 0.668759915625 0.34482286093750003 0.6532800140624999 0.3529921609375
9 0.61632578125 0.40173515000000004 0.6150490625 0.4238591328125 0.6167003234374999 0.447604603125 0.6265020406249999 0.46793693281250004 0.6501611234375 0.47970827656250004 0.671021953125 0.47604090625 0.6816059578125 0.463257425 0.6819782515624999 0.4394275046875 0.67742673125 0.4175003453125 0.6602391875 0.3950436921875 0.6191418203125 0.389596034375 0.61632578125 0.40173515000000004
10 0.23472283593749999 0.46136387812499996 0.1987515671875 0.4594600546875 0.181909953125 0.4595187734375 0.19270081562500002 0.501834421875 0.2822062453125 0.495723190625 0.29335866875 0.4732342375 0.28611244999999996 0.4584396921875 0.26917914062500004 0.4538890765625 0.27521841406249997 0.46617922187499994 0.2487541078125 0.48885434375000003 0.23472283593749999 0.46136387812499996
10 0.357290925 0.44507059375 0.3335830734375 0.3678230984375 0.3107356734375 0.36620461249999997 0.30441276875 0.355409384375 0.2959825734375 0.3542919015625 0.281640228125 0.3629645796875 0.28174333906250004 0.375578765625 0.267997603125 0.37798621250000003 0.2642671796875 0.36735846875 0.2557442796875 0.3846448671875 0.262132803125 0.403467178125 0.26431615937499997 0.44279154218750005 0.33151590937500003 0.4617441984375 0.363847346875 0.4646201484375 0.357290925 0.44507059375
10 0.2900010234375 0.48821635937499996 0.3047924453125 0.524630196875 0.304410678125 0.54731329375 0.3093288296875 0.561893096875 0.3514481515625 0.5464108078125001 0.353145234375 0.536062034375 0.34763377968750003 0.535419440625 0.3242644171875 0.539282946875 0.31195444375000003 0.5291039375000001 0.29339522812499996 0.4774757765625 0.2900010234375 0.48821635937499996
10 0.343729103125 0.46999938124999996 0.32339760625 0.468096475 0.32217061875 0.44951086093750003 0.30778835937500004 0.45237905468750006 0.2873964828125 0.4609850265625 0.31244346093750003 0.5356953796874999 0.319434946875 0.5405220015625 0.338770446875 0.538600371875 0.356475428125 0.525699378125 0.343729103125 0.46999938124999996
10 0.354924890625 0.5247183546875 0.3446774359375 0.5336942046875001 0.345915725 0.5361202265625 0.3595474328125 0.5334815625 0.36809876406250003 0.5318462171875 0.38395075312500004 0.5202206453125 0.3724427625 0.47135325781250004 0.3433629734375 0.46925337968749997 0.354924890625 0.5247183546875
10 0.46370484218749997 0.5431471734375 0.4589426828125 0.5611952359375 0.3885833984375 0.5638799953125 0.3923521765625 0.5821619734375 0.399520796875 0.5779646453125 0.4496613703125 0.578761509375 0.45169605781250005 0.5821899015625001 0.4636114625 0.5931675546874999 0.4709286578125 0.58520736875 0.46783705624999994 0.575243365625 0.4695817875 0.5431461875 0.46370484218749997 0.5431471734375
10 0.38431145624999996 0.5228561671875 0.3720333890625 0.528910871875 0.3802064875 0.56871805 0.38457020000000003 0.5729003109375 0.385947234375 0.5651895328125 0.45787043125000004 0.56095720625 0.463846115625 0.54669669375 0.4721662828125 0.5430808578125 0.47315637343750006 0.532682990625 0.41337087656250004 0.535638225 0.405591628125 0.5440442437499999 0.401156703125 0.540990484375 0.39579065625 0.5157891828125 0.3808873640625 0.50753519375 0.38431145624999996 0.5228561671875
10 0.4775814359375 0.5364192765625 0.49084954999999997 0.533356090625 0.492762746875 0.52701714375 0.4917093921875 0.5223797328125 0.484900265625 0.51796405 0.47967247031250004 0.4979144640625 0.4701950703125 0.49231835625000003 0.4596239171875 0.484579959375 0.4519684625 0.4617976796875 0.445195959375 0.46186424375 0.41131838125 0.46818850625 0.394171896875 0.46915337656249995 0.377528215625 0.469702434375 0.3712952609375 0.47383595625 0.378381953125 0.48896567968750004 0.3893834609375 0.5106760078125 0.3968342453125 0.516141090625 0.40256534374999997 0.543558890625 0.41204241875000003 0.5413709359375 0.414535621875 0.5366040859375001 0.4746507390625 0.5341021718750001 0.4775814359375 0.5364192765625
9 0.44369742656250005 0.53427705 0.444636684375 0.5020258390625 0.44439491249999996 0.46465823124999994 0.4427399484375 0.4635433171875 0.4381179265625 0.46341285625 0.4394603609375 0.49603538125 0.44016137187500004 0.5276087265625 0.44369742656250005 0.53427705
9 0.33103075312499997 0.354100065625 0.34368814531249997 0.40027723593750003 0.3599252140625 0.45850144375 0.3619009515625 0.46014120781249995 0.36459126875000003 0.46401079999999995 0.37616811875 0.4631345203125 0.42534771562499996 0.45477422343749996 0.43491955156250006 0.448672321875 0.427022953125 0.41187470625 0.40963330625000005 0.33655186875 0.3733940296875 0.348211803125 0.34193678437499997 0.348588225 0.33103075312499997 0.354100065625
9 0.49966385625000004 0.437018359375 0.5112624234375 0.43104718125 0.491721440625 0.3325696984375 0.43378625625 0.3384604046875 0.4287122515625 0.33723675468750003 0.4103554375 0.3372835125 0.42294058593750006 0.40563196250000005 0.43198153125000005 0.44306347031250004 0.4312236828125 0.4510225734375 0.43973148125000006 0.454148 0.500728484375 0.44335889531249995 0.5019602421875 0.4391824515625 0.49966385625000004 0.437018359375
9 0.4522155234375 0.456546803125 0.4564082328125 0.48162551249999996 0.465747278125 0.493540434375 0.48770040156250005 0.4986031171875 0.48626198125000003 0.494193303125 0.46382191562499997 0.4670401828125 0.4522155234375 0.456546803125
10 0.44971186406249997 0.45346740468749996 0.46435844687500005 0.47194112343750005 0.4906918109375 0.502985559375 0.516879209375 0.53166861875 0.52796021875 0.5243202109375 0.5406666828125 0.5145006390625 0.5380340875 0.48666694843749997 0.5385148703125 0.4757778265625 0.5458341171875001 0.47289050781249997 0.5473572203125 0.45786895312500003 0.5143901234375 0.4361401734375 0.50253626875 0.434086696875 0.49532645625000005 0.44263699218749997 0.47093353593750004 0.44766991093749997 0.44971186406249997 0.45346740468749996
10 0.54745976875 0.4714591125 0.5556909203125 0.48722242812500005 0.5678075828125 0.49819690781250003 0.58074055625 0.50060015625 0.5885776859375 0.506874128125 0.5997828843749999 0.5069817359375001 0.5987326265624999 0.4946499140625 0.5933742109375 0.4895998546875 0.59666103125 0.45800448125 0.5964347562500001 0.44578188281250003 0.6037465953125001 0.44199791250000003 0.5985554843750001 0.4264308328125 0.58340628125 0.42394060937500005 0.5703631328125 0.392522415625 0.5615125203125 0.38618297031250004 0.52147481875 0.390037340625 0.5113488296875001 0.3980633484375 0.514900471875 0.4376605234375 0.529619946875 0.44953108750000004 0.54547626875 0.45335505156250006 0.54745976875 0.4714591125
9 0.523240515625 0.4936749296875 0.5298680796874999 0.514598615625 0.5418023265625 0.5187294312499999 0.5476859734375 0.533837171875 0.5486046953125 0.537816590625 0.5526361140625 0.5353888734375001 0.544871315625 0.5147274609375 0.553670284375 0.5070078203125 0.5492810546875 0.488860534375 0.5398255828125 0.4859538953125 0.5065133859375 0.39095492656249997 0.49950033125 0.39257401718749996 0.5324626296875 0.49124638281250005 0.537165396875 0.5090218265625001 0.5302173859375 0.4953573546875 0.523240515625 0.4936749296875
9 0.551447146875 0.51380821875 0.5597140656249999 0.5107021125 0.5621201203124999 0.5185294 0.56778514375 0.5378791359374999 0.5706427656249999 0.531231709375 0.5685862828125 0.5119469609375 0.5776554078125 0.5140447125 0.5772246109375 0.4922890203125 0.5638905359375 0.48728384062499996 0.5496428328125 0.4013561421875 0.5395309484374999 0.3956070625 0.5549310796875 0.4908492875 0.542996984375 0.494502575 0.551447146875 0.51380821875
9 0.552279834375 0.39147944687499997 0.5476994796875 0.3849162796875 0.5301210125 0.38703916875 0.5312068125 0.3971342578125 0.5533081656250001 0.4015238296875 0.552279834375 0.39147944687499997
9 0.233623665625 0.4572962453125 0.249619484375 0.48913489375 0.27506054999999996 0.4654954375 0.2673960421875 0.4531004421875 0.257703046875 0.44717551718750004 0.25541153125 0.4462640890625 0.2543001359375 0.4282746859375 0.2512003984375 0.42320444375 0.25040068125000003 0.4231729140625 0.25037766875 0.422999475 0.23506070625 0.4281548921875 0.233623665625 0.4572962453125
