10 1 0.37887902812499996 0.9629223203124999 0.3461016984375 0.8785995453125001 0.31939196875000003 0.8311808062500001 0.33080805468749996 0.6355485109375001 0.567213240625 0.6413850484375 0.6288133484375 0.68828743125 0.6865421390625001 0.75308525625 0.700614684375 0.769234715625 0.7012863515625 0.7949865 0.681383496875 1 0.526078228125 1 0.37887902812499996
10 1 0.6436973578125 0.9818445796875 0.64625853125 0.9623150171875 0.6347612890625001 0.931779259375 0.642329121875 0.9428707109375001 0.7611722234375 1 0.7020131140625 1 0.6436973578125
12 0.5661137921875 0 0.5627902984375 0.0011719109375 0.51005821875 0.08482433125 0.47177990156250005 0.1360817265625 0.49209055468749996 0.1766291515625 0.4950439140625 0.24676877656250001 0.558569903125 0.3215728484375 0.5990492453125 0.35169110937500003 0.5694949515625 0.379972171875 0.5377646734375 0.44652403749999997 0.5663696484375 0.4935860109375 0.5796997671875 0.51075375625 0.6019672984375 0.4950660546875 0.6169163078125 0.46912893593750005 0.6627318328125 0.4460848765625 0.6939617874999999 0.38353648749999997 0.691654534375 0.349907375 0.7594621125 0.3226805046875 0.8525926359374999 0.264582671875 0.8219127046875 0.2185073046875 0.732411628125 0.148525221875 0.682006925 0.052000839062500005 0.6339072546875 0 0.5661137921875 0
2 0.153565815625 0.25661746406249997 0.1763465375 0.255760053125 0.1804117375 0.24231522343749998 0.17042613125 0.22352898593749998 0.1255868265625 0.2003422375 0.09045009375 0.20432307343749997 0.01488550625 0.28257249375 0.117487003125 0.26840333906249997 0.153565815625 0.25661746406249997
2 0.197695934375 0.7311054984375 0.21811420468749998 0.752337865625 0.23584776718749997 0.752664075 0.255815809375 0.7484657828125 0.278147128125 0.7253410265625 0.30704360468749997 0.686589634375 0.356718971875 0.6186692218750001 0.37863874218750004 0.5777256015625001 0.3176644546875 0.551549071875 0.271653928125 0.60331459375 0.2038567703125 0.68176021875 0.19013863125 0.7124458312499999 0.197695934375 0.7311054984375
2 0.1539248859375 0.2175264421875 0.20510025 0.1901177234375 0.211039203125 0.16804855000000002 0.15060885625 0.1420268515625 0.0898057046875 0.2049903578125 0.127864603125 0.20187167968750003 0.1539248859375 0.2175264421875
5 0.4891594421875 1 0.4968131921875 0.9955787624999999 0.50360658125 0.9172329796875 0.5143484859375 0.9138714140624999 0.56939171875 0.9320640796875 0.60486305 0.9351111234375 0.607546578125 0.9027406140625001 0.6834223203125 0.8280504046875 0.6719148203125 0.79823224375 0.5494485625000001 0.7848527671875 0.5127632125 0.7762712328125 0.48811995937499997 0.797424309375 0.47183907812500003 0.7929392015625 0.44462380625 0.758541934375 0.4198795296875 0.773978334375 0.39205281406250003 0.7750763921875 0.4095078671875 0.8041441109375 0.36901573125 0.8586878812500001 0.3048631984375 0.9860066234374999 0.286913403125 0.9893064609375 0.2979868875 1 0.4891594421875 1
12 0.4379784546875 0.6303152984375 0.4000006546875 0.6429610546875 0.3685007125 0.658116328125 0.3793605140625 0.7691186234375 0.3938713328125 0.7768325140625 0.39539698125 0.7777374078125 0.42623328593750004 0.77442675625 0.4487626171875 0.7549783703124999 0.4639581234375 0.783387403125 0.4815527734375 0.794759240625 0.506786259375 0.6992588890625 0.5026887390625 0.6472297984375001 0.475574490625 0.6185492078125 0.4379784546875 0.6303152984375
12 0.18363365781250002 0.5729057375 0.223581328125 0.517048728125 0.156093065625 0.5136831359375 0.1267686375 0.5440494703125001 0.18363365781250002 0.5729057375
10 0 0.41476840625 0.0040766453125 0.45932196718749996 0.0540086765625 0.444484290625 0.11327753437500002 0.46363730781249995 0.19080560468750002 0.410520384375 0.18621465312500002 0.3754957734375 0.1828269359375 0.3591140984375 0.1960558171875 0.29884486093749996 0.10936518906249999 0.31439438750000004 0.071326215625 0.31012479531250003 0.02426823125 0.3302334890625 0 0.37840170624999997 0 0.41476840625
10 0.114805221875 0.74589855625 0.1148411296875 0.7434354859375001 0.11658462656249999 0.742542378125 0.1720343328125 0.6856657234375 0.2277936671875 0.65460580625 0.2684256703125 0.5989476875 0.24780386562499998 0.5421995203125001 0.21458396406250002 0.5319701203125 0.1428506203125 0.6387540265625 0.12145576250000001 0.67740256875 0.0982626734375 0.708696540625 0.079984771875 0.7484831359374999 0.114805221875 0.74589855625
