12 0.604461425 0.641755859375 0.6215102546875 0.6542154953125 0.6437836921875 0.6571471359375 0.6531328125 0.6054759109375001 0.6773310546875 0.58165625 0.6630322265624999 0.5545377609375 0.656982421875 0.5534381515625 0.6553325203125 0.543177734375 0.6250849609375 0.517525390625 0.61078564375 0.5296184890625 0.5918120109375 0.5860533859375 0.592912109375 0.620134765625 0.604461425 0.641755859375
9 0.390509278125 0.526802734375 0.3455556640625 0.5133326828125 0.322148925 0.5117571609375 0.30995459062499997 0.5573600265625 0.367580078125 0.572236328125 0.3769326171875 0.5617825515625 0.390509278125 0.526802734375
12 0.217742675 0.9340384109375 0.2132080078125 0.9346230468750001 0.1998969734375 0.9819928390625 0.2259340828125 0.983552734375 0.2332475578125 0.9763398437499999 0.217742675 0.9340384109375
10 0.087900390625 0.8148977859375 0.067649903125 0.7829798171875 0.042336914062499995 0.7759733078125 0.0008623046875 0.7796067703125 0 0.9625618484375 0.0090556640625 0.948138671875 0.027927734375000002 0.9090944015625 0.0549936515625 0.8839231765625 0.08089062500000001 0.8348789062499999 0.087900390625 0.8148977859375
10 0 0.3806979171875 0.0249194328125 0.3656380203125 0.0396279296875 0.3637259109375 0.03891015625 0.34316796875 0.0306591796875 0.3312154953125 0.013439453125 0.31758984375 0.0023183593749999997 0.32117578125 0 0.32356640625 0 0.3806979171875
12 0.33309814375 0.2258359375 0.33600927812500003 0.2435716140625 0.3863310546875 0.2241731765625 0.37427050781250004 0.164869140625 0.3796772453125 0.14380794218749998 0.3812114265625 0.122841796875 0.3376728515625 0.1327233078125 0.303985840625 0.1693033859375 0.3060654296875 0.19590690156249999 0.33309814375 0.2258359375
1 0.111067871875 0.1326790359375 0.1022329109375 0.133474609375 0.10115820312499998 0.1450891921875 0.10891894531249999 0.1412708328125 0.111067871875 0.1326790359375
9 0.1397216796875 0.1264733078125 0.12515625 0.13331510468750002 0.13208056562499998 0.16306901093749998 0.147721190625 0.1519309890625 0.1576303703125 0.143498046875 0.1397216796875 0.1264733078125
11 0.17455859375 0.3455520828125 0.19718750000000002 0.3223912765625 0.195376953125 0.3117760421875 0.1600537109375 0.2966907546875 0.1180766609375 0.33421289062500004 0.12296484375000001 0.34796419218749997 0.15030029375 0.36002734375 0.17455859375 0.3455520828125
10 0.0771552734375 0.253509765625 0.0796899421875 0.243859375 0.10286181718750001 0.2337265625 0.12277539062500001 0.2361393234375 0.13816308593749999 0.2274537765625 0.14830078124999999 0.21032487031249997 0.0929052734375 0.2050169265625 0.06846582031250001 0.22962500000000002 0.028458007812500002 0.229142578125 0.021759765625 0.24699609374999998 0.0771552734375 0.253509765625
9 0.66073095625 0.5050787765625 0.666038575 0.4817369796875 0.6724077140625 0.46240299531250006 0.6674541015625 0.4447200515625 0.6575463859374999 0.4352890625 0.6465776359375 0.4390611984375 0.63631591875 0.45839518281249997 0.6375546875 0.47513541718749996 0.6435698234375 0.5017779953125 0.66073095625 0.5050787765625
9 0.7162836921875 0.412654296875 0.69469970625 0.3911985671875 0.6805458984375 0.4157194015625 0.68373046875 0.4400045578125 0.6923994140625 0.4508502609375 0.7099145499999999 0.4374108078125 0.7162836921875 0.412654296875
9 0.5332890625 0.8707161453125 0.5437734375 0.8716178390625 0.5549340828125 0.8468287765625 0.5688002937500001 0.80896875 0.5593305671875 0.7792213546875 0.530921875 0.7697565109375 0.5109677734375 0.7922923171875 0.5004838859375 0.82429296875 0.5102915046875001 0.8626035156249999 0.5332890625 0.8707161453125
9 0.3279501953125 0.3746640625 0.2276918953125 0.405443359375 0.205916015625 0.450064453125 0.2525712890625 0.4417122390625 0.34013623125 0.3846399734375 0.3279501953125 0.3746640625
