10 0.325744140625 0.36720442656249996 0.3488042 0.3784544265625 0.3576577140625 0.3447037765625 0.34674560625 0.2994296875 0.3154497078125 0.2997037765625 0.28559472656249996 0.2881790359375 0.27159374999999997 0.3161673171875 0.2942421875 0.3592467453125 0.323685059375 0.3479967453125 0.325744140625 0.36720442656249996
10 0.36774658125 0.281044921875 0.3648642578125 0.282142578125 0.3637626953125 0.28183984375 0.3523046875 0.3029967453125 0.35786376875000003 0.3156184890625 0.3755708 0.28927669218749996 0.36774658125 0.281044921875
10 0.19671582031249998 0.3381809890625 0.17743408125 0.40024088593749996 0.26656689375 0.4104225265625 0.2596547859375 0.39005924531249997 0.19671582031249998 0.3381809890625
10 0.1420390625 0.5408300781250001 0.161950684375 0.5584479171875001 0.1923076171875 0.540177734375 0.2319677734375 0.5349576828125 0.26101904375 0.5388723953125 0.2660786125 0.5297369796875 0.24453515625 0.5132063796875 0.25253222656249996 0.502548828125 0.2455141609375 0.49297851562500006 0.23856445312500002 0.4927447921875 0.19769335937500002 0.5068990890625 0.1645620125 0.51451171875 0.1369794921875 0.5103789062499999 0.1420390625 0.5408300781250001
10 0.022490234375 0.97240234375 0.0479140625 0.9949902343750001 0.08448876875 0.9890462234375 0.12017138593750001 0.9408984374999999 0.17993945312499998 0.9218769531250001 0.208931640625 0.8725403640625 0.21740624999999997 0.84698046875 0.18662988281249998 0.7815944015625 0.149609375 0.8000208328125 0.07289160156249999 0.7815944015625 0.0528203125 0.8517356765624999 0.022490234375 0.97240234375
10 0.598287109375 0.7946061203125 0.5906826171875 0.8179153640625 0.6203408203125 0.8197408859375 0.6281987296875 0.8264973953125001 0.6309873046875001 0.8450774734375001 0.6444223640625 0.8555501296875001 0.6652080078125 0.8748053390624999 0.70145703125 0.8754811203124999 0.72503125 0.8487936203125 0.74404296875 0.878859375 0.756970703125 0.852171875 0.73897314375 0.8021744796875 0.7174267578125 0.7616360671875 0.695373046875 0.7447454421875 0.688021971875 0.7442708328125 0.671545409375 0.7560944015625 0.6467036140625 0.7557565109375 0.6203408203125 0.7618372390625 0.598287109375 0.7946061203125
10 0.6321215828125 0.932759765625 0.6153916015625 0.9047213546874999 0.6298403328125 0.88816796875 0.6199541015625 0.8719524734374999 0.607533203125 0.8662096359375001 0.603984375 0.8499947921875 0.5857333984374999 0.8618183593750001 0.5821845703124999 0.8915462234374999 0.59232421875 0.9290442703125 0.6280659187500001 0.94424609375 0.6321215828125 0.932759765625
10 0.50314404375 0.820833984375 0.5102417 0.8482324218749999 0.5475043937499999 0.8063430984375 0.5198745109375 0.7796549484375 0.5104951171875001 0.7475625 0.532548828125 0.710740234375 0.515818359375 0.6600670578125001 0.5039047859375 0.6870930984375 0.489709471875 0.701619140625 0.47804882812500005 0.6577024734375 0.4691767578125 0.65631640625 0.475514159375 0.7495540359375 0.48996289062500004 0.7519192703125 0.496553221875 0.7867141921874999 0.50314404375 0.820833984375
10 0.45270019531249994 0.8310032546875 0.46892333906249994 0.8235716140625 0.49858154375 0.8029648437500001 0.4914838875 0.746548828125 0.439699175 0.746871384375 0.45270019531249994 0.8310032546875
10 0.306470703125 0.7477825515625 0.2699169921875 0.7533678390625 0.26037158125 0.783775390625 0.28388671875 0.8175957031250001 0.3136879875 0.8014615890625001 0.306470703125 0.7477825515625
12 0.20571240156249998 0.7080670578125 0.2164223625 0.7788105468750001 0.2653154296875 0.756470703125 0.252510253125 0.6959661453125 0.20571240156249998 0.7080670578125
2 0.2995405265625 0.977470703125 0.30582714843750003 0.9839869796875 0.3163042 0.970955078125 0.31001757812499997 0.9591640625 0.3025673828125 0.9448912765624999 0.293953125 0.9185175781250001 0.25297607499999997 0.8555305984375 0.23155615156249998 0.8682519531249999 0.2282963875 0.8921438796875 0.27113623124999997 0.9526484375000001 0.2995405265625 0.977470703125
10 0.6790263671875 0.5559205734375 0.6660122078125 0.5761549484375 0.6663950203125 0.6037532546875 0.6893613281250001 0.6563248703125 0.7088828125 0.673328125 0.7203657234375 0.7046152343750001 0.7247036140625001 0.6971334640625 0.723427734375 0.6835305984375 0.7259794921875 0.6748587234375 0.7455009765625 0.6592154953125 0.7486909171875 0.6459524734375 0.7409077140625 0.6503736984375 0.7284038078124999 0.6627864578125 0.712455078125 0.6634967453125 0.6985478515625 0.6216673171875 0.69408203125 0.59132421875 0.6954858390624999 0.5688795578125 0.7016098625 0.56173828125 0.7452456046875 0.5896236984375001 0.7553251953125 0.5921744796875 0.760939453125 0.5925143234375 0.7611943359375 0.582482421875 0.753921875 0.5819726562499999 0.7505234375 0.5819329421874999 0.7322314453125001 0.5659524734375 0.71794140625 0.5504791671875 0.7021201171875 0.549119140625 0.6790263671875 0.5559205734375
10 0.8204506828125 0.716451171875 0.7925004875 0.7974824218750001 0.8023076171874999 0.8010768234375 0.8314833984375 0.721025390625 0.8204506828125 0.716451171875
10 0.8949838874999999 0.8809140624999999 0.9195014640625001 0.8613098953125 0.99951171875 0.774396484375 0.99951171875 0.7557727859375001 0.92072705 0.8322298171875 0.87487939375 0.8717656249999999 0.87291796875 0.8871223953125 0.8949838874999999 0.8809140624999999
3 0.8200424796875 0.9048893234375001 0.8254311515625 0.8809518234375 0.797998534375 0.8739882812499999 0.7975087890625 0.8744238281250001 0.7656674796875 0.9314375 0.7806899421875 0.9355722656250001 0.8011010734375 0.9166399734375 0.8200424796875 0.9048893234375001
2 0.8007563484375 0.9918053390624999 0.8146938484374999 0.9368261718750001 0.8096762703125 0.9173235671875 0.8060527343749999 0.9130514328125001 0.7949189453125001 0.9230553390624999 0.77664501875 0.9581861984375 0.77148828125 0.99719140625 0.7911396484375001 0.9993489578125001 0.8007563484375 0.9918053390624999
16 0.4472973640625 0.3174700515625 0.44969384687499997 0.3189733078125 0.4519497078125 0.335130859375 0.491564940625 0.3298704421875 0.4979086921875 0.32254296875 0.49508935625 0.2924817703125 0.429533690625 0.2924817703125 0.41769140625 0.3035670578125 0.4224848625 0.335130859375 0.44461865156249997 0.3323125 0.4472973640625 0.3174700515625
10 0.5095468750000001 0.34387304687500003 0.4947255859375 0.3276217453125 0.4842197265625 0.33287174531249997 0.46303954999999997 0.335931640625 0.4617060546875 0.3533743484375 0.472775390625 0.361875 0.486470703125 0.3553743484375 0.5095468750000001 0.34387304687500003
10 0.7605737296874999 0.4618502609375 0.7470888671875 0.4538326828125 0.7329814453125 0.45300325468749997 0.712235840625 0.44857942656249994 0.704767090625 0.445814453125 0.7010327140625 0.4759505203125 0.72323095625 0.4928157546875 0.740865234375 0.49972786406249997 0.7520678703125 0.4861803390625 0.7605737296874999 0.4618502609375
16 0.7663828125000001 0.45079166718749997 0.7630634765625001 0.4629563796875 0.76825 0.48203320312500003 0.7707392578125 0.48866862031249997 0.786298828125 0.4510677078125 0.7842241203125 0.4261848953125 0.7798676765625 0.43530859375000003 0.7609887703125 0.4405618484375 0.7470888671875 0.43807356718749996 0.742732421875 0.4411145828125 0.707067871875 0.4240364578125 0.704767090625 0.42812044218749995 0.7331889640625 0.44747330781250005 0.7423173828125 0.45079166718749997 0.7663828125000001 0.45079166718749997
16 0.38910986406250003 0.51715625 0.39646484375 0.5082447921875 0.39486621093749996 0.504939453125 0.386101075 0.5011158859375 0.3837607421875 0.5023040359375 0.3853208 0.514482421875 0.38910986406250003 0.51715625
