9 0.47688644375000006 0.0569617671875 0.41355762812499997 0.136317571875 0.3976604125 0.24055084531249998 0.399201478125 0.301430196875 0.43089948749999996 0.3992613828125 0.4619194484375 0.4443539828125 0.51014625625 0.48501655625 0.5614280078125 0.5018968187499999 0.62851231875 0.5057885484375 0.6719486890625 0.49166396875 0.7478528359375 0.4324772421875 0.77573740625 0.35816677812500003 0.7967611171875 0.2513061671875 0.790971990625 0.1743732203125 0.7452424578125 0.0633270828125 0.692268959375 0.033076915624999995 0.6156088078125 0.00941864375 0.5312343484375 0.0205097296875 0.47688644375000006 0.0569617671875
9 0.904513628125 0.8311571953125 0.8358255703124999 0.8539881046875 0.8080024421875001 0.8532640656250001 0.7943192890625 0.868889303125 0.729070334375 0.8671114859375001 0.719221496875 0.9175691671875 0.7196509984375 0.9542866812499999 0.7199679999999999 0.9690403171874999 0.7190903015625 0.97153206875 0.9002750953125 0.942835215625 0.9302404203125001 0.8980435515625 0.904513628125 0.8311571953125
2 0.7257061109375 0.8639312625000001 0.7994105609375 0.868963990625 0.80605308125 0.8536232968749999 0.73814118125 0.8476731203125001 0.7257061109375 0.8639312625000001
4 0.390503290625 0.8567784250000001 0.404208909375 0.897654725 0.510114753125 0.89553604375 0.495256784375 0.836331571875 0.45956051875000004 0.83620305 0.40393873124999996 0.841157840625 0.390503290625 0.8567784250000001
12 0.3092718375 0.8874287531249999 0.31955655312500003 0.9213218484375 0.34363384531249996 0.9540643187500001 0.36896415625 0.9979895734375 0.40750711562499997 0.98809168125 0.44474373749999996 0.9666743546875001 0.5517494578125001 0.9756230140625 0.5827276625 0.9638630453125 0.5886005546875 0.9468724359375 0.5820325421875 0.9037695031249999 0.529266825 0.86798356875 0.5110483109375 0.8656954296875 0.505721121875 0.9006815156249999 0.38638191875 0.8906143140625 0.3895601453125 0.8649348531250001 0.341798946875 0.8526180999999999 0.3184167421875 0.86183955 0.3092718375 0.8874287531249999
9 0.3503826578125 1 0.34896178125 0.9850280453125 0.33722935781249996 0.953433434375 0.313786028125 0.8581296171874999 0.2745170453125 0.84710549375 0.21128110156250002 0.879192684375 0.192503859375 0.907687190625 0.1828963984375 0.938523325 0.2309680375 1 0.29386444218749996 1 0.31201833749999996 0.9891157953124999 0.312555034375 1 0.3503826578125 1
10 0.19960145468749999 0.828789953125 0.1803849203125 0.818356840625 0.1560003625 0.82458346875 0.12782931250000001 0.8382660859375 0.1299655359375 0.849513690625 0.15719132656249998 0.8645891499999999 0.1822728921875 0.85980609375 0.20302586093750002 0.8492908109374999 0.19960145468749999 0.828789953125
4 0.38913202343750003 0.7208937421875 0.39270832499999997 0.7434736203125001 0.4178267765625 0.8143360625 0.42506826875000003 0.821676125 0.43862267031249996 0.8195293187500001 0.5124318328124999 0.737241784375 0.446345390625 0.6562799265625 0.38913202343750003 0.7208937421875
10 0.45580026093750003 0.4736223984375 0.4448464171875 0.49669792343749997 0.5048468109375001 0.6201057375000001 0.5349432796875 0.670000978125 0.5544907484375 0.637327703125 0.5042417546875 0.47793085625 0.48087062812500003 0.47227270781249997 0.45580026093750003 0.4736223984375
10 0.37129003437499997 0.5328934734375 0.3835589765625 0.548092321875 0.43316945 0.5459485828124999 0.434285903125 0.5479543625 0.43379687499999997 0.5458492078125 0.41981589374999995 0.5157801875 0.3724177796875 0.5170015890624999 0.37129003437499997 0.5328934734375
