10 0.41124036249999996 0.18639447656250002 0.40783765625 0.21370548125000002 0.47720865156250003 0.27770630937499996 0.537170496875 0.26975428125 0.5000228796874999 0.1970247796875 0.4617704671875 0.1841631640625 0.41124036249999996 0.18639447656250002
10 0.301419609375 0 0.2977927046875 0.0155817828125 0.3337699625 0.0918344921875 0.3492622640625 0.135876165625 0.41034015625000003 0.1720078015625 0.48899121250000005 0.197165896875 0.48932501406249995 0.17962431406249998 0.5509639078124999 0.165823165625 0.6036672296875001 0.10744377812499999 0.580804496875 0.030118525 0.55431595625 0 0.301419609375 0
10 0.5934383000000001 0 0.6086170171874999 0.054464703125 0.5996557218749999 0.06357469375 0.536038740625 0.16668019375 0.48766990468750004 0.1805375328125 0.5080906234375 0.2142762828125 0.5553484937500001 0.29417423593750003 0.69864123125 0.46901726093749996 0.7117011015625 0.45957237500000003 0.6312115875 0.35916692031249997 0.7407486249999999 0.3859943890625 0.8618638328125 0.404640703125 0.8852981109375 0.3044893609375 0.915094853125 0.3241344625 0.9764806234375 0.3983080484375 1 0.40629500468749996 1 0.3918415078125 0.8849847796875 0.24435619218750002 0.8986867453125 0.21577470468749999 0.89008643125 0.1536547609375 0.7650507875 0.07524301718750001 0.6293087921875 0 0.5934383000000001 0
2 0.51760355625 0.178763284375 0.492675465625 0.1743309109375 0.50027855 0.19731450781249998 0.5280318578125 0.2121776171875 0.5658968718749999 0.2342090625 0.6554372609375 0.2517828671875 0.6918748046875 0.24408028437499998 0.7441414765625 0.2683594265625 0.8202909500000001 0.2735513671875 0.8504276640624999 0.24176747812500002 0.8423019921874999 0.2070227390625 0.7489142171875 0.19905324687499998 0.6734922625 0.19113700312499998 0.5805412859375 0.1583834984375 0.51760355625 0.178763284375
2 1 0.20939696875 0.9199712343750001 0.18844076406250002 0.879475715625 0.2092691296875 0.87594480625 0.2396375671875 0.9275803937499999 0.2932866984375 1 0.2877194390625 1 0.20939696875
4 0.9433333062499999 0.42719745 0.9793186046875 0.4267490625 0.9767753796875001 0.3993308015625 0.9631016328124999 0.3943580921875 0.9296795078125 0.40242321406250003 0.9433333062499999 0.42719745
2 0.9037216015625 0.33068179999999997 0.8672924609375 0.3230018625 0.8552948453125 0.37005396562500004 0.8735034421875 0.40778098749999997 0.8512174312499999 0.40846244218749994 0.8529429640625 0.444873071875 0.8688993921874999 0.468316903125 0.8980811921875 0.473543821875 0.9234734109374999 0.457378353125 0.9250378593749999 0.35292468593750004 0.9037216015625 0.33068179999999997
10 0.947658784375 0.6142033078125 0.9775742765625001 0.5828185171875 0.9937302296875 0.5099158625 0.9768518484375001 0.43590779062499996 0.948995153125 0.4282878171875 0.9280903578125 0.4349484390625 0.9153858421875001 0.46492461093750004 0.9102908578125 0.483998975 0.9004818406249999 0.546863278125 0.91987775625 0.595154734375 0.947658784375 0.6142033078125
5 0.637510940625 0.46720437812500004 0.7491673734375001 0.6031342765625001 0.79310344375 0.607154125 0.8680906140625 0.616820984375 0.9106751046875001 0.6081946546875 0.9142074687499999 0.5778260953125 0.882674159375 0.531670540625 0.8657858031250001 0.467563234375 0.82228060625 0.414771553125 0.7298746796875 0.3739781296875 0.7145007546875 0.39465430625 0.6785515109375 0.43833609687499997 0.637510940625 0.46720437812500004
2 0.6251171531249999 0.5458010328125 0.6495708875 0.5573347375 0.705396984375 0.5697454703125 0.7211207125 0.572396690625 0.6932477390625 0.5387499124999999 0.6515090125 0.536505871875 0.6357182421875 0.5374751140625 0.6251171531249999 0.5458010328125
10 0.84224355625 0.7037323640625 0.8362126734374999 0.66107318125 0.8016489546875001 0.6358496140625001 0.7734481203125 0.6411088234375 0.7597664375 0.6712658031250001 0.84224355625 0.7037323640625
16 0.6638539328124999 0.4401943703125 0.65061675625 0.4120952015625 0.6320071578124999 0.4064521296875 0.61985175 0.4328493421875 0.6013188375 0.509196553125 0.62888075 0.5211257109375 0.6398980140625 0.5169628453125 0.6497990109375 0.483080271875 0.6401473890625 0.4714797703125 0.6373488875 0.46323121718750004 0.6530054609375 0.45070131875 0.6638539328124999 0.4401943703125
16 0.48623812656250004 0.3898176203125 0.5289503953125 0.39496386562499997 0.5876463921874999 0.383966103125 0.564534728125 0.3640109859375 0.47026710937500005 0.3684627734375 0.48623812656250004 0.3898176203125
2 0.6164733953125 0.39905250625 0.5850820109375 0.39705580625 0.573636334375 0.409240915625 0.580157696875 0.42044574843750004 0.58968673125 0.42990435 0.6172013781250001 0.43763073906249994 0.630908484375 0.4050448109375 0.6164733953125 0.39905250625
9 0.41345929375 0.1902090203125 0.248800934375 0.0675682453125 0.2392994859375 0.0904367109375 0.270015590625 0.130098746875 0.295345628125 0.1600048421875 0.31731378593750004 0.198837125 0.38453120625000003 0.255451040625 0.5429957640625 0.348155109375 0.597461609375 0.388500225 0.6300579859375001 0.4040608984375 0.6552027921875 0.414825990625 0.6092548984375 0.3631242671875 0.5967154156250001 0.355962609375 0.5880450234375 0.343540646875 0.5906811796875 0.3301937921875 0.52314405 0.2768826734375 0.4797365171875 0.276725540625 0.457748015625 0.267710940625 0.40176549531249994 0.2061510296875 0.41345929375 0.1902090203125
10 0.57128898125 0.828862409375 0.59358775 0.842188565625 0.5978374265624999 0.8267519078125 0.5571664125 0.803529540625 0.552642515625 0.809352846875 0.57128898125 0.828862409375
10 0.7701895359375001 0.9072988328125 0.7611049796875 0.890019303125 0.7358482109375 0.8760192484375 0.7144353890625 0.868549434375 0.7019086640625 0.8901119062499999 0.7606425890625 0.9115727515625001 0.7701895359375001 0.9072988328125
16 0.7768667 0.8727938890625 0.7867315015624999 0.8687525890625001 0.778056290625 0.8579514078124999 0.74871073125 0.8449419765625 0.7439606953125 0.8535112671875 0.7768667 0.8727938890625
