4 0.7191866609375 0.362739671875 0.7289924203125 0.3855372265625 0.7503116999999999 0.40810952343749995 0.7753554171875 0.41107843749999995 0.793565828125 0.40082591875 0.8121359109374999 0.3731938 0.831920034375 0.3432313125 0.837036615625 0.325423559375 0.8356171375000001 0.318978371875 0.8234074546875 0.278929078125 0.8054739015625 0.257852825 0.7769627234375001 0.23943990624999997 0.7531369796875 0.2872631875 0.73469616875 0.310652125 0.7386374171875 0.3282451 0.7363329875 0.3542934671875 0.7191866609375 0.362739671875
4 0.646384290625 0.013746059375 0.6041889359375 0.0182932140625 0.5957572234375 0.046694437500000005 0.5856119109375 0.0971885421875 0.60781174375 0.122969471875 0.617758421875 0.169945353125 0.679488103125 0.17141332812500001 0.8103972625000001 0.26701977499999996 0.7789700578125001 0.1860654140625 0.7608305765625001 0.12965215937500002 0.7353054421875 0.07048258125 0.70720195625 0.0430587421875 0.646384290625 0.013746059375
9 0.5407858703125 0.092937709375 0.535889290625 0.10942416562499999 0.5187595 0.2096655359375 0.538474259375 0.272929853125 0.5407858703125 0.092937709375
9 0.5656695203125001 0 0.5663746875 0.0067818703125000004 0.541005709375 0.092197528125 0.5670756109374999 0.09652068593749999 0.5802190765625 0.11244560625 0.59242745625 0.125932953125 0.5938009703125 0.1771319375 0.6006719578124999 0.1968624875 0.6147582453125 0.1639606515625 0.609627921875 0.12678606875 0.5856637140625 0.09823980156249999 0.5923410203125 0.032300275 0.602391803125 0.018189868749999998 0.6370565828125 0.0123398734375 0.6708942812500001 0.0226502328125 0.72405740625 0.0558333921875 0.6995026484375 0 0.5656695203125001 0
9 0.51976134375 0.1608169359375 0.5162210703125 0.1512206578125 0.5026063078125 0.11521023125 0.47170338593750005 0.1079668734375 0.4256498203125 0.1354309609375 0.40438624218749997 0.1487190125 0.402226734375 0.1733138984375 0.434377146875 0.183807078125 0.46044115625000004 0.17752992031249998 0.498593859375 0.164282321875 0.51301004375 0.161544171875 0.51976134375 0.1608169359375
8 0.47944988593750004 0.105953075 0.4913534515625 0.1024800625 0.479512034375 0.06398877187499999 0.4545320390625 0.045618209375 0.4125832703125 0.0398184359375 0.3792782609375 0.04188508125 0.3634879578125 0.0721788296875 0.369671215625 0.10568703125000001 0.38433765625 0.1457254359375 0.4089460734375 0.153055003125 0.43047773125 0.13313965156250002 0.47944988593750004 0.105953075
2 0.36375652812500003 0.296618771875 0.32744458593750003 0.2569678625 0.3051729703125 0.2291689109375 0.3036868453125 0.2078987515625 0.276353853125 0.20720645937499999 0.261554940625 0.197043546875 0.2491240984375 0.2241833765625 0.26440817031249997 0.2649160546875 0.305655121875 0.3082648140625 0.3307656921875 0.3489541421875 0.33586684375 0.354917428125 0.3578258515625 0.359008684375 0.37212819218750004 0.336742678125 0.36375652812500003 0.296618771875
11 0.24997047499999997 0.1815035578125 0.2900556859375 0.20992026406250003 0.3120773171875 0.194943371875 0.306833834375 0.24355583906249997 0.34157103437499997 0.27635548125 0.3579884828125 0.3008094140625 0.3690107265625 0.2690837546875 0.366793953125 0.2312572578125 0.376431734375 0.225227634375 0.395062825 0.23438600312500002 0.4006262078125 0.20958164375 0.39922349687500003 0.1664607765625 0.3823107703125 0.1361382484375 0.37030799375 0.1231945078125 0.3698873140625 0.10378362031249999 0.328738828125 0.07717373125 0.26402683437499996 0.09082989375 0.258120365625 0.1047472984375 0.215076175 0.121736096875 0.24672783437499998 0.1519922875 0.24997047499999997 0.1815035578125
9 0.41700866718749996 0.29151536875 0.4202160703125 0.26232467812500004 0.45130003125 0.24806263906249998 0.479242409375 0.27415046875 0.49267598125 0.287167509375 0.5086207921875 0.23071930937500001 0.4840813953125 0.20891660625 0.4525531625 0.1734873046875 0.40796286718749997 0.21483633593749998 0.38855379375 0.2302082140625 0.3890028390625 0.280829896875 0.41371075 0.331459571875 0.4424488578125 0.362367678125 0.43928715625 0.34680548906249997 0.4190261171875 0.3214969453125 0.41700866718749996 0.29151536875
2 0.67765420625 0.1607117953125 0.6254091359375 0.1713312953125 0.6102202812499999 0.185777234375 0.609318440625 0.2164803828125 0.6164664078125 0.2600924078125 0.6210484046875 0.28089666874999997 0.6209711375 0.3371281203125 0.6296576203125 0.38958506718749997 0.6299719406250001 0.42023179062500005 0.6565679171875 0.46371958593749996 0.65705621875 0.47789020156250006 0.654185109375 0.4954016421875 0.6645681171875 0.51438870625 0.6912379328125 0.5217916953125 0.7036236328125 0.5077951890625 0.7017262546875 0.487038859375 0.6956872921875 0.471306825 0.7163584703125 0.4235794359375 0.715916384375 0.394212190625 0.7090667671875 0.3554081953125 0.7082699328125 0.2856134 0.701715546875 0.27418175312500004 0.7046478890625 0.20039869375000002 0.6922106703125 0.176866384375 0.67765420625 0.1607117953125
2 0.5665032484375 0.369549971875 0.5989789828125 0.37595471406250003 0.6174570312500001 0.36927125781250003 0.6235409656249999 0.3464248109375 0.6189165015625 0.24892320156249997 0.5981937562499999 0.1981632421875 0.587333603125 0.12069586406249999 0.5735576375 0.099319115625 0.5601628171875 0.1200493953125 0.5624196375 0.275071253125 0.5665032484375 0.369549971875
4 0.552199584375 0.570158878125 0.4972219296875 0.548884328125 0.5646762421875 0.6145593140625001 0.6084847328125 0.55914826875 0.538566059375 0.4558239109375 0.528685796875 0.4717242640625 0.55273859375 0.5343839453125 0.552199584375 0.570158878125
4 0.21292733125000002 0.3303801546875 0.2063767859375 0.3444602765625 0.2235740953125 0.389260803125 0.25096827187500004 0.4160117453125 0.287746678125 0.45458068125000006 0.31222253437499997 0.5132931968750001 0.33077320781249997 0.54815090625 0.382302053125 0.5460195328124999 0.41846042812500006 0.5509870718750001 0.452239125 0.5834256515625 0.485337909375 0.5720051046875 0.4615743390625 0.547549371875 0.4320253765625 0.5143437390625001 0.4458347734375 0.5107559890625 0.39230430312500003 0.431070271875 0.3315885640625 0.38022648281250004 0.30661669375 0.3646403796875 0.2910833765625 0.35341354062499997 0.2654934140625 0.3456740546875 0.24784963124999998 0.3451650328125 0.23313948281250002 0.33967442187499997 0.21292733125000002 0.3303801546875
9 0.4214932671875 0.2813807734375 0.423027553125 0.32662593125 0.4333562390625 0.3552156375 0.3988924609375 0.295738028125 0.385317665625 0.2671094984375 0.36998003281249997 0.264192221875 0.3620359375 0.2813770484375 0.367734953125 0.3147428015625 0.38771085312500003 0.3549959125 0.40930931875 0.3801169609375 0.4390632296875 0.4264820703125 0.44091302343749994 0.45318697343750003 0.44770005 0.5036968171875 0.4541418984375 0.5676187578125 0.47491897187500004 0.5729219718749999 0.4980560265625 0.5473345265625 0.52730201875 0.5528140046875001 0.5572511921875 0.5820113515625 0.5530687875 0.5424947718750001 0.5284739218750001 0.4876834109375 0.531323665625 0.4681703546875 0.54580748125 0.4401002390625 0.5542962609375001 0.43939278281250005 0.546395325 0.3388407453125 0.534951896875 0.23622624375 0.509391875 0.23361562187499998 0.5031025609374999 0.2441682921875 0.48885923125 0.28936161875 0.46500745937500004 0.265105534375 0.42755432656250003 0.25592375624999997 0.4214932671875 0.2813807734375
10 0.7522761124999999 0.44335340468749995 0.7130886734375 0.40096870312500005 0.7078444187499999 0.4453887234375 0.6967340546874999 0.47621116093750004 0.70036169375 0.4932377828125 0.7522761124999999 0.44335340468749995
10 0.5532701640625 0.439186075 0.5527783828125 0.47578484374999996 0.5715708640625 0.5036961890625 0.60696570625 0.547079990625 0.5974018937500001 0.57688046875 0.6703470453125 0.5253199484375 0.6679107953125001 0.5189733015625 0.6525481734375 0.498312890625 0.6529414375 0.4690337765625 0.6367725281250001 0.43112031718750005 0.626903659375 0.4087793484375 0.6212681 0.3621104515625 0.5826315296875 0.39193360781250003 0.5710728796875 0.44263296875 0.5532701640625 0.439186075
10 0.3583078890625 0.24697433124999998 0.3404959984375 0.273387296875 0.3377977015625 0.3240598375 0.36107293125 0.3654610015625 0.39552447812499997 0.387890465625 0.4214684125 0.41288758281250004 0.42810704531250005 0.4452945 0.4352219796875 0.48031509687499996 0.44239915781250005 0.48664851562500006 0.4453831828125 0.48480412968750003 0.441913040625 0.44279139062499995 0.4262254625 0.39917652812500004 0.3884424546875 0.35845026875 0.3588216171875 0.3348653953125 0.352859678125 0.30010112968749997 0.368985603125 0.261052496875 0.4118222703125 0.25998948125 0.4644906125 0.285913315625 0.5142248390625 0.32205193125 0.5550156203125 0.3651190578125 0.6568961203125 0.55580146875 0.6599253734375 0.5408730515625 0.6422058453124999 0.5043301421875 0.6154055234375 0.45099847187500003 0.5786287359375 0.38541704375 0.5491114125000001 0.340120034375 0.5187480515625 0.3077317109375 0.471102440625 0.27428679375 0.40432114375 0.23770105 0.3583078890625 0.24697433124999998
10 0.5618510999999999 0.25331964375 0.5597984546875 0.17790512187500002 0.5677369515625 0.09771993749999999 0.5411248671875 0.09628605 0.53807528125 0.20511975 0.5419528421875001 0.316886590625 0.5492391125 0.3812044453125 0.5555484875000001 0.43610989062499994 0.5602263046875 0.4482960203125 0.57566106875 0.4486631296875 0.5691337796875 0.395938925 0.5646141546875 0.33195771875 0.5618510999999999 0.25331964375
13 0.2980326078125 0.3383302875 0.3247945609375 0.3477085390625 0.2959332640625 0.290623359375 0.2613206265625 0.253553903125 0.23807065624999998 0.221948325 0.1938066890625 0.22972847187499998 0.1597147859375 0.247113525 0.172827815625 0.2752415140625 0.1703430828125 0.3001449125 0.21163491875 0.33772005312500003 0.22405838125000002 0.3169847328125 0.2980326078125 0.3383302875
10 0.170352278125 0.15535395000000002 0.18781578125 0.2008479328125 0.20679446562499998 0.2285658984375 0.2213078203125 0.21931075 0.2050574609375 0.2083534703125 0.1915498859375 0.175578725 0.1744400671875 0.12135136875000001 0.16497349687500001 0.093032128125 0.150950671875 0.0984149875 0.1545109234375 0.110465278125 0.170352278125 0.15535395000000002
10 0.40342302031250005 0.420975915625 0.3738161953125 0.39432582968749996 0.37809978125 0.374188415625 0.3502298203125 0.3550913046875 0.33482906875 0.3553523640625 0.3154689765625 0.3442900953125 0.2896148515625 0.35164560312500004 0.3793939859375 0.4219801 0.40342302031250005 0.420975915625
