2 0.36387391406249997 0 0.316105471875 0.00916504375 0.1652027609375 0.1270631625 0.20143071875000002 0.1136954984375 0.3333654625 0.0932443296875 0.37738685 0.060031304687499995 0.41061309062499995 0.045875743749999996 0.422266640625 0.0177127046875 0.4051858109375 0.0151226578125 0.36872096249999997 0 0.36387391406249997 0
10 0.400870665625 0.05154438125000001 0.390182709375 0.104749809375 0.383395253125 0.1289389875 0.4693186921875 0.1255495546875 0.517383096875 0.041962192187500004 0.489789584375 0.0157143453125 0.4335232875 0.036656726562500005 0.400870665625 0.05154438125000001
10 0.040524884375 0.2943909359375 0.162445834375 0.27586104218749996 0.261168775 0.2559796046875 0.20506433125 0.370087003125 0.221881546875 0.3734736828125 0.4126785359375 0.0644633203125 0.39083549687499997 0.0467076828125 0.31056841875 0.12535425312499998 0.26270767031250003 0.1049082109375 0.1805537875 0.11538633281249999 0.179720775 0.11572044687500001 0.041438081249999995 0.22375872812500003 0.0505943859375 0.23812793906250002 0.040524884375 0.2943909359375
2 0 0.38262815781250004 0.020524015625 0.3900915 0.036424662499999996 0.37748882968749997 0.055659875000000004 0.354573653125 0.05494764375 0.303783090625 0.037754190625 0.295378675 0.05174117499999999 0.23959576249999998 0.040152596875 0.224763059375 0 0.25613370468749996 0 0.38262815781250004
5 0.0073592796875 0.4799382234375 0.0155922671875 0.5591602546875001 0.0625993265625 0.549045340625 0.166257990625 0.5378356906249999 0.20488582656249998 0.5027435296875 0.2640851015625 0.3916274015625 0.2854311 0.35665451875 0.26774363125 0.337209428125 0.2500357875 0.33690757968749996 0.24656459062499997 0.3404513421875 0.2110137328125 0.3732162140625 0.2181037296875 0.35354017031249996 0.22158286875000002 0.31007311406250004 0.1996370296875 0.27399702812500004 0.16015528437499998 0.2665899921875 0.08314827500000001 0.311785965625 0.0472291421875 0.4063760875 0.0073592796875 0.4799382234375
9 0.5464952390625 0 0.513269325 0.036444326562500004 0.46035298750000003 0.12685142031250002 0.3906163859375 0.1414196328125 0.323983728125 0.21426853281249997 0.25718206875 0.318849996875 0.36121676406250003 0.24754818125 0.608103465625 0.038028218749999995 0.6280422812500001 0 0.5464952390625 0
16 0.318988290625 0.4103465609375 0.295391525 0.309862875 0.2642029125 0.324251090625 0.28409229687500004 0.427050490625 0.318988290625 0.4103465609375
16 0.45416391718750004 0.249521440625 0.356845028125 0.2415633796875 0.336080928125 0.26610263437500004 0.435884565625 0.2804348625 0.45416391718750004 0.249521440625
2 0.2877553546875 0.4437674203125 0.22509854687500003 0.45324811875000004 0.20532498124999998 0.499680471875 0.263040015625 0.48387459218749995 0.294481734375 0.46949684375 0.3055227375 0.4591720671875 0.2877553546875 0.4437674203125
9 0.24195005625000002 0.5744908109375 0.22554429687500002 0.587732496875 0.1923813640625 0.637410559375 0.22954755 0.6777834078125 0.2474871984375 0.6525051546875 0.2652077078125 0.6140427374999999 0.24195005625000002 0.5744908109375
9 0.1708769640625 0.825499509375 0.173645678125 0.840751928125 0.1784365453125 0.8391644703125 0.21275899531250003 0.8116441890624999 0.1940423046875 0.8094325046874999 0.1708769640625 0.825499509375
