4 0.27827291718749997 0.7225351859375 0.29173125 0.7169555562500001 0.2964177078125 0.681896296875 0.2737864578125 0.619703703125 0.2515802078125 0.6208981484375 0.23789687499999998 0.6348481484375 0.2473177078125 0.6914462968749999 0.26346875000000003 0.7229333328124999 0.27827291718749997 0.7225351859375
2 0.37832499999999997 0.5283796296875 0.3241791671875 0.50656851875 0.3236833328125 0.5533074078125 0.346015625 0.5621259265624999 0.3777770828125 0.573590740625 0.37832499999999997 0.5283796296875
4 0.4717364578125 0.53606851875 0.4315375 0.48227592656249996 0.416153125 0.52019444375 0.44940416718750004 0.5519425921875001 0.47421770781249994 0.5510611109375 0.4717364578125 0.53606851875
10 0.40895000000000004 0.6555240734375001 0.4450635421875 0.6615018515625 0.46451562500000004 0.661777778125 0.48188541718750005 0.6432574078125 0.5364760421875 0.581527778125 0.55335 0.5541888890625 0.5866 0.5497796296875 0.5851114578125001 0.501277778125 0.54243125 0.50745 0.480396875 0.5365518515625001 0.4689822921875 0.5497796296875 0.42580625000000005 0.54184444375 0.39503750000000004 0.50480555625 0.38362291718749997 0.5259703703125 0.3756822921875 0.573590740625 0.3578166671875 0.5700629625 0.32307708281249997 0.6220925921875 0.3498760421875 0.680296296875 0.4 0.6908777781250001 0.40895000000000004 0.6555240734375001
2 0.37795 0.749753703125 0.4360145828125 0.7832648140625 0.47720520781250003 0.7920833328125 0.481175 0.78061851875 0.47224270781250005 0.7506351859375 0.4325770828125 0.7182870375 0.39879375 0.7056611109375 0.3784458328125 0.7197703703125 0.3665354171875 0.7338796296875 0.37795 0.749753703125
10 0.49209375 0.88026851875 0.49705625 0.8176574078125001 0.4598354171875 0.8114833328125 0.45437604218749994 0.8088388890625 0.45388020781250005 0.8264759265625001 0.4548729171875 0.88026851875 0.49209375 0.88026851875
10 0.52596875 0.6842611109375001 0.4966875 0.67720555625 0.468896875 0.7230629625 0.481303125 0.7944925921875 0.5061166671875 0.7997851859375 0.5056208328125 0.808603703125 0.5170354171875 0.7856740734375001 0.52596875 0.6842611109375001
2 0.49371041718750003 0.7001333328125 0.49371041718750003 0.6630962968749999 0.5006583328125 0.65075 0.492221875 0.6304666671875 0.48428125 0.6445759265625 0.468896875 0.6525129625 0.44808854218749994 0.6940203703125001 0.4485489578125 0.7204166671875 0.468896875 0.74158148125 0.49371041718750003 0.7001333328125
2 0.5696458328125 0.5819648140625 0.5984468749999999 0.6008333328125001 0.6152645828125001 0.5587537031250001 0.618353125 0.5453351859375 0.610459375 0.5178925921875 0.5908958328125 0.51179444375 0.5810604171875 0.5422796296875 0.54830625 0.5546259265625 0.49214062500000005 0.6068814812500001 0.50661875 0.6331129625 0.540365625 0.6348759265624999 0.547809375 0.6225296296875 0.5696458328125 0.5819648140625
2 0.7314322921875 0.7504 0.740365625 0.7248259265625 0.734409375 0.7001333328125 0.734409375 0.683377778125 0.6546979171875 0.54731851875 0.6291989578125 0.56344444375 0.7071145828125001 0.7345259265624999 0.7210104171875 0.73981851875 0.7314322921875 0.7504
2 0.6707333328125 0.6251759265625 0.6642812499999999 0.58901851875 0.6325197921875 0.574909259375 0.61763125 0.5625629625 0.6122291671875 0.5671740734374999 0.6052239578124999 0.5863740734375 0.6166385421875 0.6145925921875001 0.646415625 0.6207666671875 0.6707333328125 0.6251759265625
2 0.5954520828125001 0.6622129625000001 0.6207625 0.654277778125 0.625725 0.628703703125 0.6043854171875 0.6225296296875 0.5746604171875 0.5892333328125 0.5622020828125 0.583727778125 0.5547572921875 0.6198851859375 0.5954520828125001 0.6622129625000001
10 0.6301916671875001 0.6181203703125 0.6167927078125001 0.602246296875 0.5875114578125 0.6057740734375 0.61279375 0.6228740734375 0.6211239578125001 0.6374888890625 0.6371395828125 0.654277778125 0.6664197921875 0.6860240734375 0.6639385421874999 0.6719148140625 0.6510354171875 0.6313481484375 0.6301916671875001 0.6181203703125
2 0.5779229171875 0.669003703125 0.583934375 0.661077778125 0.5752072921875 0.6428129625000001 0.5515458328125 0.6262703703125 0.533703125 0.639022221875 0.5176052078125 0.6386759265624999 0.4982114578125 0.642122221875 0.4989864578125 0.6586648140625 0.5158604171875 0.6827888890625 0.5319572921875 0.6903722218749999 0.5472791671875 0.680377778125 0.5779229171875 0.669003703125
9 0.734465625 0.024559259375 0.6876479171875001 0.05575740781250001 0.692621875 0.0926740734375 0.7345052078125 0.089703703125 0.732125 0.06563518593749999 0.7499739578125 0.05575740781250001 0.734465625 0.024559259375
7 0.43950625 0.7085851859375001 0.44556250000000003 0.68905555625 0.4442166671875 0.66115555625 0.4096739578125 0.6507925921875 0.400253125 0.6934388890625 0.43950625 0.7085851859375001
