5 1 0.463966265625 0.9582660015625001 0.3873708765625 0.8787379484375 0.2808255375 0.7790751609375001 0.3381707296875 0.7710889359374999 0.32187790625 0.7137747937500001 0.3216582421875 0.72142565625 0.35444882031249997 0.6943117015625 0.36752478593750004 0.722699821875 0.4456160921875 0.7959296796875 0.533162421875 0.8006847171875 0.5389751796875 1 0.470421603125 1 0.463966265625
10 0.7888008421875 0.26850806718750003 0.7669885734374999 0.24765795000000002 0.7198753703125 0.29655718750000004 0.700211140625 0.35232329375 0.70698945 0.36322541249999996 0.718398596875 0.35295256875000003 0.7161840390624999 0.3160766671875 0.7592707296875 0.3153415921875 0.7783307374999999 0.337859328125 0.7892029328125 0.329689046875 0.7888008421875 0.26850806718750003
10 0.55028396875 0.2832523359375 0.543236840625 0.3098420921875 0.5730346749999999 0.34293593906250003 0.5914909625 0.35870940625 0.6250472 0.368984221875 0.65591928125 0.361432353125 0.6631674921874999 0.341138871875 0.65202675625 0.31392020625 0.6294102625 0.284077728125 0.598538553125 0.271385753125 0.5728342093750001 0.2718559390625 0.55028396875 0.2832523359375
5 0.6781548296875 0.39453140625 0.5499022578125 0.45251621875000003 0.5349362 0.4473663109375 0.5140643984375 0.46130111874999996 0.519432640625 0.5010052218750001 0.5246003046875 0.546558696875 0.588759753125 0.60296935625 0.781075315625 0.53438239375 0.7905682109375001 0.5322001484375 0.7243283796875 0.448511234375 0.7127178187500001 0.4038997390625 0.6938596218749999 0.38362990625000004 0.68453094375 0.376644221875 0.673054471875 0.38616715625000003 0.6781548296875 0.39453140625
9 0.4356635171875 0.47566325625 0.4666025375 0.481006765625 0.4776091296875 0.47028684062500004 0.4773408265625 0.43084897812499995 0.45304590781250004 0.4065664625 0.42687204218749997 0.377497440625 0.3937856015625 0.36841870625 0.3574099234375 0.3955027390625 0.34472568125 0.4360761078125 0.3601616671875 0.4707648578125 0.3911679453125 0.4849557390625 0.4023752140625 0.4805324578125 0.4356635171875 0.47566325625
9 0.3926243984375 0.33679134843749997 0.319202540625 0.367269946875 0.1644413734375 0.3114604515625 0.1535687953125 0.2872385109375 0.1437706453125 0.2790554703125 0.11806596875 0.36860231718750003 0.131890840625 0.4015025625 0.144373453125 0.415365909375 0.162964359375 0.41644244375 0.1657826140625 0.3993281734375 0.20370158124999999 0.413773153125 0.197258475 0.479498490625 0.2086670953125 0.49351931875000005 0.256988225 0.5026468546875 0.36262890468750003 0.4847381546875 0.3518858421875 0.46092880156250005 0.3479937015625 0.4458088765625 0.3449737296875 0.420185190625 0.3563829453125 0.40181488437499996 0.3766512640625 0.3770868921875 0.41114704687500003 0.3614120140625 0.4088656140625 0.3480809609375 0.3926243984375 0.33679134843749997
9 0.517439728125 0.47674178593749994 0.3387861015625 0.48212460156250003 0.2806662265625 0.497205159375 0.189459940625 0.51940373125 0.1301321796875 0.5452903328125001 0.0602677578125 0.566898009375 0.0565817875 0.5607699015625001 0.057035999999999996 0.5903691265625 0.136431059375 0.569898484375 0.1813292546875 0.55295561875 0.28316929687500003 0.5256648609375 0.359745275 0.5142108484375 0.52636605 0.5035256859375 0.5267014140625 0.48702793125 0.517439728125 0.47674178593749994
9 0.4123454765625 0.5350133828125 0.3173139265625 0.51854718125 0.2306037359375 0.5585610296875 0.180001053125 0.56039574375 0.152350653125 0.5836731890625 0.10939834531249999 0.5737602468749999 0.095841209375 0.6288857484375 0.0691974390625 0.675550015625 0.1286589484375 0.6957007453124999 0.105907384375 0.7493874734375 0.138926578125 0.8022549031249999 0.20295238124999998 0.7802365515624999 0.240669234375 0.8045800109375 0.23650815625 0.8512452640625 0.243889959375 0.9255766328125 0.3143589859375 0.858077334375 0.3835523796875 0.7925361640624999 0.362345071875 0.7419898984375 0.329527228125 0.7075665796874999 0.3301989578125 0.6421795671874999 0.311743253125 0.5859165890625 0.26442868750000004 0.5637356484375 0.3604675171875 0.5550016984374999 0.4123454765625 0.5350133828125
2 0.7681748859375 0.40969070781249994 0.7624468859375 0.4181395125 0.7556302078125 0.44675170625 0.753526484375 0.451841784375 0.7934862546875 0.4487727953125 0.7932689125 0.4298807703125 0.787404703125 0.413768515625 0.787023090625 0.3848210015625 0.7764948015625001 0.37751571875 0.7681748859375 0.40969070781249994
10 0.5696243671875 0.5556606984375 0.5904939390624999 0.5540176156250001 0.5925893531249999 0.52776294375 0.5625200078125 0.48759816406249995 0.5496917640625 0.463949846875 0.5374245375 0.451077865625 0.5143478828125 0.4686966953125 0.5385825343749999 0.5249460234375001 0.5696243671875 0.5556606984375
