5 0.989846190625 0.9313750921875 0.99951171875 0.9302542125000001 0.9980678718749999 0.9044725281250001 0.9928359375 0.8988674 0.854181640625 0.8960652015624999 0.5342685546875 0.8798117218750001 0.5223090828125 0.8786908421874999 0.524177734375 0.9016703296875 0.989846190625 0.9313750921875
10 0.7555898437499999 0.8831413921875001 0.761943359375 0.8652058609375001 0.7634384765625 0.8332586078125 0.7582060546875 0.8321377296874999 0.767549315625 0.8007516484374999 0.7473676765625 0.8001912093750001 0.742509278125 0.8164446890624999 0.7421357421875 0.7979487171875 0.7212065421875 0.7777721609375 0.6685107421875001 0.7581553109375 0.658419921875 0.698184615625 0.6311376953125001 0.7054710625 0.62441064375 0.8181260078125 0.6255317375 0.8803384609375 0.7488627937500001 0.8876249078124999 0.7555898437499999 0.8831413921875001
9 0.6344282234375 0.9111648359375 0.633307128125 0.91676923125 0.6385395515625001 0.92853919375 0.7159013671875 0.945353846875 0.7230024421875 0.9173296703125 0.6344282234375 0.9111648359375
9 0.36031054687499997 0.6488835171875 0.4686923828125 0.549679853125 0.458228028125 0.5233377296875 0.530731934375 0.48130183125 0.545681153125 0.40507765625000003 0.470935059375 0.30979707031250003 0.33788671875 0.3322161171875 0.32482568437500003 0.31490329687499996 0.30836230468750003 0.465608790625 0.25977734375 0.5222168500000001 0.36031054687499997 0.6488835171875
5 0.5195415031249999 0.4826021984375 0.501228515625 0.50109816875 0.46535058593749995 0.515109890625 0.464998046875 0.5294197796875 0.48254199218749994 0.5952578749999999 0.5542983390625 0.58516923125 0.5423388671875 0.4820417578125 0.5195415031249999 0.4826021984375
9 0.1990678703125 0.7810131874999999 0.2008681640625 0.9021113546875 0.417400390625 0.9102102562500001 0.39965625 0.7829413921875 0.1990678703125 0.7810131874999999
9 0.4106557609375 0.8289282046875 0.4903764640625 0.733669596875 0.4245424796875 0.676591940625 0.3286201171875 0.7390688640625 0.3263056640625 0.7386835171875 0.3440498046875 0.784191940625 0.4106557609375 0.8289282046875
5 0.659615234375 0.7029553109375 0.7245263671875 0.663473259375 0.747903809375 0.6345428578125001 0.7002417000000001 0.5300520140625 0.6900283203125 0.5358380953124999 0.6078676765625 0.6008468859375 0.6105913078125 0.6270549453125 0.6339682625 0.6883194140625 0.659615234375 0.7029553109375
9 0.56530859375 0.54345055 0.5584995109374999 0.5822520140624999 0.5902744140625 0.5917824171875 0.6025302734375 0.528815384375 0.634985840625 0.5117970703125 0.68514501875 0.4968212453125 0.7421123046875 0.5077128203125 0.7434741218750001 0.49409816875 0.6156943359375 0.432493040625 0.608204590625 0.43793919375 0.553052246875 0.432493040625 0.5485131828124999 0.43964102499999996 0.5276328125 0.47061391874999997 0.5460166015625 0.49307765625 0.5544140625 0.5226886453125 0.56530859375 0.54345055
10 0.7402968750000001 0.5734029296875 0.741658690625 0.5111164828125 0.730310546875 0.5026073265625 0.682875 0.5002249078125 0.619779296875 0.5138395609375 0.60094140625 0.534601465625 0.5968564453125 0.5945047625 0.608431153125 0.607438828125 0.70284765625 0.5386857140625 0.7173735359375 0.5771465203125 0.7402968750000001 0.5734029296875
11 0.8022729484375001 0.522347253125 0.7888818359374999 0.5107750921875 0.7698168953125 0.511455678125 0.7698168953125 0.5107750921875 0.7691362296875 0.513157509375 0.7847963859375 0.5393655671875 0.8022729484375001 0.522347253125
