12 0.3387089 0.63827579375 0.351429771875 0.6030363828125 0.3507643296875 0.53762349375 0.3399282953125 0.5201320421875 0.299611978125 0.5366674671875 0.294404309375 0.5468287859375 0.2877092984375 0.5459237734375 0.2635606234375 0.5694061546875 0.28075900625 0.6025120234375 0.2729848 0.6596794515625 0.29725450625 0.6641783640625001 0.3192997734375 0.6569472546874999 0.3387089 0.63827579375
9 0.584205790625 0.6506309046875 0.590429334375 0.6647298296875 0.655695190625 0.6687500749999999 0.6584359921875 0.61695769375 0.6334424890625 0.610656940625 0.581895403125 0.609469615625 0.584205790625 0.6506309046875
12 0.7824799828125 0.2923745515625 0.7936854703125 0.265281603125 0.7709043421875 0.21562026093750003 0.7287642265625001 0.1905124453125 0.7232489046875 0.212941646875 0.7217478953125 0.236784984375 0.6890104203125 0.294659196875 0.735007365625 0.3320146453125 0.74407095 0.314470359375 0.7824799828125 0.2923745515625
9 0.95537925625 0.2880073609375 0.962870571875 0.3001836328125 0.9754324593750001 0.31713248906249997 0.9927700093749999 0.28839246093750004 0.9798729765624999 0.27629794375 0.95537925625 0.2880073609375
11 0.8895225281249999 0.5167556859375 0.9221820578125 0.5134314 0.9319587578125 0.5007217859375 0.9008349046875 0.44726141249999996 0.85880255 0.4510316203125 0.8533065484375 0.461509159375 0.86908876875 0.49339374375 0.8895225281249999 0.5167556859375
10 1 0.373793909375 0.942439 0.3610048125 0.9472166375000001 0.3823454109375 0.9603468968750001 0.39664570781249997 0.981974521875 0.40088559687499997 1 0.416900196875 1 0.373793909375
9 0.325959334375 0.497401 0.3412904875 0.47160343125 0.3482685828125 0.4545315203125 0.3441100171875 0.4308446453125 0.333929075 0.42317887968749995 0.3203741140625 0.4296698 0.30919416875 0.4464655171875 0.309285234375 0.46883078125 0.30690633749999996 0.49502355 0.325959334375 0.497401
9 0.2784872328125 0.4076158890625 0.292226484375 0.42760603281250004 0.304967334375 0.41921623593749996 0.31654032656250003 0.394920990625 0.3100758125 0.3644927375 0.28023722812499996 0.3795844234375 0.2784872328125 0.4076158890625
9 0.34271909218749996 0.9196919296875 0.3659746671875 0.8829896875 0.365884546875 0.8459915062500001 0.3526851296875 0.8156681609374999 0.3197863078125 0.8159129890625 0.299791175 0.8437819937500001 0.301426234375 0.8880512265625 0.304672009375 0.9177435218750001 0.3159336703125 0.9203609734375 0.34271909218749996 0.9196919296875
9 0.6827993125 0.47802109687499994 0.7549219921875 0.5673881765625 0.8008380921875 0.591956153125 0.7932334484375 0.5379365296875 0.6989199875 0.47173430468750005 0.6827993125 0.47802109687499994
