9 0.8261245 0.69614254375 0.8497429999999999 0.69225986875 0.8566315 0.5662828953125 0.8465935 0.5775 0.827502 0.5775 0.8316355 0.5533399125 0.8125435 0.56153728125 0.810969 0.6862192984375 0.825337 0.688376096875 0.8261245 0.69614254375
9 0.8633235000000001 0.4562697375 0.8497429999999999 0.4325405703125 0.8310449999999999 0.5667149125 0.8304544999999999 0.5787938593749999 0.8479715000000001 0.5805197375 0.8633235000000001 0.4562697375
9 0.8200649999999999 0.5599166671875 0.832465 0.5530142546875 0.8383695 0.4960657890625 0.822427 0.50253728125 0.8200649999999999 0.5599166671875
9 0.85113 0.55387719375 0.8558534999999999 0.5689769734375 0.8540825 0.6720877187500001 0.8660885 0.6582817984375 0.87219 0.5124605265625 0.8615615 0.5008114031249999 0.85113 0.55387719375
9 0.8006265000000001 0.687 0.8132235 0.56533771875 0.802398 0.5523947375 0.8000365 0.5329802625 0.7929505 0.5269407890625 0.792754 0.5420405703125 0.7703165000000001 0.5515317984375 0.773072 0.5899287281250001 0.785078 0.6132258765625 0.781732 0.6800975874999999 0.780748 0.684411184375 0.789211 0.6904517546875 0.8006265000000001 0.687
9 0.6937439999999999 0.6283629390625001 0.665402 0.61843969375 0.6551669999999999 0.6520910093750001 0.6451295 0.73966995625 0.6900045 0.757358553125 0.690595 0.747867325 0.694925 0.664171053125 0.6937439999999999 0.6283629390625001
9 0.7461525 0.73276754375 0.7491045 0.619733553125 0.750679 0.601614034375 0.718007 0.6085164468750001 0.6963565 0.6171458328125 0.6936009999999999 0.64648245625 0.6934665 0.76205263125 0.7081660000000001 0.786696271875 0.7357210000000001 0.7940296046875 0.746743 0.7633991234375 0.7461525 0.73276754375
9 0.699309 0.6155756578125 0.71781 0.611260965625 0.7207625 0.60047478125 0.7160385 0.5849440796875001 0.6965535 0.5750208328124999 0.6808075 0.5814923249999999 0.6764875 0.607721490625 0.6778554999999999 0.6164375 0.69242 0.6332631578125001 0.699309 0.6155756578125
9 0.7237245 0.587117325 0.722937 0.608257675 0.7359275000000001 0.6130032890625 0.751673 0.6017861843750001 0.749311 0.6220625 0.7491145 0.6358684203125 0.7459655 0.7376853062500001 0.7630885000000001 0.7303508765625 0.761711 0.5979024125 0.7443905 0.5802149125 0.7237245 0.587117325
9 0.782377 0.59617763125 0.768403 0.597471490625 0.765844 0.6117083328125 0.7642694999999999 0.71352521875 0.7776535 0.7092105265625 0.779425 0.70662280625 0.784542 0.6324166671875 0.7855265 0.6121403515625 0.782377 0.59617763125
9 0.7652025 0.5798706140625 0.771107 0.5733991234375 0.7608725 0.5427686406250001 0.745914 0.5371600875 0.7319395 0.5423366234375 0.7264285 0.5729682015625001 0.748866 0.58418530625 0.7543770000000001 0.57641995625 0.7652025 0.5798706140625
9 0.5930925 0.521885965625 0.568511 0.5619122812499999 0.5074085 0.627341009375 0.4382285 0.655051534375 0.436473 0.67506469375 0.52602 0.64504495625 0.5123245 0.735875 0.58326 0.74357236875 0.5934440000000001 0.707393640625 0.644012 0.7050844296875 0.6563025 0.6581304828125 0.6636770000000001 0.595010965625 0.663901 0.495063596875 0.6605165000000001 0.48339802656249997 0.649279 0.467233553125 0.5930925 0.521885965625
9 0.5010765 0.5322368421875 0.549186 0.5568695171875 0.561828 0.6623245609375 0.575172 0.657706140625 0.5706070000000001 0.55609978125 0.6310075 0.49221052656250003 0.6397865 0.47065789531249996 0.6355725 0.45911184218749995 0.5639350000000001 0.44602521875 0.48808299999999993 0.5099144734375 0.4951065 0.6215274125 0.5073975 0.6161392546875 0.5010765 0.5322368421875
9 0.4945555 0.6145953953125 0.49244849999999996 0.583804825 0.4885855 0.514528509375 0.5331835 0.47758004375 0.5247555 0.45679714843749997 0.49209699999999995 0.45679714843749997 0.4499575 0.46680372812500004 0.4183525 0.47681030625 0.40852000000000005 0.528383771875 0.38148 0.569179825 0.3425005 0.5822653515625 0.32915649999999996 0.619983553125 0.3333705 0.633838815625 0.37796850000000004 0.6399967109375 0.400092 0.6407664468750001 0.447499 0.6376875 0.4945555 0.6145953953125
9 0.3369575 0.60150986875 0.338362 0.579956140625 0.40789299999999995 0.5545548250000001 0.41105349999999996 0.5160679828125 0.41105349999999996 0.49913377187499997 0.4159695 0.4875866234375 0.2907255 0.536463815625 0.28884750000000003 0.586114034375 0.293764 0.6022796046875001 0.3271245 0.619983553125 0.3369575 0.60150986875
12 0.39313950000000003 0.423801534375 0.3885745 0.394551534375 0.3666775 0.358348684375 0.3422205 0.4299605265625 0.3422205 0.449973684375 0.3650465 0.449973684375 0.39313950000000003 0.423801534375
12 0.2561815 0.446125 0.24986049999999999 0.39916995625 0.246349 0.377617325 0.233005 0.36068311406250003 0.21895799999999999 0.373768640625 0.21895799999999999 0.36376206093749996 0.20350700000000002 0.33990021875 0.1863 0.41687390312500006 0.18594850000000002 0.5238684203124999 0.2301955 0.5423432015625 0.259342 0.5215592109375 0.260747 0.5230986843750001 0.263205 0.4761447375 0.2561815 0.446125
12 0.3364805 0.432518640625 0.340828 0.4197028515625 0.3349815 0.3897993421875 0.3280855 0.3464232453125 0.31264400000000003 0.3230921046875 0.28506 0.33065021875 0.27291699999999997 0.3431370609375 0.2685695 0.36153947343750004 0.2699185 0.399328946875 0.28251149999999997 0.41575986875000004 0.28595950000000003 0.4351469296875 0.290007 0.43876206093750003 0.3159425 0.4417192984375 0.3364805 0.432518640625
12 0.301246 0.3358596484375 0.30019650000000003 0.3250153515625 0.27366199999999996 0.3013552625 0.26393 0.29642543906249996 0.2688645 0.3187719296875 0.268115 0.34374561406250004 0.301246 0.3358596484375
9 0.0348755 0.137313596875 0.0285985 0.146838815625 0.042601 0.20240460468750002 0.054914 0.21933881562500002 0.0780905 0.20240460468750002 0.047912500000000004 0.11191228125 0.028357 0.10026973749999998 0.0348755 0.137313596875
9 0.875581 0.42358991250000005 0.876965 0.41802741250000003 0.8683145 0.41979714843749993 0.861048 0.5216842109375001 0.8646235000000001 0.5242127187500001 0.865085 0.523706140625 0.873274 0.42535964843749996 0.875581 0.42358991250000005
