9 0.7644652359374999 0.050561575000000004 0.733371921875 0.0944519359375 0.7041799609375 0.127314928125 0.7204998125000001 0.1699003359375 0.7053636484375 0.19530581875 0.7082642109374999 0.21679276406249998 0.670650615625 0.1998527546875 0.6391383312500001 0.1782577890625 0.6292774578125 0.1846768328125 0.6104797468750001 0.1910296 0.5920361625 0.246100165625 0.5712811999999999 0.2615369078125 0.576634009375 0.336367709375 0.6612482265625 0.3932749859375 0.6721472578125 0.3916690734375 0.70786854375 0.4344596796875 0.7426299203125 0.4165388390625 0.7316677171875 0.3982946703125 0.7674130375 0.38867862343750004 0.7894127984375 0.35865504062500003 0.82384185625 0.33450803906250004 0.8585493937500001 0.3200794828125 0.8637615671875001 0.29371706406250003 0.90341868125 0.2634628296875 0.9254741234375 0.2373058421875 0.8062133062499999 0.0388225109375 0.7918765984375 0.0474368734375 0.7644652359374999 0.050561575000000004
12 1 0.361337728125 0.9704227671875 0.312112946875 0.9698328359374999 0.31274171093750003 0.9572981687500001 0.3128593953125 0.9751881593749999 0.33769657343750004 0.95874123125 0.35845272499999997 0.94537675 0.37631681875 0.9529014640625 0.382669353125 0.96096365625 0.37634214843749997 0.9826127421875 0.39941551875000003 1 0.4043678328125 1 0.361337728125
12 1 0.6141689593749999 0.9987509937500001 0.6128823828125001 0.9835728328125001 0.6004723453125 0.876171528125 0.5561651265625 0.8566961281250001 0.5464884828125001 0.836618271875 0.5475638453125 0.7871089015625 0.537325121875 0.7568447078125 0.5171060171875 0.7400369640625 0.515327915625 0.735762071875 0.52106395625 0.738608878125 0.5371692421875001 0.739274709375 0.5565645234375001 0.7553380234375 0.5536438109375 0.7674781328125 0.5609976890625 0.789696203125 0.55794165 0.8204305359375 0.5616448859375 0.8736941500000001 0.5712119718750001 0.883606425 0.5862265671875 0.9121674203125 0.6050932718750001 0.9345256109375001 0.61858096875 0.9574794437499999 0.6300934640625 0.9562233609374999 0.6462890812500001 0.9680602515625001 0.6585758671875 0.9796292015624999 0.65954268125 0.9901114718749999 0.66908058125 1 0.682101259375 1 0.6141689593749999
5 0.9713631234375001 0.33655705937499997 0.94628934375 0.30767688125000003 0.9335874437499999 0.3097665921875 0.9216095890625 0.2809357296875 0.9061008265625 0.2605613046875 0.8925725703125 0.2686899 0.8644744796875001 0.2950743671875 0.8863145953125 0.3175839875 0.9439283093749999 0.37640058593750003 0.9743360171875001 0.3434814015625 0.9713631234375001 0.33655705937499997
2 0.9280662796874999 0.273888734375 0.9206465109374999 0.27636744375 0.930836596875 0.3086482890625 0.9703749640625 0.3120333890625 0.9314459796874999 0.247244678125 0.924699734375 0.2648259890625 0.9280662796874999 0.273888734375
5 0.7489756937500001 0.393374425 0.7316940390625 0.40217500156249997 0.7357188 0.41678085625000005 0.7684679875 0.432734796875 0.781521040625 0.4332061203125 0.8414248046875 0.451847653125 0.8860414765625 0.45592017343749996 0.909817034375 0.4218866421875 0.9056128296875 0.40496520937499997 0.9080863656249999 0.378932890625 0.889912965625 0.3565958640625 0.8753740765625 0.3526628546875 0.8565055625 0.33509881406250003 0.8335804296875 0.3231396640625 0.8163917828124999 0.34296907499999996 0.80072123125 0.34407135312500003 0.772803578125 0.3806413265625 0.7489756937500001 0.393374425
12 0.5099465453125 0.3296081328125 0.550044984375 0.371631721875 0.564372865625 0.38756873125 0.574807109375 0.3896135953125 0.5920093453125 0.39353044375 0.609476125 0.402830696875 0.6127029937499999 0.397328125 0.6276363796875 0.4033998796875 0.6583352484375 0.393235365625 0.5766534671875 0.3358483796875 0.5690167109375001 0.2648184140625 0.5562320656249999 0.27566678125 0.557858865625 0.2956725453125 0.5407861125 0.28851131875 0.53092385 0.2948325609375 0.4924941703125 0.27041459218749997 0.49351675625 0.3022643703125 0.5099465453125 0.3296081328125
2 0.2722906109375 0.3343242796875 0.2576085390625 0.31034437187499997 0.2269704328125 0.2839232484375 0.20507582812499997 0.4567809328125 0.2145767078125 0.48533230625 0.2573031796875 0.49865768906249996 0.26971935937499997 0.4952065359375 0.271802534375 0.3448868109375 0.2722906109375 0.3343242796875
2 0.2243864625 0.52895870625 0.22354851875 0.5389389640625 0.24219869218749998 0.5444984890625 0.242894046875 0.4956058703125 0.215640478125 0.483917640625 0.2119447453125 0.48686698125000005 0.2243864625 0.52895870625
9 0.21187679531249998 0.306460575 0.21706255 0.30917612499999997 0.22556130468750002 0.2723612796875 0.213939075 0.2589336375 0.21989814531250002 0.2779502109375 0.21223575781249998 0.3011429921875 0.21187679531249998 0.306460575
9 0.20881621875 0.333142384375 0.18467428125000002 0.3105159 0.1634899953125 0.271811625 0.15151899687499998 0.2800980328125 0.1725961046875 0.3133566390625 0.1599455984375 0.3282467375 0.1620508234375 0.355410403125 0.172960065625 0.38676085 0.1815656953125 0.396533515625 0.2047834515625 0.3961088546875 0.2123057734375 0.390819453125 0.218744084375 0.335560384375 0.20881621875 0.333142384375
9 0.1825366359375 0.42318233281250006 0.1533392875 0.4022337703125 0.178902875 0.46609074531249994 0.17708981875000002 0.4950832546875 0.2149781390625 0.5337861421875 0.2128408859375 0.48491445000000005 0.1953497390625 0.4350917296875 0.1825366359375 0.42318233281250006
12 0 0.638662271875 0.1708368484375 0.9229825343750001 0.18009620625 0.9248895265625 0.20751860312499998 0.9144072156249999 0.24486034218750002 0.915089275 0.256895825 0.909998721875 0.2559812984375 0.8801494328125001 0.2457758015625 0.8653025203125001 0.2383095265625 0.8518070796874999 0.23849447499999998 0.845701225 0.230368275 0.8343148453125 0.2308277546875 0.812631209375 0.2245336234375 0.7855866015624999 0.2218377765625 0.777358921875 0.1794312390625 0.7548866265624999 0.1984553625 0.7528755796875 0.211487875 0.75746116875 0.20529818125000002 0.7487639984375 0.1965593984375 0.7390296734375 0.191854259375 0.7151653890625 0.1658353546875 0.682017353125 0.161428865625 0.6538385359375 0.1627873734375 0.636323759375 0.18143452031250001 0.6358232015625 0.1784459859375 0.6110737312500001 0.24008842968750002 0.5907328671875 0.24869141250000001 0.5665676171875 0.2349414125 0.545286925 0.22913853125 0.552198721875 0.225096465625 0.5828851359375 0.206960496875 0.56980596875 0.1953419609375 0.5600894359375 0.1812607234375 0.5377237953125 0.16430407656249998 0.521795775 0.15608233437500002 0.5091819734375 0.13999211875 0.523559 0.130789984375 0.5290882015625 0.11984556093750001 0.5429429781249999 0.11134975625000001 0.5459066781249999 0.0649815703125 0.5296684109375 0.0627816890625 0.5618175859375001 0.052834293750000004 0.5853485046875 0.042119609375 0.588361465625 0.025934696875000003 0.6015114125000001 0.0032908515625 0.6301023265625 0 0.6307140328124999 0 0.638662271875
5 0.31398850624999997 0.373580746875 0.32099226875000003 0.4023400578125 0.33968478125 0.3992434359375 0.3475928484375 0.3589553875 0.3199546828125 0.3220440421875 0.304368740625 0.3100014671875 0.30158651718749996 0.315526828125 0.28224533125 0.33999220625 0.31398850624999997 0.373580746875
2 0.3711554375 0.4153856796875 0.4136605484375 0.445505159375 0.4452656515625 0.4847428296875 0.4874347 0.5052167265625 0.516918834375 0.45113116093750005 0.5065178078125 0.4252694 0.44006694062499996 0.376142675 0.39604103125 0.345630046875 0.361865025 0.3507513875 0.348027609375 0.341084115625 0.3427437453125 0.34725549375 0.3495495203125 0.36072009375 0.3469652875 0.38154016562500004 0.355994765625 0.40351613750000004 0.3711554375 0.4153856796875
9 0.47469762656250003 0.5485032703125 0.48521631249999997 0.5370751593749999 0.48789987031250004 0.523903521875 0.48624055000000005 0.51205566875 0.471692553125 0.49853316718749996 0.450444059375 0.489893846875 0.43395871250000007 0.473681790625 0.41646415625 0.5081699359375 0.4413044015625 0.5227869375 0.45731628124999996 0.5371415359375 0.47469762656250003 0.5485032703125
2 0.3968821921875 0.43362975625000005 0.3292841359375 0.44085146093749994 0.32277737968750003 0.454608621875 0.3209551421875 0.487386303125 0.32171846249999997 0.5014850609375 0.33211561562499997 0.5209267140625 0.3395647765625 0.504462203125 0.34773189375 0.5046925140625 0.3701029984375 0.4938202515625 0.390118859375 0.4929249953125 0.40919818125 0.5054373390625 0.41915682500000007 0.50116611875 0.426745475 0.48119272031250004 0.433918490625 0.4760264703125 0.42739802656250003 0.46624407031250004 0.41794715312499997 0.45051517499999993 0.3968821921875 0.43362975625000005
9 0.2887728 0.6083633625 0.3261841921875 0.647109625 0.3542857109375 0.66875744375 0.38618877500000004 0.6513006859375 0.3973282609375 0.6484610390625 0.39818920625 0.6680664562499999 0.42637100781250004 0.666864815625 0.4421740234375 0.646665628125 0.4506054671875 0.6141980796875 0.4657304953125 0.5640074734375 0.474433653125 0.5934582234375 0.507431275 0.5911851718750001 0.517666440625 0.575616315625 0.499051890625 0.5499806875 0.4728970859375 0.548142159375 0.4465398453125 0.5224489078125 0.4141169546875 0.5053669625 0.380498334375 0.4943128578125 0.360721003125 0.49934613125 0.348450865625 0.5067187750000001 0.33238904687500004 0.5227462078125 0.320010596875 0.50535130625 0.31914435937499996 0.4771855359375 0.3247589921875 0.47209938906250004 0.325626928125 0.43671918125 0.3279596703125 0.419167478125 0.28044276875 0.37536173125 0.2682916171875 0.42462171875 0.27634023124999996 0.4647409734375 0.2621527828125 0.503663596875 0.2499708109375 0.49942406874999995 0.24899486406250002 0.5261270796875 0.24721212656249997 0.5456084437500001 0.2586097140625 0.5811466296875001 0.2887728 0.6083633625
2 0.6964165140625 0.5029019234375001 0.7098665468750001 0.494820328125 0.7238815375 0.4855421546875 0.7329851 0.47236576875 0.7403348750000001 0.4707403140625 0.7454468953125 0.469587865625 0.7361369265625 0.452490328125 0.7249491515625001 0.45364645625 0.7126223984375 0.4443554640625 0.67004461875 0.451528584375 0.6765143328125001 0.4553476015625 0.676618196875 0.47155513750000005 0.65478218125 0.509507315625 0.6964165140625 0.5029019234375001
2 0.561114871875 0.616590434375 0.56965509375 0.608890146875 0.5851878312500001 0.6106894734375 0.6008524000000001 0.5961387921875 0.618018175 0.5648455593749999 0.6338181609375 0.5382266078125 0.66344148125 0.497734740625 0.67989705 0.46258690468749997 0.673142025 0.4550856890625 0.62869710625 0.417996790625 0.6145914921875 0.4346072703125 0.5930387984375 0.47196150000000003 0.5830903625 0.4933528015625 0.55653174375 0.52772101875 0.5502249640625 0.5610530390624999 0.5535442671874999 0.5868877375 0.5569947375 0.5942334359375 0.551997603125 0.6062272578125001 0.561114871875 0.616590434375
10 0.5599772984375 0.5265069875 0.5798364625 0.4991615734375 0.549739565625 0.45602031875 0.52874000625 0.470778371875 0.5599772984375 0.5265069875
5 0.6984363296875 0.765256459375 0.72905195 0.7701849046875 0.817578540625 0.7832034578125 0.907692025 0.8140043718750001 0.913404428125 0.7933412125 0.88242203125 0.5839816718749999 0.8696373656249999 0.5683393109375 0.7758846078125 0.5569558953125 0.7446919750000001 0.5576410109375 0.6705216796875 0.5525485734375 0.672857934375 0.5752215046875 0.66672039375 0.5781567812499999 0.6783547546875 0.6125484734375 0.6984363296875 0.765256459375
10 0.8839092640624999 0.8069413640624999 0.8686782390625 0.7986607609374999 0.767846059375 0.7755026375 0.7680442515625 0.7924740484374999 0.795604284375 0.808045196875 0.8303607359375 0.8206587578125 0.857382484375 0.8174118781249999 0.882517721875 0.8118794093749999 0.8839092640624999 0.8069413640624999
9 0.9818912687499999 0.739688821875 0.9780794140625 0.7120412953125 0.9785333375 0.69859545625 0.969808103125 0.656790978125 0.9568962734375001 0.6483829812499999 0.9564882703125 0.6282698718749999 0.8883809734374999 0.5952740546874999 0.88928054375 0.66628591875 0.8964354921875 0.7095883265625 0.9050021796875001 0.754033915625 0.9164208796875 0.7483709640625 0.9487935234375 0.787298803125 0.9381378218749999 0.7990898468750001 0.9495121875000001 0.813222528125 0.9870019781250001 0.7906963890625 0.98316554375 0.773951075 0.9818912687499999 0.739688821875
5 0.90406723125 0.7562146890625 0.9090093828124999 0.796954784375 0.9083216406249999 0.80664921875 0.9210100109375 0.8208231234375001 0.9519832828125001 0.787001203125 0.9132056265624999 0.747131203125 0.90406723125 0.7562146890625
2 0.43966780625 0.6949422921874999 0.468265778125 0.6510156125 0.4780144703125 0.5960480125000001 0.4567398734375 0.5892389515625001 0.4463429703125 0.63237359375 0.4354795453125 0.66149389375 0.400761378125 0.672210403125 0.40397448281250004 0.6896457203125 0.40617243125 0.7099962093750001 0.41715632031250005 0.714462434375 0.41821527343750003 0.699532340625 0.43966780625 0.6949422921874999
9 0.4662862484375 0.656355425 0.5017119171875 0.6387582078125 0.511599903125 0.623159015625 0.497934753125 0.61290100625 0.5121589 0.59282739375 0.47606741875 0.6029856109375 0.4662862484375 0.656355425
9 0.37677212656250003 0.65921976875 0.34861193749999997 0.6687627765624999 0.33136938125 0.6556076656250001 0.320121540625 0.635161890625 0.2790558703125 0.6128702890625 0.2884366734375 0.6584150984375 0.309777578125 0.6824142671875 0.32203058906250004 0.6838118703125 0.3398280609375 0.6892562156250001 0.3596133140625 0.703189578125 0.3613997890625 0.71594824375 0.33446112656250004 0.7275242125 0.32856975781250003 0.7384414453125 0.3409924203125 0.76832558125 0.3465936203125 0.7834033921875 0.3407551921875 0.7984383562499999 0.3410215828125 0.8190277015625 0.35063136093749997 0.8206309046875001 0.372132659375 0.8132446265625 0.38641645156250004 0.8088116 0.4005951578125 0.7984478375 0.399569125 0.7829261953125 0.39818704375 0.766235875 0.40534335937500005 0.745336059375 0.4053337484375 0.729203690625 0.41351647343750003 0.7238261421875001 0.41946078125 0.7170266421875 0.40705307656249995 0.7124941890625001 0.39854187812499997 0.6770320078125 0.408504375 0.6728902734375 0.3959345671875 0.6513944828125 0.3882567234375 0.64955305 0.37677212656250003 0.65921976875
10 0.20060214531249998 0.601452190625 0.179456890625 0.610007146875 0.180235196875 0.637205371875 0.1749025421875 0.6473251734375001 0.16383729375 0.6784119234375 0.1725915796875 0.6952838406249999 0.18749818437500002 0.7126094625 0.2007321640625 0.73923918125 0.2231168515625 0.7649818640625 0.22679066718750002 0.787212490625 0.230529096875 0.8343023953125 0.24124266093750002 0.8643776000000001 0.25609838906250004 0.8821946625000001 0.2793390375 0.8926683515624999 0.2991051609375 0.8743360671874999 0.324167315625 0.869421475 0.33178757812500004 0.8602314968749999 0.32410714218750003 0.8144821578125001 0.335799375 0.8120680171875 0.34452946875 0.7874565046875001 0.339483653125 0.7646676453125 0.329251859375 0.7436105203125 0.3268037453125 0.7303268140625 0.360445853125 0.716288440625 0.36162360625 0.7036652984375 0.3366519265625 0.6903075109375 0.324700759375 0.6836564078125 0.3052286 0.6829069875 0.2855321140625 0.6472491359375 0.2760090421875 0.6193122718749999 0.261413890625 0.6128655203125 0.23650807343750002 0.6232200328124999 0.22297351718749997 0.6041482578124999 0.20060214531249998 0.601452190625
2 0.25434909375000003 0.880152296875 0.255787865625 0.9055702078125 0.2461313859375 0.9113724078125 0.2582905640625 0.9252767140625 0.26123601406249997 0.9198182390625 0.29611764375 0.9283686046874999 0.3156260984375 0.903275525 0.3416000140625 0.894123571875 0.3576056640625 0.8775899359375 0.36338651093749996 0.8515235609375 0.3697973375 0.82246223125 0.3399361625 0.82918811875 0.3292165546875 0.8430064500000001 0.3248606984375 0.8714444046875001 0.2998506875 0.878172003125 0.2834373140625 0.8917236718750001 0.25434909375000003 0.880152296875
12 0.5807084953125 1 0.5851743968750001 0.996981596875 0.5848500953125 0.9630558312499999 0.59377615 0.9249553546874999 0.5990802421875 0.8774116078124999 0.5933726078125 0.8431236390624999 0.5669846875 0.8400748765625 0.555813184375 0.8629255375 0.5297813109375 0.86104545625 0.44924015937500006 0.8444260124999999 0.41817241093749996 0.8381944484374999 0.383284171875 0.818120321875 0.3737369453125 0.8367672203125001 0.3619625546875 0.8724296078125 0.33908123749999997 0.8677347390625 0.3451455859375 0.8922176593750001 0.3426149375 0.912181578125 0.3610273453125 0.9255563671875 0.39363013593749996 0.9493089343750001 0.42749904687500007 0.9653842718750001 0.456741115625 0.9800901546875 0.5484827078125 1 0.5807084953125 1
12 0.5516299359375 1 0.5500290359375 0.9983666296875 0.3940801421875 0.963886759375 0.385798240625 0.9725516984375 0.397797740625 1 0.5516299359375 1
2 0.4360696921875 0.8230743031250001 0.4921173921875 0.8599439062500001 0.52053609375 0.8571620359375001 0.535800909375 0.8404596140624999 0.5334823984375 0.8263284984375 0.5294033921875 0.805724796875 0.49801551875000005 0.7724814296875 0.45143495156249996 0.75482235 0.40374131718750006 0.7456702796875 0.3999399078125 0.76639775 0.3984273234375 0.7880560109375 0.4044887640625 0.8079294140625001 0.4240693828125 0.81921880625 0.4360696921875 0.8230743031250001
9 0.6026870328125 0.7354099796875 0.5146001734375 0.7712771671875001 0.5603702187499999 0.7944953921875 0.6089464984374999 0.7464035953125 0.6026870328125 0.7354099796875
9 0.760338253125 0.66275181875 0.7629770203125 0.657390884375 0.7497742125 0.639454771875 0.759851965625 0.6345754328125001 0.7591377625 0.6326525968750001 0.703251928125 0.62331335 0.703130325 0.63779076875 0.716522353125 0.64650035 0.7311820234375 0.6620908953125 0.7503359859375001 0.6576371046875 0.760338253125 0.66275181875
9 0.697227303125 0 0.676910075 0.0363385953125 0.7111268421875 0.059914734375 0.742181215625 0.06736433281250001 0.7646399125000001 0.027139254687499996 0.7570068984375 0 0.697227303125 0
2 0.6281274984375 0.5484858453125 0.654594853125 0.5521909375 0.7372384375000001 0.55736543125 0.732250015625 0.51642525625 0.72700164375 0.5108639078125 0.6575328859375 0.5090296609375 0.6281274984375 0.5484858453125
2 0.574346609375 0.652796059375 0.587372571875 0.62136195 0.5801008921874999 0.6112035703124999 0.5694585765625 0.6090362875 0.5625971125 0.6157533843749999 0.550150315625 0.6089638734375 0.5556633109375 0.5957936187499999 0.5199058140624999 0.5761168 0.506109746875 0.611127490625 0.5356691687499999 0.628907903125 0.574346609375 0.652796059375
16 0.464914678125 0.6581140453125001 0.44319543125000005 0.6932155265625 0.5066924687500001 0.683599259375 0.5684009624999999 0.6470397484375 0.5668116953125 0.6469368828125 0.5348932937499999 0.6272219437500001 0.493799146875 0.6472438640625 0.464914678125 0.6581140453125001
16 0.5809001406250001 0.6950466093750001 0.5517387890625 0.6720985828125 0.505582521875 0.6930865093749999 0.5149836140625 0.7255735796875 0.581331621875 0.69867924375 0.5809001406250001 0.6950466093750001
9 0.586623871875 0.6983529984375 0.64027189375 0.6718253359374999 0.6107372890625 0.6472853078125 0.6321116499999999 0.6090178515625 0.612015809375 0.5826983375 0.5826281437499999 0.6121237500000001 0.5902240375 0.624908671875 0.5758221765625 0.65016545 0.5657142328125 0.6499516796875 0.5098398359375 0.683265059375 0.4620478828125 0.6953780921875 0.502472253125 0.7053326015625 0.5081869015625 0.6941159531250001 0.5449605765625 0.6730583375 0.586623871875 0.6983529984375
12 0.645549615625 0.6071091484375 0.6360515015625 0.6042552078125001 0.612877421875 0.6469755484374999 0.6398077609375 0.669448678125 0.645549615625 0.6071091484375
12 0.4795902265625 0.7664951249999999 0.5104820453125 0.76349933125 0.586472990625 0.7419662265625 0.6279650171875 0.71936941875 0.630043453125 0.701777496875 0.6362534156249999 0.70660715625 0.640887978125 0.7071947828125 0.64717855625 0.7034150218749999 0.6710388015625 0.7100913453125 0.6716334765624999 0.6990982781249999 0.6707162984374999 0.698399409375 0.6363538953125001 0.682160571875 0.6393796453125 0.6710034984375 0.634114940625 0.668718878125 0.6242825 0.68214955 0.5281635515625 0.7207060578125 0.47483141562500003 0.698013003125 0.4531738140625 0.6920879671875 0.44522423125 0.6963458671875 0.44594119218749995 0.7493565765625 0.4795902265625 0.7664951249999999
9 0.6674747609375 0.6984050015625 0.6855495125 0.7052031046875 0.6799910875 0.62684714375 0.649817240625 0.6558903734375 0.6674747609375 0.6984050015625
2 0.5605855375 0.3875306796875 0.478638171875 0.2980482390625 0.46466513125000003 0.3031406125 0.46901830625 0.35213318125000004 0.5186726796875 0.41106315000000004 0.5345190125 0.41888135625 0.5478519937499999 0.40963203125 0.5605855375 0.3875306796875
