9 0.19819970781250001 0.6970319015625 0.1921787109375 0.7703190109375 0.2186708984375 0.8816751296875 0.264029296875 0.9180507812500001 0.3326689453125 0.9517526046875 0.41375195312499996 0.9538919265624999 0.47034960937500003 0.9276796875000001 0.541798828125 0.8624173171875 0.5723056640624999 0.7666634109375 0.5799321296875 0.7091223953125 0.5646787109375 0.6122988281249999 0.5422001953125 0.5652239578125 0.50286279375 0.51975390625 0.45710351562499996 0.49621679687500003 0.39453125 0.48255078124999995 0.35153466875 0.48937109375 0.27125439375 0.533771484375 0.2339243171875 0.5995690109375 0.19819970781250001 0.6970319015625
9 0.25128564375 0.1238483078125 0.2773701171875 0.1286783859375 0.2925810546875 0.1160091140625 0.35374072343749996 0.12741145781250002 0.37053564375 0.0813795578125 0.37560595625 0.04675 0.377507325 0.0328138015625 0.3952529296875 0 0.20801855468750002 0.0021985671875 0.20801855468750002 0.026106120312499998 0.16897314531250002 0.0682975265625 0.1832192375 0.135099609375 0.25128564375 0.1238483078125
2 0.2792587890625 0.12863085937500002 0.34230322343749997 0.1443580734375 0.35643359375 0.1309069015625 0.2877993171875 0.1151796875 0.2792587890625 0.12863085937500002
4 0.6709238281250001 0.1876197921875 0.6641162109375001 0.147095703125 0.5641015625 0.1332994796875 0.5692612296874999 0.19124934843750002 0.602846190625 0.19669270781249998 0.6559467765625 0.20032161406250001 0.6709238281250001 0.1876197921875
12 0.5587734375 0.161251953125 0.5690048828125 0.1291106765625 0.6798486328125 0.1563815109375 0.6730278328125 0.18008203125 0.7161533203125 0.1987981765625 0.7395400390625 0.193603515625 0.7519643546875 0.1708776046875 0.7473359375 0.1374375 0.7295517578124999 0.1030240890625 0.712255371875 0.057896484375 0.67449560625 0.0614674484375 0.636248046875 0.0760774734375 0.53684814375 0.0516985671875 0.505932128125 0.058150390625000006 0.49787011718749996 0.07326953124999999 0.4976264640625 0.1148255203125 0.5419638671875 0.1563815109375 0.5587734375 0.161251953125
9 0.7354868171875 0.10457291718749999 0.743346190625 0.19778645781249998 0.778669921875 0.21401953125 0.8429838875 0.1932415359375 0.8649091796875 0.169216796875 0.8785512687500001 0.1416204421875 0.827392578125 0.0494173171875 0.7645405281250001 0.0747408859375 0.7681948234375 0.0409765625 0.77964453125 0.02084765625 0.7801318359375 0 0.70899658125 0.0013678390625 0.708689453125 0.0010065109375000001 0.7155107421875 0.030875651562500002 0.7306147453125 0.0497057296875 0.7291528328125 0.0730807296875 0.7354868171875 0.10457291718749999
10 0.8868823234375001 0.252892578125 0.9154423828124999 0.24421223906249998 0.9151083984374999 0.2333053390625 0.891726075 0.2150540359375 0.8674013671875 0.2158170578125 0.846296875 0.22262174531249998 0.8464638671875001 0.242431640625 0.8629985343750001 0.2551184890625 0.8868823234375001 0.252892578125
4 0.6519541015625 0.293955078125 0.6388735359375 0.22350065156249999 0.6331508796875001 0.21551106718750002 0.6200707999999999 0.21551106718750002 0.538318359375 0.281970703125 0.5884599609375 0.36804101562499997 0.6519541015625 0.31574479218749996 0.6519541015625 0.293955078125
10 0.5660771484375 0.5184934890624999 0.5279936515625 0.3933723953125 0.5071005859375 0.3419140625 0.4838271484375 0.3697578125 0.507364746875 0.5273046875 0.5285224609375 0.5361158859375 0.5523247078125 0.5385833328125 0.5660771484375 0.5184934890624999
10 0.6314355468749999 0.4792493484375 0.5844130859375001 0.4738704421875 0.5836611328125 0.47181575468750003 0.5838076171875 0.4738704421875 0.592485840625 0.50426171875 0.6372880859375 0.5101790359375 0.6407192390625001 0.49538671875 0.6314355468749999 0.4792493484375
