10 0.7572439656250001 0.9113519265625 0.638796825 0.9430870765625 0.6512987609375 0.9575285328125 0.655189965625 0.9720939953125001 0.6394964828124999 0.9914664046875 0.911941334375 0.9724152046875 0.837615965625 0.92056933125 0.7572439656250001 0.9113519265625
2 0.5174603890625 1 0.6337372171875 0.99186913125 0.6398452078125 0.9790492421874999 0.651097159375 0.9653399921875 0.622860615625 0.9518592828125 0.587788175 0.9638838640625 0.5313889374999999 0.9687848015625 0.4836666171875 1 0.5174603890625 1
10 0.5450375203125 0.90718621875 0.5668319234375 0.9209778828124999 0.611534090625 0.9542269578125 0.64667180625 0.9431549328125 0.70398376875 0.9204812531250001 0.707004771875 0.8815018078125 0.612917603125 0.8507489500000001 0.5450375203125 0.90718621875
10 0.47337532812500005 1 0.4919396984375 0.9599477375 0.6072006234375 0.9648103453125 0.6116680609375 0.9362598390624999 0.2538398140625 0.8315764874999999 0.2433362046875 0.8457124125 0.36452221875 0.8942263703125001 0.275548478125 0.9468740562500001 0.19485058125000002 1 0.47337532812500005 1
10 0.07498755781250001 1 0.0712192734375 0.96248185 0.0276891265625 0.9134333421875 0.0337424578125 1 0.07498755781250001 1
2 0.1741211234375 1 0.174356709375 0.9994154343749999 0.140010684375 0.960177590625 0.10959491875 0.9559085671875 0.08880705625 0.9572164531249999 0.0761108234375 0.9810777749999999 0.0824810234375 1 0.1741211234375 1
5 0.1903738421875 0.9739382031250001 0.2801695265625 0.9555204640625 0.305202428125 0.9227485046874999 0.29716349062499997 0.8801505421875 0.26465054375 0.8493790328124999 0.2457255203125 0.839238303125 0.2953546640625 0.8398141000000001 0.3004371765625 0.8401332125 0.31373930781250003 0.827738940625 0.313875890625 0.800754103125 0.2735670265625 0.7887361015625001 0.15207471875 0.74463013125 0.0984994453125 0.7443924843749999 0.0198397578125 0.80118213125 0.0268329125 0.901188909375 0.0979943296875 0.9264483265625 0.1903738421875 0.9739382031250001
9 0.5419733015625 0.8927042296875 0.6051832984375001 0.855914525 0.7076567046875 0.8885372984375 0.8594990515625 0.9035457015624999 0.94592294375 0.8948042921875 0.9243728328125 0.876080203125 0.7789185375 0.8221848359375 0.4466415296875 0.8319331546875001 0.3182933765625 0.8490005375 0.441096775 0.882898871875 0.5419733015625 0.8927042296875
16 0.2644976390625 0.747968021875 0.3199394875 0.8400571875 0.35361721875 0.8296098046875 0.302594490625 0.7367406171875001 0.2644976390625 0.747968021875
16 0.48101555312500005 0.755552296875 0.41471961874999996 0.8350442640625 0.44741741093750004 0.839502078125 0.5161962953125 0.7665798625 0.48101555312500005 0.755552296875
2 0.20149490937499998 0.7685059843750001 0.25580891562499997 0.7326982671875 0.2587819546875 0.70874103125 0.2432663078125 0.7084485234375 0.20940266875 0.7190777578125 0.15451385 0.7466652984375 0.20149490937499998 0.7685059843750001
9 0.1094540734375 0.6656004015625 0.131066246875 0.6644330546874999 0.12164045625 0.618282221875 0.081700453125 0.601111575 0.0506498234375 0.5941497828125 0.050028578125 0.6504810484375 0.1094540734375 0.6656004015625
