2 0.8938317796874999 0.3431953953125 0.8709016140625 0.337008640625 0.856802796875 0.3432384140625 0.7895099515624999 0.3942897828125 0.7327036890625 0.4615130703125 0.6611745499999999 0.569229053125 0.651555525 0.57184286875 0.6334091359375 0.594976746875 0.63298723125 0.6033663671875 0.65301924375 0.6303784296875 0.668633765625 0.623651775 0.6822985453125 0.611923525 0.6861171374999999 0.60368911875 0.8039470625 0.536083103125 0.9155244890625 0.41344315624999994 0.91426305 0.3746424859375 0.8938317796874999 0.3431953953125
5 0.413889053125 0.5981321875 0.39551234375 0.6121593078124999 0.375653565625 0.6483747156249999 0.367502053125 0.6626343265625 0.31478391562499997 0.6864354296874999 0.3122072453125 0.76123930625 0.329035609375 0.7612051265625001 0.3343606546875 0.7832713375 0.39909586875 0.759325834375 0.399512253125 0.73516878125 0.43542347968749995 0.7366799328125 0.44130729999999996 0.665007090625 0.413889053125 0.5981321875
1 0.36133302500000003 0.62169506875 0.35169714218750003 0.6201908375 0.3412356734375 0.626576978125 0.332541203125 0.6363107859375 0.331213034375 0.643336409375 0.3378854734375 0.6585363421875 0.34717160156250004 0.6575196953125 0.3639657890625 0.643432521875 0.3692549484375 0.633194678125 0.36133302500000003 0.62169506875
10 0.3158174046875 0.5574052468749999 0.3273224 0.540587403125 0.285244328125 0.5290704796875 0.28174100156250004 0.5445468796874999 0.3158174046875 0.5574052468749999
5 0.13141706250000001 0.7315999984375 0.13650176875 0.7339377828125 0.19756023125 0.7078259109375 0.19701953125 0.6850357125000001 0.17045385468750002 0.5856885765625 0.0999356609375 0.6260211328125 0.13141706250000001 0.7315999984375
9 0.72983866875 1 0.7668990140624999 0.9905521015625001 0.7791924125 0.972995309375 0.7764127875 0.8875089624999999 0.7542337625 0.8145981609374999 0.71619163125 0.7891815484375 0.6681874062500001 0.725884296875 0.3003992015625 0.7763968515624999 0.2610937125 0.8782868031250001 0.381809740625 0.9725801671875001 0.40196542031250004 1 0.72983866875 1
10 0.32215248750000003 0.34766409375 0.30385145156250004 0.306375271875 0.2913483609375 0.26101338749999997 0.2869868953125 0.26114206093750003 0.25670288281250003 0.3163347234375 0.31083265781249997 0.35367921875 0.2941061015625 0.36204191875 0.29393271875 0.381995275 0.3510929953125 0.4197890015625 0.346886928125 0.4084792484375 0.33306498125 0.3965706859375 0.32215248750000003 0.34766409375
9 0.5830611140624999 0.5779653875 0.6129786453125 0.5621098390625 0.6711000375 0.5298602234375 0.6829320359375 0.4974370796875 0.707595134375 0.47176803749999996 0.730009690625 0.461253815625 0.778666609375 0.4150452984375 0.78664269375 0.39051806875 0.7840568265625001 0.336288403125 0.7915786734375 0.331517878125 0.802585228125 0.307438965625 0.793103671875 0.2941089171875 0.7844852796875 0.27357531874999996 0.738612678125 0.2793741703125 0.7283636125 0.2677370359375 0.72038283125 0.24151559531250003 0.720373259375 0.207492778125 0.7031891124999999 0.1765007140625 0.6904339515625 0.163666375 0.6695396453125 0.18216072187500001 0.653408978125 0.2004204671875 0.6043856109375 0.2357998078125 0.579887015625 0.27496691093750003 0.5617667 0.3163707 0.574575821875 0.3392802015625 0.5940620484375 0.365193209375 0.531670940625 0.3689063703125 0.5555360515625 0.381703978125 0.492263075 0.44639059062499997 0.4651347046875 0.4552769125 0.4415290890625 0.513472196875 0.43424858437499997 0.5256611796875 0.4227664375 0.50981424375 0.3970010453125 0.5269052953125 0.3809954 0.5658858203125 0.3904725296875 0.5959420343749999 0.4399999671875 0.6350830734375 0.472846096875 0.65027513125 0.46481474062499994 0.673090909375 0.47978696562499995 0.6929791921875 0.5090822828125 0.680632215625 0.5187885203125 0.6924468390625 0.5385990859375 0.69460821875 0.5610531546875 0.67687219375 0.5743249125000001 0.6465723437500001 0.5735478281249999 0.6142424421875 0.5830611140624999 0.5779653875
10 0.386819915625 0.4297048859375 0.3794977609375 0.4255390859375 0.3771161578125 0.427910584375 0.3755478203125 0.42912061875 0.3857724578125 0.438203334375 0.39338589062499996 0.4396876234375 0.40204962968749997 0.44440796406249994 0.40901306875000004 0.4404358859375 0.4050465859375 0.434773953125 0.386819915625 0.4297048859375
10 0.13671775 0.380000840625 0.1986614765625 0.42221886406250003 0.228296778125 0.44296972500000004 0.267405328125 0.45958971093749995 0.29167887656249997 0.465405940625 0.313196228125 0.46353385625000004 0.327236571875 0.4587354078125 0.3448573546875 0.44181529687500004 0.3548957078125 0.4303643484375 0.3638001703125 0.4073410046875 0.3661040703125 0.3788214875 0.355560490625 0.3576835984375 0.3328715203125 0.3468014296875 0.297856284375 0.3526972515625 0.27805529375 0.3607759625 0.26043589375 0.3719225265625 0.247789828125 0.37885270000000004 0.23573795625 0.3865828875 0.23830568749999997 0.3956956359375 0.24820002031250002 0.3914586453125 0.2726399390625 0.3746933765625 0.316556878125 0.35732130624999997 0.33685938593750003 0.3588328078125 0.35660170468749997 0.37804619375000004 0.359138990625 0.403692365625 0.351229921875 0.42240787187500006 0.3313467203125 0.4454443640625 0.3079935203125 0.45488606562499995 0.2882193734375 0.45797964843749994 0.2652246984375 0.45074890781250004 0.24200049687499997 0.43947585624999996 0.2162522328125 0.421831575 0.1976579296875 0.40881170312500004 0.1826794515625 0.3963985234375 0.1540592921875 0.3802194859375 0.116519515625 0.36086380625 0.069513328125 0.34142388281249997 0.0469406671875 0.32831316875 0.0257513703125 0.3111662796875 0.023582146875 0.308671809375 0.012507164062500001 0.3244885234375 0.040268009375000004 0.348385775 0.13671775 0.380000840625
9 0.39628896406249997 0.22444756093749998 0.39446337656249997 0.17577922968749998 0.3844126046875 0.1573554640625 0.3428314546875 0.2294273859375 0.3214678921875 0.229277959375 0.304148203125 0.21912494218749998 0.29576915000000004 0.20307370625 0.2750257234375 0.2070611 0.2945328296875 0.24342796249999998 0.32242631875 0.2876413953125 0.3407299328125 0.272072925 0.37431465468749997 0.2349451625 0.39628896406249997 0.22444756093749998
10 0.5828658453125 0.1902765796875 0.590050315625 0.16489791874999998 0.5744208953125 0.160470546875 0.5695130749999999 0.1901578578125 0.5417075125 0.21358624843750001 0.5194808765625 0.23169005625 0.5085120125 0.2392146625 0.4841006375 0.231895884375 0.46233880625 0.2150282984375 0.4435965171875 0.1932170796875 0.4236053625 0.153154153125 0.41616487500000005 0.1131915734375 0.4104917140625 0.095765603125 0.3959461875 0.1071787578125 0.40112345937500005 0.159676078125 0.4192955109375 0.19303441875 0.448647559375 0.23096329375 0.49764336875000004 0.25984058593750003 0.5259232609375 0.245432946875 0.5703644859375 0.2081303703125 0.5828658453125 0.1902765796875
9 0.34815337031250004 0.355054975 0.37159739687500004 0.4024751140625 0.3940541 0.430315921875 0.43602335156249994 0.4547135046875 0.48888293593750004 0.43684502968750005 0.49156868749999993 0.406296325 0.46219218125 0.3704025515625 0.4850497265625 0.32974448437500004 0.49449896562499995 0.313196625 0.5161405171875 0.3051859140625 0.5185866609375 0.2780333109375 0.49256332187499996 0.2644440734375 0.4663313546875 0.271378684375 0.452423275 0.285516846875 0.45643616875 0.30115647343749996 0.42869910625 0.304898165625 0.39854265 0.27736795000000003 0.3556182609375 0.2936405453125 0.34815337031250004 0.355054975
17 0.8787316953125 0.2443353171875 0.85991169375 0.2520734671875 0.8618556875 0.257237503125 0.8799808265625 0.248252059375 0.8787316953125 0.2443353171875
17 0.87387126875 0.177934134375 0.8742199671875 0.1838821046875 0.8818883906250001 0.1810758046875 0.8807158093749999 0.17664165468749998 0.87387126875 0.177934134375
9 0.6546329656250001 0.7021674124999999 0.6636426359375001 0.6737385703125 0.66387206875 0.6288093203125 0.6368293859375 0.61238429375 0.6277455671875 0.63257826875 0.6008331625000001 0.641027796875 0.5839482859375 0.6583003062499999 0.5580782281250001 0.6827205828125 0.57238699375 0.7174263640625 0.589263196875 0.7177156609375 0.6371978265625 0.7126446609375 0.6546329656250001 0.7021674124999999
16 0.8872847046875 0.3417390921875 0.9118810734375 0.3697150328125 0.930032575 0.375112734375 0.9294585156249999 0.36395739531250004 0.935889346875 0.32759747968749997 0.936807421875 0.2908196421875 0.9275445890625 0.285624321875 0.9131278593750001 0.2910139453125 0.8965736015625 0.302218971875 0.8693757546875001 0.2917775375 0.8578864265625 0.24416126875000002 0.8502516546875001 0.24999831874999998 0.84625560625 0.302687325 0.8609792890625 0.3392346625 0.8872847046875 0.3417390921875
10 1 0.3749866765625 0.999138846875 0.37360633125 0.9426056234375 0.35853886562500004 0.94517415625 0.359476384375 0.931638240625 0.359462121875 0.91277975625 0.410346146875 0.89565921875 0.4366398828125 0.8834568875000001 0.47110833124999996 0.8775036265624999 0.5026412062500001 0.8851784671875 0.511025953125 0.9032765484375 0.50176111875 0.945012625 0.484531159375 0.9618544390625001 0.47567815625 0.9915081875 0.47708585625 1 0.46320750781250003 1 0.3749866765625
