10 0.584185059375 0.9669804687499999 0.5846552734375 0.9767962234375 0.5934311515624999 0.9930865890625 0.5939013671875 0.9993489578125001 0.7296162109375001 0.999119140625 0.7343178703125 0.9817845046875 0.7368251953125 0.9450266921875 0.7361982421875 0.9329134109374999 0.72523095625 0.9055214843750001 0.7184921875 0.8967499999999999 0.7161416015625 0.8817122390625001 0.7050146484375001 0.8662578125 0.683544921875 0.8553971359375 0.662231934375 0.8531002609374999 0.6470302734375 0.8579036453125 0.642642578125 0.862498046875 0.640759278125 0.8679850265625 0.6366845703124999 0.8792630203125 0.6011103515625 0.9661451828125 0.584185059375 0.9669804687499999
9 0.6764477531249999 0.8324544265625 0.674724121875 0.83767578125 0.6639106453125 0.8420618484375 0.66516455 0.85333984375 0.6797387687499999 0.8548014328125 0.6961938484375 0.8602317703125 0.69541015625 0.8535481765625 0.6886713859375 0.8389290359375 0.687888184375 0.8261888015625001 0.6844404296875 0.8157467453124999 0.676291015625 0.8128222656249999 0.6767612296875 0.819296875 0.6764477531249999 0.8324544265625
10 0.6219077140625 0.7733606765625 0.6309975578125 0.79153125 0.6363256828125 0.8151308593750001 0.6372661140625 0.8314212234375 0.6388330078125 0.8498001296875 0.675974609375 0.8414459640624999 0.678911621875 0.801662109375 0.675150390625 0.7749290359375001 0.6775009765625 0.768037109375 0.676404296875 0.7623977859375 0.6729565421875 0.753 0.6695087890625 0.7507024734375001 0.6644912109375001 0.7290013015625 0.660416503125 0.72482421875 0.651013671875 0.7060279953124999 0.6455288078125 0.698091796875 0.582686034375 0.7170970046875 0.5822158203125001 0.7202298171875 0.5985537109375 0.7345787765625 0.6181430671875 0.762982421875 0.6219077140625 0.7733606765625
9 0.269946778125 0.90525 0.27737744062499997 0.9798782546875 0.3266528328125 0.9993489578125001 0.405259765625 0.9993489578125001 0.465876953125 0.9993489578125001 0.4647036125 0.962158203125 0.5002915031249999 0.9444381515625 0.5863286125 0.9574674484375001 0.612921875 0.938705078125 0.637951171875 0.8725149734375 0.6387353515624999 0.8427727859375 0.632807128125 0.7977845046875001 0.607853515625 0.747119140625 0.5765659171874999 0.7163951828124999 0.5460478515625 0.7121536453124999 0.513197265625 0.7223151046875 0.504984375 0.7275266921875 0.27229296875000003 0.8385384109375 0.263689453125 0.8682460937500001 0.269946778125 0.90525
9 0.58234033125 0.7188821609375 0.6524912109375001 0.7024231765625 0.647880371875 0.6662057296875 0.6495268546874999 0.6609388015625 0.6305893546875 0.651283203125 0.6220263671875 0.5889576828124999 0.620544434375 0.5847877609375 0.612805175 0.5817154953125 0.612146484375 0.5994915359374999 0.6077001953125001 0.5902740890625 0.5923857421875 0.5830325515625 0.572625 0.6176842453125 0.5627446296875 0.68308203125 0.58234033125 0.7188821609375
10 0.5401845703125 0.7131477859375 0.563732421875 0.71226953125 0.56949609375 0.6988828125000001 0.5683432625 0.68549609375 0.5513823234374999 0.6771569015625001 0.5270107421875 0.677595703125 0.5177890625 0.6852766921875 0.516307128125 0.7087584640625 0.528822265625 0.7160006515624999 0.5401845703125 0.7131477859375
9 0.523794921875 0.67912109375 0.5305463875 0.6775846359375 0.5468491203125 0.67912109375 0.5468491203125 0.688337890625 0.5524477546875 0.6817545578125 0.5542592765625 0.6769264328125 0.55919970625 0.681095703125 0.5583759765625 0.6637591140625 0.557717284375 0.6536640625000001 0.5563999015625 0.645763671875 0.557552734375 0.6334739578125 0.5409208984375 0.6286458328125 0.521489746875 0.6411549484375 0.5170434562499999 0.6521276046875 0.5121030281250001 0.6578339843750001 0.5129267578125 0.6947024734375 0.523794921875 0.67912109375
5 0.2964921875 0.590486328125 0.28371044843750004 0.606880859375 0.299189453125 0.6362877609375001 0.31549218749999997 0.617853515625 0.2964921875 0.590486328125
10 0.1521147453125 0.9012356765625 0.16536718749999998 0.8845735671874999 0.1527397453125 0.8525839843749999 0.1254848625 0.8397545578125 0.0813173828125 0.8315904953125001 0.0615634765625 0.8464192703125001 0.043685546874999995 0.8545833328124999 0.0278422859375 0.8794088546875001 0.0200908203125 0.9237285156249999 0.0702250984375 0.926560546875 0.0863530265625 0.9200631515625 0.1521147453125 0.9012356765625
10 0.4933256828125 0.7359440109375 0.4974067375 0.7292259109375 0.4808427734375 0.7226673171875 0.4595971671875 0.717548828125 0.4477900390625 0.7241484375 0.45299560625 0.7538600265625 0.46967968750000005 0.743142578125 0.4933256828125 0.7359440109375
9 0.3990239265625 0.7590266921875 0.40490527343749994 0.776302734375 0.450396484375 0.7521484375 0.44703564531250006 0.712158203125 0.4323920890625 0.7084791671875 0.41894872968749997 0.7147174484375001 0.405025390625 0.7215963546874999 0.4020249015625 0.7419108078125001 0.4020249015625 0.7423912765625 0.3990239265625 0.7590266921875
12 0.3381171875 0.7437545578125 0.34387841875 0.73191796875 0.3466391609375 0.7092031249999999 0.3337958984375 0.7008854171875 0.30330859375 0.6893678390625 0.30210839843750004 0.7066438796875001 0.3111103515625 0.7100032546875 0.3203530265625 0.7312779953125 0.3381171875 0.7437545578125
2 0.314953125 0.661935546875 0.320474609375 0.6473789062499999 0.310072265625 0.6382526046875 0.29982959062500003 0.6524973953125001 0.305951171875 0.6560169265625 0.308591796875 0.6689733078125 0.314953125 0.661935546875
5 0.42704443281250004 0.67587109375 0.4338862296875 0.6702721359375 0.4182822265625 0.63716015625 0.4112006828125 0.6413190109375 0.41480127031249997 0.651556640625 0.393556153125 0.6493170578125 0.3813129875 0.6306015625 0.36931005781250004 0.61140625 0.3616284171875 0.6091673171875 0.3610283203125 0.5936510421875 0.35478662031249997 0.5971699218750001 0.35274609375 0.5963704421875 0.3528662109375 0.5965299484375 0.352501953125 0.59983984375 0.355142578125 0.6468684890625 0.38034912187500003 0.6455885421875001 0.4054350578125 0.6681432296875001 0.42704443281250004 0.67587109375
9 0.335459471875 0.6051393234375 0.35226367187499996 0.5939420578125 0.34230126875 0.5790657546875 0.33221875 0.5757063796875 0.31901562499999997 0.5742669265625 0.326697265625 0.58514453125 0.330658203125 0.601140625 0.330298340625 0.6083385421874999 0.335459471875 0.6051393234375
9 0.4887001953125 0.6563098953125001 0.4887001953125 0.6701139328125 0.4974292 0.683453125 0.5090678703125 0.6896575515625 0.51267578125 0.6840735671875 0.51209375 0.6653059890625 0.514537596875 0.6573951828125 0.5009931640625 0.6450989578125 0.499291015625 0.6634446609375 0.4971962890625 0.659412109375 0.4887001953125 0.6563098953125001
9 0.39340234375 0.5830332031250001 0.38537158125 0.5910983078125 0.382229003125 0.594666015625 0.3771083984375 0.5994739578125 0.3794360359375 0.6041276046874999 0.3901435546875 0.6053678390624999 0.39340234375 0.5962167968750001 0.3970102546875 0.5873756515624999 0.39340234375 0.5830332031250001
9 0.43972363281250004 0.615294921875 0.43192578125000003 0.6013352859375 0.4282421875 0.5981497390625 0.42308056718750003 0.603662109375 0.4320424796875 0.6154498703125 0.436115721875 0.6244459640625 0.43972363281250004 0.615294921875
