10 0.11529101562499999 0.792029296875 0.122024903125 0.8159596359375 0.18206738281249998 0.8578385421875 0.2499663078125 0.8548470046875 0.316181640625 0.8219427078124999 0.33806640625 0.7875423171875 0.31842626875 0.5317845046875 0.2791459953125 0.49813216093749996 0.217419921875 0.490654296875 0.17028369062499998 0.5198196609375 0.1601826171875 0.5287936203125 0.1562548828125 0.5557154953125 0.12258593749999999 0.771837890625 0.11529101562499999 0.792029296875
10 0 0.8265924484375 0.0202036140625 0.7461087234375 0.0242060546875 0.736703125 0.06428955 0.68534375 0.0827094734375 0.6809166671875 0.0966767578125 0.6586341140624999 0.0205053703125 0.5931901046875 0 0.6080794265625 0 0.8265924484375
12 0.38996045 0.6761536453125 0.41087597656249997 0.6950358078125001 0.385912109375 0.750783203125 0.3636474609375 0.8397988281250001 0.40885156250000004 0.849689453125 0.50330859375 0.8397988281250001 0.5896689453125 0.8685716140625 0.6692822265625 0.8730670578125 0.6908725578125 0.829908203125 0.674005371875 0.7489850265625 0.6672583015625 0.6959348953125 0.6314995109375 0.6833470046875 0.588994140625 0.6428854171875 0.5073564453125 0.63479296875 0.4655258796875 0.6401881515625 0.46687500000000004 0.6060201828125 0.4473090828125 0.5475755203125 0.4027797859375 0.5358867187499999 0.38479492187500003 0.5333040359375001 0.3805146484375 0.55566796875 0.3865869140625 0.5799453125 0.37241845625000003 0.6204069015625 0.38996045 0.6761536453125
2 0.7754130859374999 0.45241406250000005 0.7807758796875001 0.462859375 0.7976894531250001 0.46835742187499996 0.8381166999999999 0.45626237031250005 0.8925693359375 0.390291015625 0.9614609375000001 0.2973815109375 0.9565107421875 0.2880358078125 0.9193833015624999 0.2737415359375 0.9115454109375 0.27868945312500004 0.8686430671875 0.3276184890625 0.8034648437499999 0.4106321609375 0.78861376875 0.438669921875 0.7754130859374999 0.45241406250000005
2 0.456212890625 0.3389290359375 0.46680761718749997 0.3762779953125 0.518673340625 0.35661132812499996 0.5162807625 0.29876562500000003 0.51149609375 0.2122252609375 0.50192626875 0.1858072921875 0.4865463859375 0.1789752609375 0.46193896562500003 0.17806445312500002 0.4510859375 0.188166015625 0.4415166015625 0.2022858078125 0.4415166015625 0.2291588546875 0.446643065625 0.2692408859375 0.456212890625 0.3389290359375
2 0.9121230468749999 0.3849479171875 0.9035395515625 0.37966796875000003 0.8358588859375 0.45666536406249997 0.81109765625 0.46238476562499997 0.7962407234375 0.5085833328125 0.8054848640625 0.5253027343750001 0.8718452140625 0.5002233078125 0.8876923828125 0.4760247390625 0.927310059375 0.415306640625 0.9121230468749999 0.3849479171875
9 0.9827031249999999 0.45447981718749997 0.9798715828125 0.42429492187499995 0.945189453125 0.40825911406250004 0.99951171875 0.3011979171875 0.99951171875 0.16866862031250002 0.988365234375 0.17291341093749998 0.9795180671875 0.20215494843749998 0.9512060546875001 0.2865774734375 0.9614687500000001 0.29270898437500004 0.9589917 0.3030846359375 0.9384946281250001 0.3304700515625 0.9175854484375 0.40354296874999995 0.9363422859374999 0.428068359375 0.9625307609375 0.4591959640625 0.9827031249999999 0.45447981718749997
5 0.27408545 0.08792838593749999 0.28563525312500004 0.0717858078125 0.3408466796875 0.022540364062500002 0.3250712890625 0.0101516921875 0.136615234375 0.0026432296875 0.1195810546875 0.0352669265625 0.131412109375 0.06905403593750001 0.14859570312499998 0.113728515625 0.1649340828125 0.1523404953125 0.153103028125 0.19363606718749998 0.19451269531249998 0.24469205781249997 0.1900053703125 0.252951171875 0.1463422859375 0.273974609375 0.1232431640625 0.29274023437499996 0.1404267578125 0.313763671875 0.1381728515625 0.4027369796875 0.1624077140625 0.4139850265625 0.243818846875 0.3509153640625 0.270861815625 0.3347727859375 0.2733969734375 0.3077428390625 0.28579150468750003 0.30098567656249997 0.32213085937499997 0.30586588593749997 0.32804638750000004 0.28221484375 0.3441416015625 0.2653958328125 0.3167661125 0.258052734375 0.30944189375 0.2017408859375 0.27408545 0.08792838593749999
12 0.321711425 0.31041210937499997 0.2960771484375 0.3021529953125 0.2788935546875 0.3055319015625 0.31917626875 0.377611328125 0.35185302812499997 0.4065182296875 0.38481201249999997 0.40801953125 0.4005869140625 0.3791126296875 0.416080565625 0.349455078125 0.4262216796875 0.3220501296875 0.3552333984375 0.26160807343750003 0.34202832031249997 0.2653958328125 0.34058544999999996 0.2657376296875 0.32396533125000004 0.285634765625 0.321711425 0.31041210937499997
12 0.637818359375 0.28555794218749997 0.637818359375 0.25026953125 0.5868675343749999 0.265938596875 0.5952817375 0.32272395781249996 0.637818359375 0.28555794218749997
12 0.7957226562499999 0.1552897140625 0.7051166984374999 0.17852734374999998 0.7030439453125 0.20446875000000003 0.8117792968750001 0.181568359375 0.8033286140625 0.1571666671875 0.7957226562499999 0.1552897140625
10 0.89321484375 0.255125 0.8678618171875 0.29191536406249996 0.8833554687499999 0.3073072921875 0.9211025390625001 0.2753971359375 0.89321484375 0.255125
10 0.6999497078125 0.38614453125 0.7114995125 0.3940279953125 0.73854248125 0.437951171875 0.781642090625 0.37826041718750003 0.8069951171874999 0.3587389328125 0.823615234375 0.3193209640625 0.8086850578125 0.271267578125 0.7607963875 0.2299720046875 0.7393872078125 0.2678893234375 0.6926254890625 0.2907890625 0.6768505859375 0.36774934843749996 0.6999497078125 0.38614453125
10 0.566111328125 0.321666015625 0.59202734375 0.3085266921875 0.5731538078125 0.20266015624999997 0.5635761718750001 0.16699609375 0.5593505859375 0.1347102859375 0.54723779375 0.100171875 0.5278002921875 0.1219459640625 0.5292089843750001 0.12344791718749999 0.5286791984375 0.12499739531250001 0.52836376875 0.1913977859375 0.51287060625 0.24245377656249997 0.5207578125000001 0.2995169265625 0.566111328125 0.321666015625
