5 0.44062342968749996 0.374337790625 0.4261896734375 0.42822229375000004 0.4296935390625 0.4650976 0.4052062671875 0.4900490859375 0.41905135312499997 0.502658609375 0.426481246875 0.515650409375 0.41248395000000004 0.5439595859375 0.4655320953125 0.5499314109375 0.5534966812500001 0.542725171875 0.5660944515625 0.5398740328125 0.614783609375 0.5236742750000001 0.6459679140625 0.4428283796875 0.6517177078125 0.351214815625 0.6333874015625 0.336592446875 0.579588953125 0.3421210078125 0.499047153125 0.351186878125 0.44062342968749996 0.374337790625
12 0.274006515625 0.8633063078125 0.2830389 0.878109234375 0.293953121875 0.8731547796875001 0.3045300875 0.9118023859375001 0.3520737328125 0.8952091984375 0.4086512390625 0.9041806781249999 0.45059162812500003 0.8833672140625 0.45245399375 0.8354585078125 0.43113895625 0.8047674328125 0.39540768125 0.8014943593750001 0.3716945359375 0.8246663921874999 0.3217174453125 0.8367223031250001 0.2671350734375 0.8420078906249999 0.274006515625 0.8633063078125
12 0.154657140625 0.7928809765625 0.1722671875 0.8169836640625 0.21005987343750002 0.7992347359374999 0.20948679062500003 0.7532194234375 0.2312850015625 0.70000185 0.1718174796875 0.6874195046875 0.1475758921875 0.729538515625 0.1482401625 0.7673046546875 0.16353920625 0.75954651875 0.17587511718749999 0.7715101375 0.154657140625 0.7928809765625
12 0.2983772078125 0.648077740625 0.22056254531250002 0.72101674375 0.19767515156249998 0.764489946875 0.22000834687499998 0.8337083234374999 0.2647743703125 0.8539492328125 0.274145171875 0.835910278125 0.3531809890625 0.8327168203124999 0.38880450781250003 0.8106361796874999 0.38869200625 0.7787863265625 0.38342963750000003 0.7352939671875001 0.364451159375 0.6903486796875 0.3414238671875 0.6608287453125 0.3318434140625 0.636822565625 0.2983772078125 0.648077740625
12 0.3084240453125 0.56962254375 0.286485778125 0.5498480734375 0.2609925375 0.6094700015625001 0.2468598453125 0.6566482140625001 0.250111553125 0.6620637203124999 0.26679758593749997 0.6535037906250001 0.318761590625 0.6448777406249999 0.3607996 0.63426003125 0.41012086875 0.5876471484375 0.3986353046875 0.548751825 0.37039805625 0.5536948749999999 0.3371968625 0.556559875 0.3084240453125 0.56962254375
12 0.45943623593750005 0.58282886875 0.4422763140625 0.589533175 0.41907812343749995 0.586221425 0.40533751718750005 0.578117684375 0.3653149140625 0.633308384375 0.373859225 0.7255249140625 0.4072685671875 0.809741003125 0.4472675625 0.8054246421875 0.480205325 0.8131164468750001 0.5235897765625 0.7930261953125 0.5650654625 0.7515505078125 0.615636021875 0.6852697984375 0.604599634375 0.6432169109375 0.6462325765625 0.5679973328125001 0.6201526421875 0.5621149171875001 0.533820896875 0.5920834968750001 0.45943623593750005 0.58282886875
4 0.34480726875 0.5626273890625 0.42904720156250004 0.518474971875 0.41757097187500003 0.4925730125 0.3465027296875 0.5354713953125 0.34083883125000003 0.5644294921874999 0.34480726875 0.5626273890625
12 0.19928629375 0.4765183765625 0.1728714203125 0.5078089109375 0.17725140625 0.579270346875 0.206319621875 0.6011250718750001 0.2096607296875 0.6059091296875 0.2203218125 0.6266683453125 0.23760895624999998 0.6211356796875 0.2608257375 0.6159594984375001 0.2956086234375 0.5519235874999999 0.302181640625 0.5318076953124999 0.284922525 0.4943523109375 0.261191646875 0.491538553125 0.23557577031250002 0.504152665625 0.218246884375 0.4954789671875 0.2262604859375 0.471755215625 0.19928629375 0.4765183765625
12 0.177497421875 0.3277801 0.115187471875 0.2481585265625 0.102197584375 0.2524802625 0.075265496875 0.3178755828125 0.051670396875 0.3815581984375 0.050632515625 0.4476030125 0.0861035234375 0.46576239687500004 0.161629746875 0.47637097031250003 0.18788847656250002 0.480990484375 0.2205284625 0.44943366874999996 0.23203978281249998 0.39458439218749997 0.27083035624999996 0.3850468421875 0.2921281515625 0.3919189078125 0.28892894999999996 0.3317363953125 0.2391347546875 0.34685985 0.18932441093750002 0.3381641421875 0.177497421875 0.3277801
9 0.5772268656249999 0.19677468125 0.5565539937499999 0.2291335703125 0.5631465515625 0.22778804375 0.5842604046875 0.20094981406249998 0.5772268656249999 0.19677468125
9 0.5212808640625 0.1789987046875 0.5190902171875 0.1762621109375 0.53520733125 0.1420771984375 0.526044315625 0.143849353125 0.513515584375 0.174240503125 0.505927334375 0.17977495625 0.502276703125 0.19225410468749998 0.5119577375000001 0.19674052656250002 0.5147945328125 0.19410911250000001 0.5212808640625 0.1789987046875
9 0.29289321875 0 0.10233217812499999 0.190561040625 0.10235688125 0.1908289328125 0.103400625 0.2324488609375 0.1265522234375 0.2763401765625 0.19472323281249998 0.34360918749999997 0.21138309843749997 0.34265759687499997 0.26422822031250004 0.34420999218750004 0.35325626875 0.3002107671875 0.42997042968750004 0.258378353125 0.48295125156249996 0.214877825 0.532020175 0.1116252046875 0.5218100734375 0.0256734734375 0.5014310015625 0 0.29289321875 0
4 0.241186609375 0.22819258437499998 0.30234949218749996 0.1790992828125 0.29329740625 0.136684496875 0.276492525 0.1379133375 0.219797815625 0.19393095 0.241186609375 0.22819258437499998
2 0.816941696875 0.213412315625 0.8113037140625 0.219350396875 0.8010720421874999 0.2238867625 0.7970932015625001 0.24705032968750001 0.814249528125 0.2714501265625 0.8259121203124999 0.26229804375 0.8780682375 0.2362214140625 0.915782178125 0.208675396875 0.879226528125 0.172119746875 0.878374175 0.17266411718750002 0.816941696875 0.213412315625
2 0.761077209375 0.323535525 0.7745948328125001 0.3043225984375 0.8170621171875 0.2741452796875 0.8062694562500001 0.262155784375 0.7672915015624999 0.28464614843749997 0.7568041453125 0.28014546406249996 0.6547993156249999 0.348575853125 0.655758146875 0.36350441718750004 0.6723249515624999 0.379646459375 0.761077209375 0.323535525
2 0.66457933125 0.51518615625 0.7197457984375 0.48644053749999994 0.7666565046875 0.456316584375 0.7703974031249999 0.450477809375 0.81521129375 0.42065195781250003 0.8103085578125 0.4057697703125 0.761695821875 0.4298016359375 0.745071809375 0.43233696874999994 0.65748043125 0.477660428125 0.6533497984375 0.49707920000000005 0.66457933125 0.51518615625
2 0.688991965625 0.657917996875 0.7210048687499999 0.6434092687499999 0.7321907890625 0.646612128125 0.7789549703125 0.6211314859375 0.8198533890625 0.5892266390625001 0.8194439156250001 0.574047878125 0.7849898546875 0.5683328359375001 0.7247065218750001 0.610629959375 0.7140317515625 0.6243029 0.690778453125 0.643358571875 0.688991965625 0.657917996875
2 0.6968947234375 0.6379137734375 0.7152081375 0.6234978859375 0.754857028125 0.5601665453125 0.7434125859375 0.54433204375 0.7273370906250001 0.545419503125 0.6767603328125 0.6181791578125 0.6777696890625 0.633956553125 0.666901140625 0.657415165625 0.6757605812499999 0.6651539796875 0.6968947234375 0.6379137734375
10 0.7507391796875 0.6700353078125 0.7222892515625 0.6822977406249999 0.7384126484375 0.712532040625 0.765937678125 0.6992035390625 0.7507391796875 0.6700353078125
10 0.7998783765625 0.6844475671875 0.7704322515625 0.7001051109375 0.7854721265625 0.717140125 0.8203597125 0.70053884375 0.7998783765625 0.6844475671875
10 0.8000036078124999 0.8738025687500001 0.80822936875 0.86491659375 0.7961425625 0.85841793125 0.7928051828125 0.869848590625 0.8001483109375 0.8759948828124999 0.8000036078124999 0.8738025687500001
2 0.4826007984375 0.5125179125 0.4857520484375 0.524998975 0.5428125109375 0.4976463765625 0.5717056171875 0.49234100156249994 0.62020054375 0.470054040625 0.643975009375 0.4481139265625 0.624311125 0.4179821125 0.6049821140625 0.428662665625 0.5990950984375 0.4374325 0.5648866984375001 0.4569642140625 0.5420700796875 0.474277778125 0.4826007984375 0.5125179125
2 0.457293640625 0.53220948125 0.45996415781250005 0.5429055328125 0.49225981562500004 0.5357693703125 0.5014742640625001 0.5414932593749999 0.6048162640625 0.51048621875 0.6015704671875 0.488047346875 0.576733125 0.486939309375 0.5635982390625001 0.4929975 0.5245395171875 0.5045381390625 0.4943460609375 0.5221518484375001 0.47990105781250003 0.526899921875 0.457293640625 0.53220948125
2 0.5808738953125 0.3893441546875 0.5708394109375 0.3967574671875 0.5571346734375 0.398406690625 0.5414760656250001 0.41589964999999995 0.48191290625 0.4442750859375 0.48190226562499994 0.45873264999999996 0.4971115015625 0.45633292656249996 0.5328055390624999 0.4389852125 0.5602190484375 0.4409241375 0.57400744375 0.43342561875 0.60311595625 0.424497784375 0.6077901406249999 0.42952052656250006 0.643959534375 0.40566829687499995 0.6316717109375001 0.37418864531249996 0.6084073796875 0.3757005375 0.5808738953125 0.3893441546875
2 0.4396582203125 0.4337190234375 0.44520737343750005 0.4410122046875 0.49888615156249994 0.42559690781250004 0.5392102999999999 0.4135776640625 0.5476719296875 0.40354332812499993 0.584284228125 0.38920770937500004 0.5837508515625001 0.37506439999999996 0.5404554203124999 0.383765053125 0.529409103125 0.3793488 0.48550455000000003 0.3902312796875 0.4429656609375 0.4188803046875 0.4396582203125 0.4337190234375
9 0.853287825 0.32859335624999997 0.8643225859375001 0.3510542625 0.869674171875 0.35566875625 0.8833149499999999 0.34645724218749996 0.8706207765625 0.32454819687500003 0.85692555 0.3219105703125 0.853287825 0.32859335624999997
7 0.32177753125 0.210435696875 0.35719047812500004 0.211757603125 0.3610046265625 0.1864217125 0.365431078125 0.15231084374999998 0.310517128125 0.127767421875 0.2905818359375 0.1407026828125 0.28670198281250003 0.160538390625 0.3198554078125 0.20159741874999998 0.32177753125 0.210435696875
1 0.335119084375 0.0770388515625 0.31664794375 0.08771775000000001 0.31692935312500004 0.101230553125 0.3398241515625 0.0886600734375 0.335119084375 0.0770388515625
2 0.1973828671875 0.11825686875000001 0.22875611875000001 0.13442107812499998 0.25705982656250004 0.1320918203125 0.26947500625 0.122274365625 0.2552423828125 0.09568985937499999 0.2392861859375 0.07825073593750001 0.22500522968749997 0.0678879890625 0.1920496328125 0.10084358593750001 0.192147678125 0.10127071406249999 0.1973828671875 0.11825686875000001
4 0.161351815625 0.241625925 0.167377284375 0.24707171562500002 0.20091951875 0.26291254375 0.20974555625 0.2470360703125 0.21177685937500002 0.234244365625 0.2015711421875 0.22255697031250002 0.20638298281249998 0.20958245312499998 0.1907419734375 0.2018458 0.1817206 0.2041881078125 0.17202025468749998 0.20832256562499998 0.1615262296875 0.22549565624999998 0.161351815625 0.241625925
4 0.1757519421875 0.332607215625 0.1808233859375 0.337183934375 0.1826759640625 0.3360731625 0.18217799375 0.3366470953125 0.22543518125 0.32448385 0.252508321875 0.33080603124999997 0.2390133203125 0.29903119375 0.22289091875000003 0.3095877078125 0.21727237968750002 0.317803975 0.195139771875 0.306540321875 0.1840138046875 0.3043081609375 0.17511884687499998 0.3102349578125 0.1758140875 0.3321746375 0.1757519421875 0.332607215625
4 0.29289321875 0 0.2629380546875 0.0299551640625 0.2863367796875 0.0369479640625 0.301591221875 0 0.29289321875 0
10 0.12434328593749999 0.7872908734374999 0.1386833796875 0.80535015 0.1392882578125 0.8055827343749999 0.17554811875 0.7704398015625 0.1593984078125 0.7594971953125 0.12434328593749999 0.7872908734374999
12 0.3421751609375 0.5165207078125 0.39551814531249996 0.500634690625 0.42333943281249997 0.471136603125 0.4273116609375 0.4252340671875 0.42756366718749994 0.385288425 0.3669884984375 0.31056987343750003 0.3312800546875 0.3798218109375 0.3155684015625 0.41621868125 0.306842846875 0.4551341328125 0.30929055 0.4940578015625 0.3421751609375 0.5165207078125
2 0.2619333046875 0.449166684375 0.25366465 0.47588482499999996 0.2630791015625 0.49051012812500006 0.301165359375 0.49435417812500004 0.3107557875 0.4942674875 0.30569038437499996 0.4400719046875 0.2619333046875 0.449166684375
10 0.2998628921875 0.384844384375 0.2754103875 0.380289565625 0.2548689078125 0.38471670156250004 0.2369632453125 0.390609053125 0.2283888671875 0.41207546875 0.20927179218749997 0.430020284375 0.22753358750000002 0.4451613140625 0.22578235468750002 0.45394422656250005 0.2261748515625 0.4540356390625 0.21646669531249998 0.49812756406250003 0.246921753125 0.504005040625 0.2596442046875 0.48278511562500004 0.2561220359375 0.46989940625 0.2623543859375 0.44960275781250003 0.2823093765625 0.443418534375 0.3068069953125 0.4429475390625 0.33162898749999997 0.38032815625 0.30069634375 0.390750015625 0.2998628921875 0.384844384375
7 0.3320923765625 0.3792786375 0.33364295624999996 0.3636637625 0.3203584875 0.3476483125 0.32483291875 0.3255937453125 0.29243604375 0.334550125 0.2991565125 0.38613689375 0.3008671390625 0.38940790000000003 0.3320923765625 0.3792786375
4 0.33959552187500003 0.361813165625 0.33984082187500003 0.36361885 0.34972561562500004 0.3317593546875 0.3376176046875 0.32394270937499997 0.3279014078125 0.31695749375000004 0.3194749875 0.3409130671875 0.32256126875 0.35804403749999997 0.33925469218750004 0.3630327203125 0.33959552187500003 0.361813165625
9 0.301704265625 0.329383871875 0.3262453421875 0.32154420625 0.3435781578125 0.3338048421875 0.3569446671875 0.32688388281249997 0.36888879218750004 0.3099590625 0.3663912875 0.296927415625 0.29848185156249996 0.32733205781249997 0.301704265625 0.329383871875
2 0.294753840625 0.5571466765624999 0.31246929687499997 0.568055915625 0.34217455625 0.5582856281249999 0.3468417109375 0.535727921875 0.33780469218750003 0.517162453125 0.3215361421875 0.5063396250000001 0.29941260937499997 0.522329896875 0.294753840625 0.5571466765624999
9 0.28369268124999997 0.49226794375000005 0.28266539062499996 0.49778076562500007 0.29700968125 0.5101349140625 0.29150533125 0.5239698078125 0.296916228125 0.528811021875 0.32447151875 0.5083042921875001 0.3108730609375 0.49413614843750003 0.287058828125 0.49431857343749996 0.28369268124999997 0.49226794375000005
4 0.44184220625000004 0.5910879625 0.4617381765625 0.5846335859375 0.46912905781249997 0.5701491296875 0.44965311718749995 0.55415250625 0.43684115781250005 0.5527754390624999 0.42372264531250003 0.55805294375 0.4211809953125 0.5699295265625001 0.41911454375 0.5784846703125 0.44184220625000004 0.5910879625
2 0.526979040625 0.5907110984374999 0.5467965328125 0.5608112390625 0.522104415625 0.5560055625 0.484349315625 0.5470869265625 0.46451128906249994 0.547135340625 0.44753491875 0.5495494390625 0.45829953593750006 0.5578279390625001 0.464277378125 0.56827954375 0.4907144828125 0.57880799375 0.526979040625 0.5907110984374999
1 0.556059315625 0.5755122484374999 0.5627298859375001 0.579230709375 0.565464615625 0.57649598125 0.57018535625 0.568787384375 0.5622852765624999 0.565859540625 0.556059315625 0.5755122484374999
2 0.5623914265625001 0.43944105 0.5361825015624999 0.44252833125 0.5085483703125 0.4511427921875 0.458943034375 0.48247495 0.45877254218749997 0.5046482796875 0.47070372968749996 0.513601125 0.5172737453125 0.4931359171875 0.5476287109375 0.468374034375 0.6011456625 0.434995559375 0.5993350515625 0.4207706015625 0.5623914265625001 0.43944105
2 0.5364114109375 0.4139570078125 0.502692140625 0.424927884375 0.47500632343750004 0.44739292812500003 0.4455880796875 0.48053989374999995 0.4531345578125 0.5003295624999999 0.45280752812499997 0.501662859375 0.45808609375 0.5004862640625001 0.45851067968750003 0.4855181609375 0.5169311640625 0.4476084625 0.48495208593749994 0.4598223109375 0.47991568124999995 0.45180631250000003 0.48438184531250006 0.4428649328125 0.5288392328125 0.42227474374999996 0.5364114109375 0.4139570078125
9 0.4462269375 0.37594602187500004 0.536647996875 0.35396333593749996 0.5392175984375001 0.285844746875 0.5207781640625 0.23711091093749997 0.4900942203125 0.2266232359375 0.46528730156250003 0.23355366875 0.395390359375 0.2747387015625 0.3660890984375 0.3067483484375 0.420444440625 0.3639883359375 0.44734048125000003 0.3771807484375 0.4462269375 0.37594602187500004
