9 0.6317817109375 0.7136252437499999 0.623953265625 0.6610668609375 0.66943725625 0.6415398265625 0.6865859750000001 0.6190979390625 0.642112621875 0.5845080234375 0.5765334484375 0.5852835328125 0.552748840625 0.5456071109375 0.51646215 0.48943645 0.48226094062499997 0.4695763390625 0.44296138906250004 0.48917766250000005 0.3965869046875 0.514169546875 0.41101905 0.5878583671875 0.4413865046875 0.683908959375 0.45880784375 0.66573426875 0.473454059375 0.6372610390625 0.5252852578125 0.6238065359375 0.5483479734375 0.7110763921875 0.6317817109375 0.7136252437499999
9 0.533334065625 0.53486674375 0.5219803125 0.50302413125 0.47430446093749995 0.4862973765625 0.4889084625 0.5237701890625 0.5158172046875 0.539676615625 0.533334065625 0.53486674375
9 0.0995347375 0.6119199109375 0.138411234375 0.6470142265625001 0.16920303750000001 0.6519682812500001 0.1749871109375 0.6517791421875 0.18273215468749998 0.64542928125 0.1739124078125 0.615834003125 0.1244774984375 0.588416071875 0.0995347375 0.6119199109375
9 0.3222758109375 0.610440490625 0.3046672625 0.5907018171875 0.2980369625 0.5939474953125 0.28073731875 0.60738136875 0.274696921875 0.6233987578125 0.3222758109375 0.610440490625
9 0.0579578265625 0.7060896125 0.3525497578125 0.6524839046875 0.39663294531250004 0.618128940625 0.401796225 0.601850834375 0.39812448906250003 0.5904535796875 0.06170869375 0.67552391875 0.0463515765625 0.6900677484375 0.0579578265625 0.7060896125
10 0.090108928125 0.9140030234375001 0.0930149125 0.8864936328124999 0.1000652390625 0.8777743171875001 0.10240907968749999 0.8549325781249999 0.1289825140625 0.8186811515624999 0.1322528671875 0.7869540625 0.12045923124999999 0.7703432171875 0.0825985984375 0.786571796875 0.0406752734375 0.7744252656249999 0.06758262968749999 0.9270244703125 0.07159261875 0.926820975 0.090108928125 0.9140030234375001
9 0.5211836640625 0.496641525 0.53880936875 0.45545810937500003 0.5687290953125 0.38629705468750003 0.5630200375000001 0.37960718125000004 0.39870333593749996 0.4513387171875 0.38306534062500003 0.473782034375 0.416442734375 0.481603771875 0.5211836640625 0.496641525
3 0.3210025921875 0.7554903625 0.3418081828125 0.7642735187499999 0.37858224687500003 0.8310291296875001 0.39224495312499996 0.770652825 0.3210025921875 0.7554903625
3 0.23076394687500001 0.9099473296875 0.24893801718750003 0.9053544078125 0.28887096562500003 0.8705444984374999 0.29311394218750003 0.8552178500000001 0.230430934375 0.8923034812499999 0.23042063281249997 0.90931369375 0.23076394687500001 0.9099473296875
17 0 0.385178415625 0.042663107812500004 0.41931418750000005 0.068790525 0.4200824484375 0.03713290625 0.281207040625 0 0.2628435046875 0 0.385178415625
17 0.16886897812499999 0.5200175687499999 0.1802641984375 0.48996350624999996 0.1816730484375 0.41916609843749997 0.1626393859375 0.362051809375 0.13065385937500001 0.31053953437500004 0.10750191718749999 0.3930997734375 0.16886897812499999 0.5200175687499999
17 0.4291534375 0.164177971875 0.42424330625 0.1978726203125 0.5372890406249999 0.230791078125 0.5411466921875 0.20480150937500002 0.4291534375 0.164177971875
