2 0.0965875359375 0.7494146484375 0.08112289687499999 0.7347137499999999 0.05926781875 0.723443290625 0.04405435 0.722439090625 0.029685845312499997 0.73517014375 0.0881344375 0.758686315625 0.0965875359375 0.7494146484375
12 0.38864073593750004 0.64411720625 0.3061487875 0.5426603421875 0.26072774062500004 0.5156911484375 0.2391001375 0.5236607375 0.189057015625 0.5132003578125001 0.14828178125 0.542117571875 0.1285787875 0.5910308671875 0.1314332265625 0.6258309015625 0.1418493359375 0.6810615125 0.1689193453125 0.7029773234375 0.17326478125 0.7708568 0.180121890625 0.7906048625000001 0.3016465921875 0.838118871875 0.38924780625 0.73570273125 0.38864073593750004 0.64411720625
10 0.097169425 0.7255189640624999 0.09441733906250001 0.716600921875 0.0868526140625 0.711434578125 0.06680526406250001 0.7260872968750001 0.08123211875 0.7356032953125 0.097169425 0.7255189640624999
7 0.0446121578125 0.7023984015625 0.0330727859375 0.6832719093749999 0.0191662703125 0.6866780609375 0.024824209375 0.7327582671874999 0.0403905765625 0.7232345734375001 0.0446121578125 0.7023984015625
12 1 0.7983846531250001 0.9914860750000001 0.8042653734374999 0.9445031187499999 0.794571559375 0.8597523921875 0.7556891515624999 0.72990430625 0.7329755687499999 0.66109878125 0.7346581265625 0.46253411875 0.8982056328124999 0.4869222640625 0.9444987687499999 0.5305102625 0.9633080609375 0.6631368234374999 0.9837242296875001 0.7519401875 0.972820546875 0.8430369750000001 0.9452291031250001 0.9442018437499999 0.9076803578125 1 0.8718153750000001 1 0.7983846531250001
2 0.4710034046875 0.8838270312500001 0.45427008593749996 0.8736273328124999 0.4405042859375 0.870941028125 0.399827228125 0.858428546875 0.3914593296875 0.8616438296875 0.38140173437499997 0.8725079843750001 0.37339728125 0.8739280296875 0.370934315625 0.889549603125 0.3787080140625 0.91004055625 0.40955461875 0.928136596875 0.44186331718750005 0.9438652828125 0.44650921875 0.917471996875 0.4710034046875 0.8838270312500001
9 0.47513416093750005 0.8818448640625001 0.55886455 0.8120406265625 0.4638092359375 0.7563098890625 0.43981101562499997 0.7701991296874999 0.4020265703125 0.85974666875 0.461860359375 0.876035009375 0.47513416093750005 0.8818448640625001
12 0.386417475 0.8603506968750001 0.43765715937499994 0.7757154296875 0.46384549531249997 0.7558682171875 0.5654426046875 0.8125463343750001 0.618169703125 0.7693076578125 0.6023986265625 0.7550496359375 0.58658619375 0.76662039375 0.5707224656250001 0.761127678125 0.5096086984375 0.7463098921875 0.5330918890625 0.7377365921875 0.5189875875000001 0.7180229406249999 0.4339782578125 0.6798790984374999 0.379801265625 0.7596223203125 0.3434797734375 0.7920935765625 0.3094993078125 0.815085375 0.30354073593750003 0.8569581328125 0.3236922109375 0.8973764578125 0.32305333593749996 0.900956128125 0.32396279687499996 0.8964679265625 0.3700973625 0.92012738125 0.4078437265625 0.9325616203125 0.3780582703125 0.9064575265625001 0.3697318375 0.8838448796874999 0.386417475 0.8603506968750001
4 0.5114740375 0.7464333984375 0.5532651328125 0.7513685546875 0.58576245 0.7710133906250001 0.5939510703125 0.7520628734375 0.5840205125 0.7235209046875 0.5778653 0.7185867453125 0.5650678953125 0.7166568437499999 0.5114740375 0.7464333984375
4 0.5336877375 0.6180937890625 0.5305024171875 0.6040419078125 0.5193721421874999 0.596654603125 0.506164915625 0.6009021671875 0.4640530625 0.6647209843749999 0.46403710625 0.671726259375 0.47554451562500005 0.6869450171875 0.48793436406249996 0.67842041875 0.5008139421875 0.6834042375 0.5367974984375 0.6339055625000001 0.53561016875 0.6266108109374999 0.5336877375 0.6180937890625
4 0.5899283578125 0.6645846015625 0.5854260203125 0.64456641875 0.5784000796875 0.6349254171875 0.5448179078125001 0.6254802421875 0.5397897953124999 0.625866909375 0.5350807796875 0.6222992781250001 0.5376843921875001 0.63160883125 0.5252321046875 0.6515200828125 0.5543293015625 0.6720187578125 0.5707754078125 0.6822545859375 0.5822784703125 0.67602756875 0.5899283578125 0.6645846015625
2 0.5651118375 0.7152309125 0.5756597296875 0.7178751046875 0.5964443937499999 0.7253895265625 0.6177154687499999 0.7249656015625 0.6071330140625 0.6982542890625 0.59082320625 0.6915038171875 0.5359936640625 0.68029095625 0.5306623390625 0.6844467875 0.48601678281250005 0.6776742796875 0.483986103125 0.6849260687500001 0.48395351875000003 0.6989358375 0.519874453125 0.7155335234375 0.5272175625 0.7277623671875 0.5456109359375 0.727691778125 0.5651118375 0.7152309125
10 0.58592430625 0.672846853125 0.576025475 0.685004040625 0.610401784375 0.7009169390625 0.619197434375 0.7225958046875001 0.583727496875 0.728701578125 0.5965358609375 0.7568910609375 0.6180391015625 0.772633096875 0.6759582875000001 0.7305075234375 0.77699474375 0.7421740328124999 0.76799545625 0.6141648078124999 0.781534296875 0.5674219984375 0.7572177703125 0.5787235374999999 0.7488109656249999 0.536425928125 0.7195960718750001 0.5435142921875 0.674846046875 0.5739564374999999 0.6652394453125 0.6075240515625 0.6214734953125001 0.593640225 0.594224009375 0.6214954890625 0.5464940953124999 0.580087703125 0.5288815296875 0.5769975515625 0.5296684843749999 0.5786515390625 0.51614135625 0.59694415 0.5353492734375 0.6177826328125 0.53831679375 0.625296028125 0.5581324953125 0.632054115625 0.5759573859375 0.6368688125 0.589285878125 0.6264783484375 0.5939172312500001 0.6451672984375 0.58592430625 0.672846853125
4 0.5870692656250001 0.625108775 0.5726586484375 0.6290660109374999 0.59177448125 0.6586697312500001 0.5947972578125 0.6499827359375 0.5870692656250001 0.625108775
