16 0.5403853484375001 0.3048916015625 0.53786080625 0.29756396406249996 0.540205128125 0.293599609375 0.529926740625 0.28266796875 0.496001465625 0.2831069328125 0.49404395624999997 0.3153427734375 0.5079282046875 0.3194272453125 0.5342542124999999 0.31089795 0.5403853484375001 0.3048916015625
4 0.5391230765625 0.4013671875 0.555171428125 0.40304882812500004 0.5683347984375 0.402087890625 0.5578761906249999 0.3888735359375 0.5074989015625 0.39744970625 0.5036007328125 0.4007661140625 0.52018974375 0.401126953125 0.5391230765625 0.4013671875
9 0.7203736265625 0.4096596671875 0.720032234375 0.4339267578125 0.7155853484375 0.4425854484375 0.7253333328125 0.44862353437499997 0.732174359375 0.4092036125 0.7203736265625 0.4096596671875
4 0.4018542125 0.524697753125 0.4018542125 0.5147646484374999 0.39280146562499996 0.509 0.3870769234375 0.5109506828125 0.38721025625 0.5097978515625 0.384947253125 0.509265625 0.3784241765625 0.510063965625 0.36857289375 0.5169819343750001 0.37176776562499997 0.5254072265625 0.37882344375 0.5313491203125 0.3932007328125 0.53055078125 0.4018542125 0.524697753125
9 0.272811721875 0.695943359375 0.296682784375 0.70500439375 0.45656556718749997 0.5912099609375 0.45462271093749995 0.5788208 0.272811721875 0.695943359375
9 0.3562175828125 0.710813965625 0.3205230765625 0.72880859375 0.3635904765625 0.741836425 0.3702857140625 0.7318500968749999 0.36761538437499997 0.723713378125 0.3562175828125 0.710813965625
9 0.6961941390625 0.5191000984375 0.6926842484375 0.5134345703125 0.681074725 0.5058798828125 0.6690600734375 0.506689453125 0.670274725 0.5036318359374999 0.6636600734375 0.5015634765625 0.6597457875 0.50453125 0.64975604375 0.5047109375 0.649350915625 0.50057421875 0.643950915625 0.48393652343750004 0.6223516484375 0.47827050781249997 0.6073677656250001 0.48681445312499994 0.6016974359375 0.49277929687500005 0.59157289375 0.49781591875000003 0.5956227109375 0.503841309375 0.591708425 0.5077084968750001 0.5949479859375 0.51877001875 0.6034527468750001 0.5308212890624999 0.626401465625 0.53459814375 0.62761685 0.5284829109375 0.6291018312500001 0.52872314375 0.657855678125 0.5290830078125001 0.6961941390625 0.5191000984375
9 0.4094783875 0.704716796875 0.4203399265625 0.70133984375 0.4207025640625 0.6976010734375 0.401874725 0.7073696296875001 0.403142125 0.7125556640624999 0.40965934062500003 0.7078520515625 0.4094783875 0.704716796875
0 0.39028864531249996 0.7201533203125 0.400788278125 0.71569140625 0.39988351718750004 0.71098779375 0.3918095234375 0.7071904296875 0.372909890625 0.7101435546875 0.3600564109375 0.7144853515625 0.374357509375 0.7250981453125 0.39028864531249996 0.7201533203125
16 0.4185296703125 0.7097817375 0.42915238125000005 0.701760253125 0.41002124531249995 0.7039931640625 0.4089347984375 0.707490234375 0.41346080625 0.70797265625 0.4185296703125 0.7097817375
15 0.29902344375 0.7313793937499999 0.3110278390625 0.7257841796875 0.3507047625 0.7086103515625 0.3442278390625 0.705305175 0.2921326 0.727615234375 0.29902344375 0.7313793937499999
6 0.3286542125 0.718482421875 0.32021977968750004 0.721615234375 0.32021977968750004 0.7243544921875 0.3270512828125 0.7237651359374999 0.32741391875 0.7236235343749999 0.3323750921875 0.7209609375 0.3286542125 0.718482421875
