12 0.983455565625 0.9991588546875001 0.9670400390625 0.95484375 0.93547265625 0.9405397140625 0.929369140625 0.9284791671875 0.9232661125 0.9377350265625 0.920109375 0.93661328125 0.9104287109375001 0.9411009109374999 0.9129541015625 0.9304427078125 0.9074824218750001 0.9186627609375 0.89485546875 0.9237115890625001 0.885174315625 0.9152968749999999 0.868338378125 0.9189641921874999 0.869601075 0.9304427078125 0.84392578125 0.9683066406249999 0.834666015625 0.9997584640625 0.983455565625 0.9991588546875001
10 0.976734375 0.9390520828125 0.9771552734375 0.9278333328124999 0.95908154375 0.9191946609375 0.9472709968749999 0.9443808593749999 0.9617919921875 0.9511126296875 0.9643173828125 0.9407350265625001 0.976734375 0.9390520828125
10 0.999462890625 0.9337233078124999 0.985783690625 0.9438203125 0.9933598640625 0.9541979171875001 0.99951171875 0.9519537765624999 0.999462890625 0.9337233078124999
10 0.984100096875 0.9729895828125 0.9870463859375 0.9645755203125 0.994412109375 0.9589654953125001 0.9939912109375 0.9525149734375 0.982626953125 0.9412962234375 0.9735776359375 0.9384915359375 0.9656591796875 0.9402428390625 0.9620024421875 0.9511126296875 0.966421875 0.9570026046875 0.972314940625 0.9715872390625 0.984100096875 0.9729895828125
16 0.72053125 0.9172916671875001 0.6801245125000001 0.9352415359374999 0.6696020515625001 0.9206569015625 0.6637094734375 0.9184134109375 0.658658690625 0.9122428390625 0.642243653125 0.9226204421875 0.63087890625 0.9374856765624999 0.679072265625 0.944216796875 0.6944355468750001 0.9475826828124999 0.7013803703125 0.938607421875 0.764726075 0.9475826828124999 0.7983984375000001 0.9481432296875001 0.8038701171874999 0.9655325515625 0.834806640625 0.955435546875 0.84406640625 0.9565572921875001 0.8659536125 0.9186940109374999 0.825546875 0.8802688796875 0.758623046875 0.9203763015625 0.7274765624999999 0.9254251296874999 0.72053125 0.9172916671875001
9 0.7692275390625001 0.9489850265625 0.766701659375 0.9503873703125001 0.7803813468749999 0.97591015625 0.8010053718749999 0.963849609375 0.7959545890624999 0.947021484375 0.7801708984375 0.9464602859375001 0.7538642578125 0.92233984375 0.741658203125 0.9217786453124999 0.7305043953125 0.9257057296875001 0.72019189375 0.9405703125 0.7300834968750001 0.9402903640625 0.7319775390625 0.9405703125 0.7437626953125 0.9318756515625 0.7486030265625 0.9313151046874999 0.7692275390625001 0.9489850265625
16 0.6087143546875 0.8809414062500001 0.6268134765625 0.9266588546875001 0.641544921875 0.92329296875 0.6508046875 0.9168417968749999 0.6590126953125 0.9131959640625 0.6680620109375 0.921890625 0.67626953125 0.9143177078125 0.6146069328125 0.8116647140625 0.601138184375 0.81615234375 0.5918784171875 0.838029296875 0.6013486328125001 0.8559791671875001 0.6087143546875 0.8809414062500001
2 0.6940615234374999 0.8791933593750001 0.706478028125 0.8926562499999999 0.7075302734375 0.9027532546874999 0.7096347656249999 0.9195813796874999 0.7237353515625 0.9139720046875001 0.7271025390625 0.9016315109375 0.7329951171875 0.88283984375 0.736993653125 0.873583984375 0.70563623125 0.8601210937499999 0.6993227531249999 0.8640475265625 0.696166015625 0.8629257812500001 0.691325684375 0.8685351562499999 0.6959555671875 0.8749863281250001 0.6940615234374999 0.8791933593750001
2 0.716997559375 0.8136445312499999 0.7136015625 0.8097415359375001 0.7079477546875 0.8133645828124999 0.693216309375 0.8301927078125001 0.7039492187499999 0.82794921875 0.716997559375 0.8136445312499999
10 0.6098193359375 0.75039453125 0.60625390625 0.7469466140625001 0.5992968750000001 0.7489915359375 0.6020327140624999 0.7658203125 0.60771484375 0.763576171875 0.6098193359375 0.75039453125
9 0.67500390625 0.9057473953124999 0.6798442375 0.8950891921874999 0.6733203125 0.876578125 0.662376465625 0.87237109375 0.6625869140625 0.844884765625 0.670584471875 0.8263730468749999 0.6606928703125 0.7929967453125 0.6737412109375 0.7784127609375 0.6518540046875 0.7621451828125 0.6375634765625 0.7620312499999999 0.61755029375 0.794119140625 0.6135517578125 0.8098255203125 0.6495390624999999 0.8662005203125 0.67500390625 0.9057473953124999
