10 0.0072879125 0.7189428578125 0.028457875 0.73252234375 0.0624622703125 0.7329633703125 0.072178021875 0.7157487171875 0.0072879125 0.7189428578125
10 0.1481362640625 0.8075604390625 0.1075076921875 0.8040293046875 0.07924395625 0.8146227109374999 0.11015750937499999 0.8274234437500001 0.14769450625 0.820361171875 0.1481362640625 0.8075604390625
10 0.15917802187500002 0.7157479859375 0.09646813125 0.7303142859375 0.0774783875 0.73958315 0.063788278125 0.748852746875 0.113249084375 0.753708425 0.16138608125 0.7263413921875 0.15917802187500002 0.7157479859375
10 0.266490109375 0.7069208796875001 0.20643003593749998 0.69544395625 0.20687179531250002 0.7157487171875 0.2086380953125 0.7259010984375001 0.279296703125 0.7175142859375 0.266490109375 0.7069208796875001
10 0.20775604374999998 0.7316395609375 0.2157047625 0.754150915625 0.23513626406250002 0.745764103125 0.24176043906250003 0.7276666671875 0.20775604374999998 0.7316395609375
10 0.21791208750000002 0.8000564109375 0.228069596875 0.774896703125 0.21377289375 0.7653194140624999 0.1975978015625 0.791228571875 0.1777245421875 0.7991736265625 0.1958315015625 0.80667765625 0.21791208750000002 0.8000564109375
10 0.248825640625 0.7775450546875 0.25544981718750004 0.7501780218749999 0.2308879125 0.7476520140625 0.2223282046875 0.745764103125 0.20952161249999998 0.76518608125 0.248825640625 0.7775450546875
10 0.38630549375 0.7422329671875 0.377473259375 0.7311978015625 0.35760000000000003 0.7634205125 0.361574359375 0.7771040296875 0.38144761875 0.7660688640625 0.38630549375 0.7422329671875
10 0.4242842484375 0.778869596875 0.45298974375 0.7669516484375001 0.4225179484375 0.7470886453125 0.36864029375 0.7713655671875 0.388513553125 0.795201465625 0.4242842484375 0.778869596875
10 0.3178542125 0.6402095234375 0.2965875453125 0.639441025 0.28914945 0.68832234375 0.331544321875 0.6786117218750001 0.3355194140625 0.6627208796875 0.3178542125 0.6402095234375
10 0.3810058609375 0.67331501875 0.42340146562500003 0.6556586078125 0.40352820468750006 0.6340300359375 0.347380953125 0.6239824171875 0.3258036625 0.6450652015625 0.353625640625 0.6605142859375001 0.365991209375 0.6569831500000001 0.3810058609375 0.67331501875
10 0.6785736265625 0.65467765625 0.6438578749999999 0.6223260078124999 0.61144761875 0.6255450546875 0.616747253125 0.649380953125 0.6538432234375 0.6586498171875 0.6785736265625 0.65467765625
10 0.9099692312500001 0.7034842484375 0.8617406593749999 0.7108769234375 0.8612989015625001 0.72367765625 0.8877956046875 0.7197047624999999 0.9099692312500001 0.7034842484375
10 0.7270468859375 0.7567824171875001 0.6957553109375 0.7189428578125 0.6758190468749999 0.7113179484375001 0.6789106234375 0.7470717953125 0.7102652015625 0.7620791203125 0.7270468859375 0.7567824171875001
10 0.790198534375 0.7170564109375 0.759726740625 0.727208790625 0.7747413921875 0.7351538468750001 0.8003553109375 0.7351538468750001 0.790198534375 0.7170564109375
10 0.6506468859375001 0.7002827843749999 0.661245421875 0.72367765625 0.691717215625 0.7166146515625 0.689950915625 0.708669596875 0.6506468859375001 0.7002827843749999
10 0.5103084250000001 0.7408923078125 0.4643794875 0.7461890109375 0.46482124531249996 0.76958315 0.5204652015625 0.7779699640625 0.5085413921875 0.7514857140625 0.5103084250000001 0.7408923078125
10 0.44848131875 0.745747253125 0.44980659375 0.7369194140625 0.42743516406250004 0.67864029375 0.421984615625 0.7210293046875 0.366340659375 0.708228571875 0.3897465203125 0.73029816875 0.44848131875 0.745747253125
