16 0 0.736987765625 0.43081365156249996 0.9803368421875 0.48230573125 0.9719665578125 0.6483485421874999 0.5263976109375 0.60515898125 0.49510830468749994 0.16924796875 0.147831403125 0.1227780734375 0.1397748640625 0.061548293750000004 0.22395910156249998 0 0.4252744984375 0 0.736987765625
2 0.6715295328125 0.7668684906250001 0.690148528125 0.7323241953124999 0.6937601046874999 0.5922480109375 0.6751140999999999 0.5688992500000001 0.6602782828125 0.5684056296875 0.6349933421875 0.58416366875 0.62034493125 0.6672173796875 0.6089254171875 0.73929115 0.618754559375 0.7620282296875 0.613009225 0.7983908328125 0.6273218171875 0.828884990625 0.6584992359374999 0.8130038828125 0.6715295328125 0.7668684906250001
2 0.8211953171875 0.5056660140625 0.81222728125 0.48585879062500004 0.7998415875 0.47972939531250003 0.6826467093749999 0.49409178125000003 0.6601631343750001 0.5159945828125 0.65192718125 0.5186616749999999 0.6433842875 0.5209035640625 0.6473369171875001 0.527131025 0.661822709375 0.5305559718749999 0.6981561078125 0.5366451859375 0.8104385031250001 0.5391844796874999 0.8183679421875001 0.5315707093750001 0.8211953171875 0.5056660140625
2 0.730379334375 0.47691941875 0.7287566078125 0.44399713125 0.7163316078124999 0.435078428125 0.68185866875 0.383579740625 0.549987875 0.3079920140625 0.5129923796875 0.3114728828125 0.491992503125 0.31927413437499996 0.47619570937500005 0.3468707375 0.4644255515625 0.3853691875 0.5093781749999999 0.416747971875 0.6011081796875 0.47778729062499997 0.652490103125 0.49804784843750005 0.6775274921875 0.49261793593750003 0.7056709171875 0.47277838125000005 0.730379334375 0.47691941875
2 0.58711931875 0.3036012640625 0.6099709390625 0.27133536875 0.6007479171875 0.2349517453125 0.575028696875 0.21571089531249998 0.481991896875 0.1872666921875 0.430909978125 0.180182465625 0.41235965625000004 0.1927149265625 0.38361100000000004 0.1890455796875 0.3688287703125 0.2288992828125 0.374407709375 0.2658749671875 0.39324862031249996 0.2750482953125 0.40644793906250004 0.2984260390625 0.5201773937499999 0.3115789265625 0.5668295140625 0.313326521875 0.58711931875 0.3036012640625
2 0.5122803265625 0.060239796874999994 0.50226750625 0.0405933609375 0.4810303203125 0.0481343125 0.4094976625 0.07410685312500001 0.37685337812499997 0.112607546875 0.352481640625 0.1415162125 0.369069584375 0.15870810625 0.4009691390625 0.1480480984375 0.448664715625 0.149233575 0.4917808984375 0.11776268281249999 0.5122803265625 0.060239796874999994
2 0.615600834375 0.1510188390625 0.557778590625 0.1512020875 0.5555790890625001 0.15228890781249999 0.5492642546875001 0.14094405000000002 0.5293273468749999 0.1743987625 0.5437834640625 0.1922142171875 0.5579739531250001 0.2093111703125 0.6347437421875 0.25829827656250004 0.6308745203125 0.22649556718750002 0.616180325 0.1856432453125 0.615600834375 0.1510188390625
2 0.5305502625 0.1870853296875 0.53045 0.1550301796875 0.509666934375 0.1146492890625 0.45122653125 0.1588303828125 0.447505328125 0.1822118484375 0.5215551515625 0.192842153125 0.5305502625 0.1870853296875
2 0.6399783875 0.09694503593750001 0.6064866078125 0.1367439421875 0.6186591 0.1529755984375 0.6966288734375 0.26288021562499997 0.7033825109375 0.266946634375 0.7160833734375001 0.250313775 0.7103214765625 0.23304034218749997 0.70875405 0.2045391375 0.6399783875 0.09694503593750001
2 0.7860540671875 0.43501638593749997 0.7943950328125 0.39403263593750004 0.7507213671875 0.32763945 0.716443903125 0.2691222828125 0.692366759375 0.3017921578125 0.6981132046875 0.33157101875 0.744547334375 0.3627804171875 0.73871169375 0.4055309328125 0.751429109375 0.4324369734375 0.7814398609375 0.447617053125 0.7860540671875 0.43501638593749997
2 0.657608175 0.294668234375 0.6563833515625 0.2947851984375 0.6361085296875 0.3276257234375 0.6398337203125 0.3577874359375 0.6942710078125 0.3964477078125 0.7235640765625 0.4289218375 0.737176065625 0.4080638828125 0.74294293125 0.3642915265625 0.687255084375 0.32224648437500003 0.657608175 0.294668234375
1 0.8793571625000001 0.4538936640625 0.8846845999999999 0.4419635890625 0.88228188125 0.426146509375 0.8655423578124999 0.44178697656250004 0.8694319703125 0.4565349875 0.8793571625000001 0.4538936640625
10 1 0.438959103125 0.9994564984375 0.4370076734375 0.9799221578124999 0.43418895625 0.9645255531249999 0.49475220468750003 0.9990791375000001 0.5661721171874999 1 0.5662131671874999 1 0.438959103125
