10 0.7393493359375001 0.4307132125 0.7638053234375 0.45267529843750004 0.801963309375 0.4191721890625 0.79879941875 0.386674721875 0.76542564375 0.386745121875 0.7350612828124999 0.37478298125 0.7075080328125 0.4148098765625 0.7035059875 0.4509972953125 0.730162103125 0.44865530781249996 0.7393493359375001 0.4307132125
10 0.7107963859375 0.354120390625 0.71818385625 0.3863988359375 0.7283155671875 0.376180503125 0.7250726921874999 0.3512882625 0.723887103125 0.35117152812499997 0.7214916015624999 0.3490251125 0.7107963859375 0.354120390625
10 0.7859541796875 0.4956170875 0.77161034375 0.5128713796875 0.8621894015624999 0.5362612343750001 0.8666256906250001 0.468598796875 0.7859541796875 0.4956170875
10 0.8603863078125 0.658672178125 0.8319890015625001 0.6523907859375 0.8025820546875 0.6325937546875 0.76808664375 0.603531715625 0.7612336375 0.6011623296875 0.750822671875 0.6078628296875 0.7546225140625 0.6212335765625 0.7274681484375 0.629286515625 0.7289775078125 0.6400767078125 0.7587231 0.6471194312499999 0.79538060625 0.66702546875 0.81810125 0.6961679921874999 0.844073578125 0.6864460859375 0.8603863078125 0.658672178125
10 0.8166652093750001 1 0.8213556750000001 0.9468317578125 0.739779640625 0.9361131796875 0.7106303734375 0.904328296875 0.6562182203125 0.9565245171875001 0.6549102312499999 0.9845911453125 0.657467571875 1 0.8166652093750001 1
10 0.2957968171875 0.723005709375 0.2724062703125 0.7072303890625 0.24809619062500002 0.6982762890624999 0.2364775140625 0.6806009000000001 0.2291436921875 0.6783161890625 0.20135796093749997 0.6865291765625 0.1652230421875 0.7179687312499999 0.1290057625 0.7599491375 0.1316112671875 0.7907783546875 0.1613624203125 0.7685937625 0.174332378125 0.8034015218749999 0.20987385625 0.816289284375 0.2373093484375 0.8052989187499999 0.25430474687500004 0.8001173796875 0.2639674546875 0.7830592875 0.274143796875 0.77941375625 0.3036989921875 0.7887185171875 0.30501241874999996 0.7631695656249999 0.2957968171875 0.723005709375
10 0.22006472187499998 0.8978162703124999 0.26054431562499997 0.896363603125 0.2844377234375 0.8636232359375 0.29209961562500003 0.833337034375 0.2787535296875 0.81499855625 0.269235184375 0.8294684046875 0.254995790625 0.8304212796874999 0.23930768125 0.8425235046875 0.2471835328125 0.8640487531250001 0.22041179843749997 0.8851110421874999 0.22006472187499998 0.8978162703124999
10 0.40700250625 0.79349895625 0.426429790625 0.76206553125 0.44138024375 0.7651608125 0.4824158984375 0.676699684375 0.47326053593750006 0.6747345 0.4454861859375 0.7131593109375001 0.43709891562500003 0.6937037421875 0.435607303125 0.6629237140625001 0.40037084062500006 0.7060359484375 0.4080706828125 0.750148496875 0.3869388078125 0.7779069890625 0.3500608421875 0.79358065 0.370671953125 0.848312903125 0.3878272125 0.8242745046875 0.40700250625 0.79349895625
10 0.4772496484375 0.7759313421875 0.4269573578125 0.7562654125 0.398951 0.8085718921874999 0.42011765937499995 0.839729540625 0.4331319890625 0.8530317406249999 0.4772496484375 0.7759313421875
10 0.5795087796875 0.8762013171874999 0.6024872593749999 0.9030552953125 0.638026546875 0.878896028125 0.640104878125 0.8457068015625 0.6066081062500001 0.826605828125 0.5795087796875 0.8762013171874999
12 0.67851581875 0.7962925609375 0.6434242296875 0.850449103125 0.682668128125 0.8904830390624999 0.719548846875 0.825569053125 0.67851581875 0.7962925609375
2 0.6234111140625 1 0.6287277484375 0.9964518046874999 0.6344887031249999 0.9719588265624999 0.61839334375 0.9515615296875 0.5549478671875 0.9976086796875 0.5530061046875 1 0.6234111140625 1
10 0.2957296484375 0.48522139375 0.279818890625 0.48063395 0.260121171875 0.49036747500000005 0.23633786093750003 0.4990995515625 0.233014596875 0.497868259375 0.2257441609375 0.49564717187499996 0.2222408703125 0.5055152078125 0.2278334890625 0.5072821624999999 0.23859992812500003 0.5085639625 0.2915074671875 0.497705271875 0.2947987875 0.5069506140625 0.287772246875 0.529340146875 0.2720779515625 0.557230653125 0.2428970546875 0.5927825984374999 0.22763642499999998 0.5861306921875 0.22010549531249998 0.5693658921875 0.21418178437500002 0.5621503171875 0.21232752812500003 0.5762628328125 0.22548210625 0.5987970984375 0.22472342812499999 0.608198565625 0.2183945671875 0.6209732906250001 0.21981974218749997 0.6298828640624999 0.242698253125 0.60369498125 0.2680609578125 0.5944259921875 0.3100779890625 0.5517946578124999 0.320771025 0.5250522453124999 0.3156682421875 0.5004771765625 0.2957296484375 0.48522139375
10 0.10550906093750001 0.60434500625 0.10397679687500001 0.6932316328125 0.11486825468749999 0.69339495 0.11796004062500001 0.604011809375 0.10550906093750001 0.60434500625
3 0.061936634375 0.80626076875 0.0747273515625 0.8323316000000001 0.090898053125 0.83391745625 0.08122045 0.7664774484375 0.08090655 0.7658701359375 0.05159662499999999 0.7624023765625 0.0478911421875 0.7877353125 0.061936634375 0.80626076875
2 0.065555975 0.8148206625000001 0.058458078125 0.800914503125 0.053332970312500005 0.803722196875 0.041155328125 0.82084601875 0.0367647640625 0.85775315 0.0669792828125 0.8693514171875 0.0702086609375 0.855873003125 0.065555975 0.8148206625000001
16 0.6274844390625 0.37024176249999996 0.647977971875 0.3812586203125 0.6644477046875 0.352301375 0.6570644609375 0.3370770046875 0.593245396875 0.3125791625 0.5792593859374999 0.340810334375 0.5826949859375 0.350319175 0.6192936640625 0.37024774531250004 0.62753186875 0.3553505328125 0.630427009375 0.35478166093749997 0.6274844390625 0.37024176249999996
10 0.578117109375 0.37706803125 0.5890187140625 0.38851865 0.6029736296875 0.384374121875 0.6081981453124999 0.366883621875 0.5887232874999999 0.3559878296875 0.580458965625 0.3469474421875 0.5599531390625 0.357240340625 0.578117109375 0.37706803125
10 0.2706409453125 0.4052430046875 0.27648073281249996 0.4226269828125 0.296232646875 0.42248325312499996 0.3241495875 0.41434901249999995 0.3317834953125 0.3835958140625 0.3234786375 0.38349833437499997 0.30162830625 0.3800553640625 0.2875844328125 0.3755914890625 0.27145862187500003 0.3783627515625 0.2706409453125 0.4052430046875
16 0.293366703125 0.374412103125 0.303494203125 0.37459070156249996 0.33840015625 0.36635882343750004 0.3376875265625 0.361520534375 0.2965813953125 0.364829871875 0.293477540625 0.36023941875 0.2790153625 0.3574691015625 0.2626010171875 0.3452965765625 0.26177177500000004 0.33478055156250003 0.250447121875 0.3582453546875 0.2515336828125 0.40068960625 0.2564383078125 0.39515580156249996 0.2686211984375 0.3785098953125 0.269938778125 0.365418965625 0.293366703125 0.374412103125
16 0.6170891734375 0.569865725 0.6231620015625 0.5585848828125 0.6213279734375 0.55655285 0.6113652093749999 0.5570021671875 0.6085728984375 0.5596247296875 0.6124006093750001 0.5710545359375 0.6170891734375 0.569865725
