9 0.254447278125 0.53877156875 0.25270202343750003 0.5455595953125 0.2524932875 0.55005749375 0.2573356 0.5534983953125 0.271635059375 0.5504086484374999 0.2818602328125 0.5435088734375 0.28276484062499996 0.5351109171874999 0.267234625 0.505820896875 0.25878973125 0.5084736109375 0.257500034375 0.51783200625 0.2598224859375 0.5270194 0.26015757968750003 0.532825340625 0.2584418 0.5391918390625 0.254447278125 0.53877156875
2 0.238311978125 0.5181265640625 0.24711933749999998 0.5224092625 0.2522854671875 0.521219365625 0.25592764375 0.4797317671875 0.24626501093750003 0.47708210937500006 0.240745640625 0.4833235796875 0.238311978125 0.5181265640625
2 0.2546455390625 0.45525413437499995 0.2427410703125 0.44074326093750005 0.23307281406250002 0.4472591453125 0.23242994687500002 0.4534187796875 0.2459363453125 0.4679482109375 0.2524019234375 0.4676481203125 0.25637768437499997 0.46228532343750006 0.2546455390625 0.45525413437499995
9 0.311050190625 0.40089239218749995 0.3054861 0.3988662421875 0.2653917703125 0.406115634375 0.26132861093750004 0.4140146015625 0.262956990625 0.42336299374999997 0.2688901203125 0.42763539531249994 0.27333725000000003 0.4280631953125 0.30589764218750004 0.4092985578125 0.311050190625 0.40089239218749995
9 0.3126079984375 0.420132890625 0.2894273015625 0.42903305625000004 0.28901026875 0.4362508703125 0.29376351562499997 0.4385707984375 0.3061775484375 0.43803620781249997 0.31993655625 0.43081523906249997 0.320815015625 0.4182526828125 0.3126079984375 0.420132890625
9 0.30684460156250004 0.374439096875 0.298306159375 0.3812126171875 0.3071439359375 0.38372545625 0.31705139843749996 0.3709410640625 0.30684460156250004 0.374439096875
9 0.2817560328125 0.340029246875 0.2767918484375 0.3436948984375 0.2825518125 0.358266778125 0.28954936249999996 0.35649946875 0.2817560328125 0.340029246875
16 0.3557294640625 0.1792262359375 0.3342513859375 0.1859526578125 0.3316907984375 0.2331687546875 0.34566765 0.3407855796875 0.387398915625 0.3377787546875 0.3862787828125 0.32552264218750004 0.396254475 0.324245475 0.3966538515625 0.2740307125 0.45097436718750006 0.25566239375 0.45463673125000004 0.231562921875 0.47464601249999994 0.20696042343749999 0.47167365468750005 0.17877615468750002 0.45111815625 0.16878184062499998 0.43530187187499997 0.1864358421875 0.4209677734375 0.186420871875 0.41951891406249997 0.21067588124999997 0.3877603765625 0.173567115625 0.3557294640625 0.1792262359375
10 0.3693184234375 0.1602633 0.368331640625 0.16482060468749998 0.419728078125 0.207563340625 0.4240992125 0.1890065109375 0.43115305781249996 0.185908309375 0.444039646875 0.1790122375 0.4622770640625 0.1608906484375 0.46404685625 0.1508716515625 0.4257666578125 0.1384070875 0.4146550609375 0.146349825 0.382143271875 0.11827367656250001 0.3735205390625 0.126924084375 0.3714664609375 0.1410166296875 0.3704853546875 0.1493112546875 0.3693184234375 0.1602633
10 0.2563115671875 0.250332828125 0.25675475468750003 0.257052290625 0.27269424999999997 0.27397683125 0.2851156546875 0.2693726890625 0.28581379687499997 0.25938879843749996 0.2710056375 0.2458876078125 0.2563115671875 0.250332828125
2 0.3327179578125 0.204111728125 0.31198782812500003 0.206622159375 0.3115383578125 0.21674705 0.3336712296875 0.21761337187500002 0.3327179578125 0.204111728125
16 0.28668903437500004 0.22086277187499997 0.29189149375 0.22225990625 0.30626567968749996 0.23669249374999998 0.3084448078125 0.2203181484375 0.29539635937500003 0.203567884375 0.2860712078125 0.2056706375 0.28668903437500004 0.22086277187499997
16 0.29507988749999997 0.13643189218750001 0.2763241234375 0.1402848203125 0.283487190625 0.1728065703125 0.33371463281249997 0.17735140625 0.33488403437500003 0.17726133125000001 0.332253725 0.14832766875 0.29507988749999997 0.13643189218750001
2 0.6337770171875 0.0497523265625 0.6551404484375001 0.0422626640625 0.6553211203125 0.01211611875 0.653682140625 0.009525553124999999 0.635018109375 0.0082204375 0.6272948890625 0.0173301984375 0.6337770171875 0.0497523265625
2 0.6673586359375 0.0445611625 0.6755295625 0.0396778890625 0.6753944015625 0.0226638578125 0.67610540625 0.011093540624999999 0.6623982859375 0.0101350453125 0.6628089640625 0.0407133671875 0.6673586359375 0.0445611625
2 0.5932107015625 0.0398857453125 0.597351071875 0.040949875000000004 0.63400031875 0.008149265625 0.57558921875 0.0040647640625 0.5816886203125 0.0241052203125 0.5932107015625 0.0398857453125
2 0.5909092171875 0.052176946875 0.5807278390625 0.0567191484375 0.572268009375 0.0563898734375 0.567584084375 0.05002055625 0.563464609375 0.06943613125 0.572776984375 0.0829600265625 0.58329779375 0.08602243125 0.6004415468750001 0.06256343125 0.5909092171875 0.052176946875
16 0.509544990625 0 0.5070176640625 0.006902653125 0.50536384375 0.024914621875 0.5006175703125 0.056109153125 0.506751815625 0.08123359531249999 0.5131343203125 0.0858833765625 0.5226217890625 0.079978925 0.5336387421875 0.0775965125 0.541272071875 0.08128307968750001 0.5564170125000001 0.06500213437499999 0.5406026703125 0.001618265625 0.5174603906249999 0 0.509544990625 0
9 0.5322337578125 0.0900031640625 0.5317218609375 0.0973236359375 0.5445486515625 0.13394971093750002 0.5636103375 0.12372365 0.562802196875 0.061928025 0.5554422999999999 0.0656168421875 0.5322337578125 0.0900031640625
9 0.48021579843750006 0.04734660625 0.4809302671875 0.079448328125 0.4881706515625 0.0831074171875 0.5041463609375 0.0857447921875 0.5098389390625 0.083571178125 0.506401275 0.079127321875 0.50542080625 0.06776206875 0.50015730625 0.055571978125 0.5038699921875 0.044797196875 0.5034920171875 0.036101528125 0.4785864359375 0.0396141125 0.47636283281249997 0.0460265015625 0.48021579843750006 0.04734660625
2 0.5046874546875 0.1005780671875 0.4922599671875 0.08580450625 0.4753360765625 0.08495572343749999 0.4706956625 0.08295572343749999 0.44900333750000004 0.0747375609375 0.435136490625 0.0697475765625 0.4239816546875 0.083542909375 0.42731371874999996 0.1060572546875 0.4662495875 0.1213451109375 0.4849582578125 0.12365880468749998 0.49648449687499996 0.11893629375 0.5046874546875 0.1005780671875
2 0.415162821875 0.051117173437499996 0.40979061562499997 0.0577782015625 0.40126320312499997 0.059192065625 0.396013278125 0.06770448125 0.38500243125 0.07029082343750001 0.382660184375 0.07475937499999999 0.390205634375 0.0891923046875 0.3928802328125 0.10311655312500001 0.41866288437500004 0.108605121875 0.4265485765625 0.1307685875 0.4323610765625 0.1200034640625 0.4261554703125 0.09321359375 0.417622103125 0.057320375 0.415162821875 0.051117173437499996
10 0.3397210421875 0 0.34224935312500004 0.021296690625 0.38158418437499997 0.05031951875 0.4001474140625 0.027384871875 0.3594126734375 0 0.3397210421875 0
2 0.405031896875 0.057915003124999996 0.41571499687499996 0.050752546875000006 0.41747823281249996 0.0407059578125 0.40120505937499995 0.0277037875 0.391527953125 0.0417162640625 0.405031896875 0.057915003124999996
2 0.32902453593750003 0.0459575546875 0.320992696875 0.0448148 0.2992817484375 0.061278771875000006 0.2472858484375 0.02357340625 0.20391245625 0.018342609375 0.2005986890625 0.04448716875 0.205677021875 0.0709992296875 0.3030512953125 0.0756195125 0.31657884531249997 0.06053617812499999 0.3288785828125 0.0580279046875 0.32902453593750003 0.0459575546875
16 0.23282255156249998 0 0.2297522640625 0.006380624999999999 0.299633578125 0.061376484375 0.3198710234375 0.0420056515625 0.3089190703125 0.0179424640625 0.31949744999999996 0 0.26411924375 0 0.2631510359375 0.0013206359375 0.2616240921875 0 0.23282255156249998 0
9 0.31681655468750003 0 0.30941351875 0.0163889609375 0.320247609375 0.0361914421875 0.350275065625 0.041619576562499996 0.3529464140625 0.0292328890625 0.3424552015625 0.02239794375 0.3407025859375 0 0.31681655468750003 0
10 0.3890157890625 0.095852596875 0.3825846953125 0.0726595203125 0.389997725 0.071883759375 0.40323431093749995 0.05931105625000001 0.3904782875 0.0471404671875 0.382055909375 0.05043390625000001 0.3533600796875 0.033607740625 0.3523464875 0.042439753125 0.32285895625 0.0372347890625 0.3205129078125 0.04298740625 0.32945156249999996 0.046201471875 0.329534565625 0.05693114218749999 0.31965706250000003 0.059198775 0.321677359375 0.06803114375 0.33885385 0.08846178906249999 0.3890157890625 0.095852596875
2 0.3364318046875 0.11497622031250002 0.34361514375 0.0936599671875 0.3176254734375 0.062258496875 0.30141024375000003 0.07573162812499999 0.270710521875 0.07395496875 0.317889975 0.12995161875 0.3226136234375 0.1299118546875 0.3364318046875 0.11497622031250002
16 0.186833928125 0.1422372828125 0.235318640625 0.12453116093750001 0.257129365625 0.11865407343750001 0.2842141546875 0.11684728281250001 0.2972337765625 0.11116344375000001 0.302108253125 0.10736489375 0.2703498484375 0.0766453859375 0.2068744890625 0.06628481093750001 0.1988483265625 0.053880432812500004 0.19149750625 0.043742970312500004 0.1742529453125 0.0558613 0.15833135781250002 0.08879856875 0.15640788125 0.0964363828125 0.186833928125 0.1422372828125
16 0.2792223921875 0.13842230625000002 0.2920806609375 0.1391880375 0.29670355625 0.1366411515625 0.2954262796875 0.1279428953125 0.293917971875 0.11868957499999999 0.2790123515625 0.1199792703125 0.25405785625 0.11859305 0.22563900312500001 0.1262910578125 0.266035565625 0.1264258484375 0.2723506859375 0.13242760625 0.2792223921875 0.13842230625000002
9 0.3506719078125 0.1705711515625 0.34285674843749997 0.1545101796875 0.3333903109375 0.147695640625 0.332067475 0.1508132125 0.3346541046875 0.158350353125 0.3420524390625 0.15739644218749999 0.34353811562500003 0.182109903125 0.3504608796875 0.1803935703125 0.35133614999999996 0.181183940625 0.3506719078125 0.1705711515625
16 0.3253826859375 0.12730015625 0.3601161609375 0.1829857546875 0.36593796875 0.17911778125 0.37524981875 0.11928851874999999 0.4120113703125 0.129726421875 0.4119316984375 0.140614303125 0.42455222812500004 0.14210205 0.4237173078125 0.124796390625 0.41991633281249996 0.11091321875 0.3431698640625 0.087391078125 0.343810675 0.0977241078125 0.3400398 0.10290752656249999 0.3253826859375 0.12730015625
9 0.2002648453125 0.4052321109375 0.1904978375 0.41072508281250003 0.22005347031250003 0.42298958593749997 0.226493 0.405773540625 0.270713053125 0.4072859203125 0.3210042203125 0.3960094421875 0.3160732296875 0.3863291109375 0.2633568703125 0.38292998906250003 0.22173345000000003 0.396108965625 0.219573725 0.40385688281250004 0.2002648453125 0.4052321109375
10 0.48550056875000003 0.12371029375 0.4458513734375 0.1131141828125 0.43825016874999995 0.1194286546875 0.47498145625 0.16649427187500002 0.4762060953125 0.20936533281249997 0.4881361 0.2172897640625 0.49853829687499995 0.20505927656249998 0.5122970859375 0.181572353125 0.5248909640625 0.1196187375 0.5128546671875001 0.1158436171875 0.48550056875000003 0.12371029375
16 0.41828959218749995 0 0.41680854375000004 0.0345397109375 0.42323608437500004 0.0378254015625 0.42940305156249997 0.016271503125 0.4313373625 0 0.41828959218749995 0
10 0.6794192171875 0.055367134375 0.6940010921875001 0.08177194531250001 0.6967131265625001 0.026848387499999998 0.677503775 0.012812567187500002 0.67869870625 0.0244196828125 0.674421928125 0.044329246875 0.662342740625 0.041313134375 0.6566029828125 0.0678005796875 0.6612959921875 0.0706340984375 0.662715009375 0.0700647796875 0.6756837250000001 0.056776157812500005 0.6794192171875 0.055367134375
2 0.29158403593750004 0.20455472812500003 0.2933348078125 0.1886026609375 0.296418403125 0.1778200671875 0.29880084687499997 0.1740387 0.2831129453125 0.1712496046875 0.2780229890625 0.1441028546875 0.274106690625 0.1486233859375 0.271537075 0.17325979062500002 0.2681156171875 0.17978890625 0.2638413625 0.192462221875 0.28010096406249996 0.20826349687499998 0.29158403593750004 0.20455472812500003
