1 0.2397396953125 0.56053760625 0.24987604375 0.5369358046875 0.2450720828125 0.5271276859375 0.22579147968750002 0.52463455 0.19507035781249998 0.53673776875 0.15494466875 0.57518300625 0.15766113125 0.5982122484375 0.1862072390625 0.60362619375 0.21823692656250002 0.5830800968750001 0.2397396953125 0.56053760625
10 0.17877901875 0.5326210546875 0.1647854484375 0.5273668828125 0.13021959375 0.5383982656249999 0.11116675312499999 0.558325475 0.1208153265625 0.5647407140625 0.142379384375 0.5798745453125 0.16485540781250002 0.5687136046875 0.17300985625 0.5479505796875 0.21489183750000002 0.5237989640625 0.24147728906250002 0.5249411390625001 0.25771052656250004 0.5319202140625 0.26131625625 0.522339015625 0.25128336406249996 0.5124295734375 0.2433561015625 0.49963459375 0.17877901875 0.5326210546875
10 0.2684653828125 0.5041445328124999 0.3225377796875 0.4620485140625 0.313513828125 0.441216815625 0.24597464531250002 0.502957525 0.2684653828125 0.5041445328124999
10 0.3177388765625 0.3623896453125 0.3007474375 0.3802559828125 0.2945322734375 0.38522470625 0.3265559828125 0.398552534375 0.3158612828125 0.4436734484375 0.3144331671875 0.44421483124999994 0.33526581875 0.443267525 0.3407363609375 0.43942761875 0.35807977343749997 0.4141117421875 0.42600194687500004 0.4404064140625 0.5170136000000001 0.3936139171875 0.523009003125 0.3447270515625 0.566897859375 0.333753253125 0.596920971875 0.300029771875 0.5635403109375 0.2302621765625 0.49725970625000004 0.27996548906249996 0.40983724062500004 0.30683944375 0.3974549875 0.3230362 0.3177388765625 0.3623896453125
10 0.6831704390625 0.33181473125 0.7314914640625 0.3153853484375 0.73182236875 0.2878701703125 0.6566774921875 0.29250520625 0.671578121875 0.2754860515625 0.634314240625 0.2738242109375 0.611059325 0.295241421875 0.57248235 0.32840928125 0.5372253421875001 0.339925259375 0.522062546875 0.36982905625 0.52217936875 0.42008073437500004 0.5694246203125 0.4006413109375 0.6392471796875 0.3780935171875 0.6703929296875 0.35628502812499996 0.6535663484375 0.3337278578125 0.6831704390625 0.33181473125
10 0.391475921875 0.5777536484375 0.3564404 0.645563465625 0.3384445921875 0.658164265625 0.3430576640625 0.666224071875 0.34846654843749997 0.67984145 0.35929650625 0.6953082328125 0.4056165640625 0.6878065515625 0.460898771875 0.653331009375 0.49994868906249995 0.6118757328125 0.54331328125 0.5706917765624999 0.5605932203124999 0.582113046875 0.6037384265625 0.5965912890625 0.659899540625 0.5972514 0.7348750984375 0.5673321359375 0.75118895625 0.5479122671875001 0.794246715625 0.51070710625 0.8592122015625 0.447342246875 0.908933996875 0.3843022078125 0.9008202296875 0.33588675 0.8692199 0.3128538828125 0.8064869531250001 0.29986086875 0.7195818968750001 0.33484012500000004 0.640016365625 0.3891413515625 0.6337875953125 0.39350278437499997 0.5912307015625 0.4284759046875 0.59008524375 0.4400970625 0.6045790359375001 0.44312028750000004 0.5310863625 0.51198513125 0.5030064171874999 0.539643703125 0.47537952656250004 0.5561659421875 0.42944408906250003 0.5671622562499999 0.391475921875 0.5777536484375
10 0.299872065625 0.5298542359375 0.28944661250000003 0.568703971875 0.20691622812500002 0.6010908671874999 0.1357210234375 0.668817821875 0.160445796875 0.70560213125 0.1663436625 0.7287558749999999 0.1866072609375 0.7164484828125001 0.237905971875 0.7101643609375 0.2822838078125 0.708726928125 0.3112129875 0.7176353046874999 0.392992621875 0.5766401890624999 0.418089553125 0.5727091859375 0.5024184328125 0.5414151171875 0.6093355828125 0.439267446875 0.5969770984375 0.43192738750000004 0.6322285 0.3983063234375 0.637108353125 0.38585195 0.611670365625 0.38444401875 0.5702708140625 0.396027575 0.5413763140625 0.4077921265625 0.4961966828125 0.437545915625 0.43609208125 0.45187731875 0.44280392500000004 0.434946734375 0.362214815625 0.4612700421875 0.3235611015625 0.494451115625 0.299872065625 0.5298542359375
1 0.4811529734375 0.670238096875 0.480971021875 0.6866517140624999 0.4905754953125 0.6984054375000001 0.5164953890625 0.6858936921875001 0.5471206703125 0.6653893390625 0.5565083625 0.6429993234375 0.5458070187499999 0.63310963125 0.516183175 0.6378794906249999 0.49739153125 0.64978460625 0.4811529734375 0.670238096875
1 0.3970082953125 0.72101340625 0.3807192109375 0.7364905390625001 0.3802766234375 0.7471365046875 0.3859570421875 0.7581923109375001 0.4069386296875 0.7594667515625 0.42431043125 0.7494093328125 0.44737079843750005 0.7314568546875 0.450268765625 0.7176920328125 0.4471172265625 0.7009407375000001 0.43223874531249995 0.6957112375000001 0.3970082953125 0.72101340625
16 0.2663832359375 0.8747054015625 0.287910775 0.8677564312499999 0.3102009453125 0.8590700546875001 0.3366689140625 0.8309071421875001 0.3445115125 0.8100691843750001 0.3133070609375 0.8135621343749999 0.306546278125 0.8200346265625 0.26157613281250003 0.867840146875 0.2663832359375 0.8747054015625
16 0.7420337421875 0.41550376718750004 0.76260075 0.3791711015625 0.769677415625 0.3462873703125 0.742033290625 0.3438688 0.696298540625 0.3645313078125 0.703134746875 0.37725989375 0.7156773609375 0.390725403125 0.6926810359375 0.4186622984375 0.7012203984375 0.42641057499999996 0.7320480765624999 0.41855240781249997 0.7420337421875 0.41550376718750004
16 0.8496921875 0.373100078125 0.885389434375 0.3395842578125 0.8605618125 0.3337733859375 0.8228861015625 0.3407459453125 0.7807977875 0.3621689078125 0.7540840984375 0.40406939375000006 0.7843972578125 0.4102997421875 0.8496921875 0.373100078125
16 0.8965748234375001 0.374829171875 0.9109618046874999 0.3538673796875 0.8635347781249999 0.3676678828125 0.8092665796875 0.4028265578125 0.7963783828125 0.4288922890625 0.7986604296875 0.4291879328125 0.798402071875 0.429328178125 0.8304536828125 0.43012141875000004 0.8665257875 0.411964275 0.8965748234375001 0.374829171875
16 0.7465235921875 0.46268762812500003 0.7419518359375 0.4830973546875 0.7453637234375 0.4953827015625 0.7636133453125 0.5095859984375 0.7791764953125 0.5095764843749999 0.8419022437500001 0.452400584375 0.8500788781249999 0.43294763906249994 0.7869375125 0.4317163984375 0.7610615609375 0.44368089062499994 0.7465235921875 0.46268762812500003
16 0.7483189390625 0.4625438734375 0.7111412515625 0.4450262203125 0.651921025 0.4760781359375 0.6122087015625 0.5157197 0.6449971 0.5240033265624999 0.72721071875 0.49811769687499996 0.7410030562500001 0.4847078265625 0.7483189390625 0.4625438734375
16 0.65179195 0.5500144437500001 0.6204428484375 0.5852928609375 0.61681445625 0.5949343046875 0.625663965625 0.598678315625 0.6858385828125 0.588259934375 0.730537775 0.573529153125 0.748347828125 0.553010828125 0.7606564890625 0.5216702359375 0.752199628125 0.5081108578125 0.667718125 0.5208747234375 0.65179195 0.5500144437500001
16 0.6034758015625 0.54178886875 0.579987665625 0.560128990625 0.5700316734374999 0.57704075 0.5986661671875 0.5980847140625001 0.635022678125 0.566090228125 0.6580479296874999 0.536712915625 0.6034758015625 0.54178886875
16 0.56115294375 0.6310685890625 0.59295210625 0.5979146562500001 0.5696216765625 0.5972094796875 0.5488495421875 0.57199099375 0.5360901234375001 0.5804518468750001 0.5422095796875 0.587880734375 0.5364002718750001 0.632779440625 0.56115294375 0.6310685890625
