9 0.240625 0.946875 0.325 0.10625
10 0.7703125 0.9890625 0.03046875 0.01953125
10 0.81328125 0.953125 0.02421875 0.02109375
10 0.81484375 0.90390625 0.0421875 0.01484375
9 0.49765625 0.990625 0.0609375 0.01796875
9 0.44765625 0.5328125 0.01484375 0.12109375
9 0.7101772890625 0.5559101562500001 0.718988278125 0.530256346875 0.7085450546875001 0.48677539062499997 0.7137670328125 0.48677539062499997 0.721925275 0.4520053703125 0.6840703296874999 0.40048046875 0.677869596875 0.40765478593750004 0.6635106234375 0.4085244140625 0.6174974359375 0.39526269531249997 0.6073809531250001 0.398958496875 0.5988959703125001 0.4100463875 0.60835970625 0.43222167968749997 0.61455970625 0.45939746093749995 0.604117215625 0.4891821296875 0.6201076921875 0.4957041015625 0.6247142859375 0.49169824218749997 0.63707765625 0.533517578125 0.655025640625 0.5550405265625 0.6808065937500001 0.5685200187499999 0.7101772890625 0.5559101562500001
12 0.21608351718750002 0.41646484375000004 0.24632234375 0.407125 0.23587619062499998 0.39943359375 0.215534065625 0.40254687499999997 0.21333479843749997 0.3952211921875 0.20481318750000002 0.3930239265625 0.2012395609375 0.398701171875 0.1960161171875 0.4003491203125 0.19051868125 0.404927734375 0.18172161250000002 0.4107875984375 0.18996849843750002 0.41646484375000004 0.21608351718750002 0.41646484375000004
9 0.25020219843749997 0.3731708984375 0.2503501828125 0.36851708906249997 0.23920366249999997 0.36693310625 0.23533919375 0.3605961921875 0.21616629999999998 0.35960595624999997 0.20977509218749998 0.364259765625 0.2033838828125 0.3639624015625 0.20145201406250002 0.3711904296875 0.21676043906250003 0.3761416015625 0.23385274687500002 0.3747553703125 0.24648644687500001 0.3752504890625 0.25020219843749997 0.3731708984375
9 0.2364923078125 0.35534033125 0.2501663 0.3512807609375 0.248679853125 0.34246875 0.24006007343750002 0.3390029296875 0.23589816875 0.34652832031249997 0.229655678125 0.34652832031249997 0.21391062343749997 0.34964355468749997 0.21182051249999997 0.3516767578125 0.2188058609375 0.358607909375 0.2364923078125 0.35534033125
9 0.150446153125 0.361351075 0.16174065937499998 0.361267578125 0.1591047625 0.34973046874999997 0.14831282031249998 0.35056640625 0.150446153125 0.361351075
9 0.16693919375 0.99741015625 0.3671230765625 0.8955283203125 0.42948498125 0.8315883796874999 0.184865934375 0.6835717765625 0.017679853125 0.7647607421875 0.00019267343750000002 0.7760659171875 0.00019267343750000002 0.9979965828124999 0.16693919375 0.99741015625
10 0.65714945 0.9804833984375 0.6288615390625 0.9799448249999999 0.6576879124999999 0.99969140625 0.695405128125 0.99969140625 0.7438989015625 0.99969140625 0.7544058609375 0.97653466875 0.745784615625 0.9535620125 0.6929802203125 0.9750991203125 0.689208790625 0.98227783125 0.6792410249999999 0.9953793937500001 0.65714945 0.9804833984375
