4 0.17219098593749999 0.318063484375 0.1903135078125 0.31018016406250004 0.197690215625 0.2709507328125 0.186214790625 0.24861190312499998 0.1716818578125 0.251364015625 0.15135405156249998 0.2657684296875 0.147152090625 0.290840725 0.17219098593749999 0.318063484375
4 0.260650384375 0.59370988125 0.27418335 0.5851997625 0.2902549421875 0.5510422921875 0.26025621718749997 0.520453496875 0.24272335625000002 0.5185073953125 0.22383118125 0.5225504671875 0.21587558750000002 0.5470105546874999 0.2237709625 0.5739340734375 0.239839584375 0.587880415625 0.260650384375 0.59370988125
2 0.10036732343749999 0.607625728125 0.07861855625 0.847208746875 0.0906201328125 0.8784982031249999 0.1302377734375 0.88520263125 0.165465146875 0.879804628125 0.1950029390625 0.84096201875 0.210960896875 0.5018186984375 0.17877769999999998 0.45260638750000004 0.1763279 0.42523123281249997 0.1668824296875 0.41522664843749996 0.15068980468749998 0.40838441718749996 0.1459363421875 0.4411000484375 0.11099164218749999 0.47820821406249997 0.10036732343749999 0.607625728125
4 0.672185946875 0.3106373375 0.675123975 0.2860896671875 0.6508009984375 0.2178811484375 0.6211487671875 0.1935530171875 0.6083901578125 0.20347500156249998 0.5971751937499999 0.22295867343750003 0.6155892015625 0.27029124531250004 0.6404082015625 0.3100826546875 0.672185946875 0.3106373375
4 0.5251037203125 0.47534182031250005 0.60350380625 0.464683834375 0.6121718171875 0.4473431234375 0.6038665953125 0.3948865921875 0.5169542781249999 0.4150692421875 0.51485268125 0.4396315109375 0.5251037203125 0.47534182031250005
4 0.43802168124999996 0.28851061875 0.5258351296875 0.3376012515625 0.54119306875 0.320376646875 0.45492540625 0.2511421484375 0.43785121718750003 0.2742950921875 0.43802168124999996 0.28851061875
10 0.251148178125 0.748290625 0.218723253125 0.725092703125 0.2121618296875 0.7909882265625 0.23783373281250003 0.78766411875 0.25523575468750004 0.7827813296875 0.251148178125 0.748290625
9 0.3113314109375 0.7108052984375 0.321874459375 0.685528725 0.3451961609375 0.651515784375 0.3342447546875 0.6341069578125 0.332927115625 0.63102756875 0.327508815625 0.6314044328125 0.294106903125 0.643551703125 0.2722192328125 0.6780604515624999 0.28301260625 0.7004093515625 0.3113314109375 0.7108052984375
1 0.47597802031249997 0.81347936875 0.49203601875 0.802915134375 0.48758750937500006 0.7684174625 0.46312854375 0.764218984375 0.459160153125 0.784895884375 0.4634703921875 0.806659509375 0.47597802031249997 0.81347936875
9 0.48157373124999997 0.8789964609375 0.49850013437499996 0.8807062421875 0.51106643125 0.8634801859375001 0.49547740625000003 0.847177009375 0.4950922796875 0.8485852812499999 0.47682079218749995 0.861939540625 0.48157373124999997 0.8789964609375
4 0.7433769406249999 0.5376493859375 0.7744161484375 0.5377450374999999 0.834626940625 0.5276511796875 0.8291002125 0.47478235937499996 0.7449532249999999 0.486408771875 0.719934203125 0.512720478125 0.7433769406249999 0.5376493859375
5 0.8394568984375 0.43870994531249996 0.8670803406250001 0.3999611046875 0.8349429890625 0.36507268125 0.791196121875 0.330873225 0.75622584375 0.3605776875 0.7618349109375 0.3909911296875 0.7955150375 0.415652590625 0.8394568984375 0.43870994531249996
4 0.9579531343750001 0.1695998515625 0.9691020921875 0.1239645765625 0.9390558890625 0.1042354609375 0.8996465890625001 0.08521588125 0.88866750625 0.0828421515625 0.8691270187500001 0.11174454062500001 0.8737464859375 0.1340848875 0.9130415296875001 0.15965007343749998 0.9579531343750001 0.1695998515625
9 0.8484871593750001 0.0314420015625 0.8267851359374999 0.050267846875 0.8359795140624999 0.0783626828125 0.8492261062500001 0.1039093421875 0.8681877609375 0.1081683484375 0.8889945328125 0.08321609218750001 0.914503890625 0.0950099578125 0.9264507546875 0.041968703125 0.9059961453125001 0.008439503125000001 0.9056046765625 0.0070036921875000005 0.8675572078125 0.006339570312499999 0.8631171125 0.0159839234375 0.8484871593750001 0.0314420015625
12 0.8030874625 0.06862270625 0.8394651375000001 0.031720671875 0.8438375562499999 0.0059255421875 0.7956464296875 0.0050843640625 0.787555803125 0.059185757812499996 0.8030874625 0.06862270625
4 0.5953570625 0.28102366875 0.609337684375 0.26402206562499997 0.605834875 0.254699859375 0.5951268703125 0.23822551718749999 0.5900971078125 0.2323891765625 0.5690501 0.23425716093750001 0.5578010265625 0.24875145937499998 0.5720076140625 0.2608154828125 0.5953570625 0.28102366875
