2 0.3884219921875 0.186173909375 0.3321148484375 0.20304184531249997 0.33263138593749997 0.23081956718750002 0.3407303640625 0.23164894375 0.3518378640625 0.233709871875 0.374380984375 0.251717453125 0.5011536265625 0.2704035953125 0.51635519375 0.267533025 0.5242422999999999 0.2236824515625 0.5198946734375001 0.20267269062499998 0.5102285828124999 0.1954014609375 0.3884219921875 0.186173909375
10 0.2913781015625 0.3457201953125 0.44478023593750005 0.32609959375 0.5526897125 0.317098009375 0.551556721875 0.285046753125 0.30264645 0.3151818546875 0.2913781015625 0.3457201953125
10 0.13332828593749999 0.34511192031250004 0.0554422828125 0.357478578125 0.031124642187500003 0.3875388671875 0.182382465625 0.3632245703125 0.174483428125 0.34765053749999997 0.16165377812499998 0.3449614078125 0.13332828593749999 0.34511192031250004
9 0.31280851875 0.3245972875 0.3145092703125 0.297075384375 0.29866848125 0.2833470828125 0.21067338750000003 0.2472903359375 0.17496134531250002 0.2354946046875 0.143024903125 0.2558183984375 0.1207849078125 0.2802880578125 0.12873611093749998 0.3208887015625 0.1687014046875 0.346088315625 0.24889192968749999 0.3741760078125 0.27334096875 0.38255378906250004 0.2966706546875 0.3760701125 0.3046860796875 0.353679315625 0.31280851875 0.3245972875
5 0.27871977812500004 0.43138989843750003 0.236708690625 0.417145146875 0.18740761875 0.40704879375 0.14867288125 0.40699872968750006 0.14368551406250002 0.40548997499999995 0.080843990625 0.405140346875 0.0777158671875 0.43206594374999996 0.0742057578125 0.48531228437499996 0.07422715625000001 0.5134623890625 0.116725546875 0.559928246875 0.15809890625 0.566063725 0.19548819687500002 0.587418665625 0.2274885640625 0.6154470484375001 0.2863090890625 0.6001830453125 0.2927761953125 0.5159720015625 0.29423384218750004 0.4397229703125 0.27871977812500004 0.43138989843750003
9 0.3863061015625 0.7280698515624999 0.354719703125 0.7254039328124999 0.31795432031250004 0.734629559375 0.3200549109375 0.782315978125 0.3667970484375 0.7787056328124999 0.3681143734375 0.7765534625 0.36077165624999996 0.76334674375 0.371996253125 0.75830855625 0.3676883 0.74738355 0.38469675625 0.7475354390625 0.3863061015625 0.7280698515624999
2 0.8341935749999999 0.1330666640625 0.8341575765625 0.17370399375 0.832128828125 0.17285594531249998 0.868701125 0.20368827500000003 0.8893816640625 0.2023690203125 0.8981330421875 0.19566827656250002 0.8998064781249999 0.183778975 0.9206551749999999 0.19898813125 0.9260883968750001 0.19162168125 0.9074433859375001 0.1715637734375 0.8999115984375001 0.16061232812499998 0.891981734375 0.1413627625 0.8637915328125001 0.129509665625 0.8341935749999999 0.1330666640625
2 1 0.4907007796875 0.952348190625 0.48481784531249994 0.9393472484375 0.489518140625 0.931717503125 0.495610875 0.9335864390624999 0.5040799828125 0.9399735 0.5080601765625 0.9513318953125 0.51952493125 0.9994794546874999 0.5311565484375 1 0.526203890625 1 0.4907007796875
4 0.9852331484375 0.5551696390624999 0.9719742 0.562324709375 0.9710020484375 0.5820767671875 0.9779168609375001 0.593283053125 0.98546434375 0.6089667734375 0.9916348515625 0.6057929546875 0.9959395828125001 0.564836184375 0.9952782453125 0.5628441078125 0.9852331484375 0.5551696390624999
12 0.7423237625 0.45500352499999996 0.7127784140625 0.4781698203125 0.694797453125 0.4951159203125 0.6997966234375 0.532711275 0.7070784765625 0.5449835046875 0.7294670015625 0.5364317859375001 0.7337578921875 0.5616671 0.752109015625 0.5883802015625 0.7830945875 0.6238569 0.8177443625 0.652778528125 0.8832950921875 0.6393448984375001 0.8837484921875 0.6696297515625 0.9082180109375001 0.6538610953124999 0.9363324625 0.6191440921875 0.9386513078125001 0.5970817421875 0.94313599375 0.5638467125 0.9242141953124999 0.5236896234375 0.9048263453125 0.47852705 0.875497471875 0.4650350828125 0.849043953125 0.45878460781249997 0.8035042718750001 0.448545315625 0.784469015625 0.44406637968749996 0.7423237625 0.45500352499999996
