4 0.594320084375 1 0.6199098859375 0.9350531046875 0.6076102031249999 0.9110911515625 0.575994721875 0.8912884156249999 0.5004896999999999 0.8318925406250001 0.4345200171875 0.9906648890625 0.4410995875 1 0.594320084375 1
10 0.279740115625 0.78000821875 0.2718327171875 0.77194859375 0.25962798125000003 0.7623420703125 0.1808691375 0.734616878125 0.0927407890625 0.7966176046875 0.167304146875 0.9311334625000001 0.22430948125 0.8519911734375001 0.279740115625 0.78000821875
9 0.2375159609375 0.6936400093749999 0.2571088640625 0.667942053125 0.24553543125 0.6435186484375001 0.198767721875 0.60527636875 0.1615687875 0.7110088890624999 0.17140308124999998 0.7212677281250001 0.2103183546875 0.73751810625 0.2375159609375 0.6936400093749999
9 0.11074063906250001 0.7680191421875 0.11826010468749999 0.7760705296875 0.13830658125 0.7637947859375 0.1260779484375 0.69323898125 0.09077425624999999 0.7162455609375 0.11074063906250001 0.7680191421875
5 0.08038616875 0.7254461015625 0.10696561874999999 0.7023111 0.1266426046875 0.6968647515625 0.14624445 0.6565926640625 0.140642340625 0.6311312874999999 0.13649805625 0.6031819609375 0.1397677078125 0.5618805015625 0.133975946875 0.5333747109375 0.15966190625 0.5182960015625 0.2078339984375 0.44307238125000004 0.24977229374999999 0.41352407031249994 0.2162709859375 0.3178282578125 0.1868734140625 0.30974513125 0.17040460468750002 0.3113121 0.140015378125 0.31051283281250003 0.1242193890625 0.3474149953125 0.1120130375 0.35098492812500004 0.0853621046875 0.39264459375 0.041847309375 0.48060577968749996 0.0152840890625 0.5748667265625 0.0154787765625 0.591857596875 0.0020468296875 0.6330013703125 0.028666165625 0.6810239250000001 0.057211334375 0.714346296875 0.08038616875 0.7254461015625
9 0.737281609375 0.49816319375000007 0.7191691062500001 0.44728966249999996 0.7943712125 0.3640143359375 0.783674446875 0.33675612187500004 0.68741494375 0.42472258749999997 0.684277984375 0.4361235109375 0.6487464484375 0.4595998828125 0.6366022953125 0.47977449375000003 0.6407828109375 0.3997393796875 0.5691040390625 0.3783577421875 0.5505731421875 0.43893553125 0.5381904046875 0.4495803140625 0.5211000328125001 0.4636745140625 0.508446184375 0.46984872343750006 0.4670492484375 0.47137020781250005 0.425496053125 0.46919820625 0.4140281015625 0.46841353124999996 0.39637811093750003 0.45761261875 0.3649344203125 0.48050292499999997 0.38175234062499996 0.51880399375 0.4014047265625 0.5462970984375 0.42299635 0.5607951046874999 0.4471441859375 0.5793369625 0.451583815625 0.5987208046875 0.42576301406250006 0.6067319765625 0.4248464515625 0.627825315625 0.41646227500000005 0.6610385984375 0.41226303125 0.6881520359375 0.42291816562499995 0.7124923390625 0.43846781874999996 0.741682221875 0.46272233749999997 0.7530234796874999 0.522076878125 0.7541501796875 0.5409834703125 0.72854640625 0.55493720625 0.6792224250000001 0.54743608125 0.6594345406250001 0.555455 0.617601575 0.5781409656250001 0.6113280734375001 0.6287402484375 0.5706773671875001 0.6372780921875 0.5508210828125 0.66634919375 0.5700018359375 0.6859057140625 0.5763788562500001 0.7089478296875 0.5707478671875 0.717902509375 0.56074298125 0.6926312343750001 0.5487050124999999 0.685425134375 0.56698235 0.6738085984375 0.5417486296875 0.6934447671874999 0.5333847375 0.737281609375 0.49816319375000007
10 0.578304446875 0.053118734375 0.5481515609375001 0.07151343437499999 0.541243396875 0.071561771875 0.5161287296875 0.063217915625 0.5004550171875 0.0719059953125 0.4921627203125 0.072301196875 0.46457821250000003 0.0930531390625 0.45733554062500004 0.08908642343749999 0.4446704625 0.096946721875 0.5149040312500001 0.220808628125 0.561439571875 0.2979366875 0.5730545953124999 0.34391273437500003 0.571538234375 0.37415987500000003 0.6212743328125 0.39280167499999996 0.6316965796875 0.42525246718750004 0.6314337828125 0.475390025 0.638489446875 0.47105863281250004 0.66105 0.41906405312499995 0.660345840625 0.36403605156249996 0.634819375 0.2798833234375 0.7178471171874999 0.305696953125 0.7393489625 0.29671845625 0.788040615625 0.300395146875 0.789563490625 0.28778868750000003 0.799621075 0.18635268124999999 0.7992175921875 0.1651519421875 0.8130604 0.1423550671875 0.8358288125 0.141917021875 0.8249084546875001 0.054817700000000004 0.8105250093749999 0.028869275 0.642028928125 0.042067824999999996 0.578304446875 0.053118734375
9 0.5644035281249999 0 0.5280086078124999 0.0611604078125 0.5362246265625 0.07256980625000001 0.5592363421875 0.0623348171875 0.5907512515625 0.04696605625 0.6258069484375001 0.0413977375 0.6349398765625 0.031714420312500005 0.5979842046875 0 0.5644035281249999 0
5 0.56739223125 0.3079009625 0.4351773171875 0.07595424375 0.4268969796875 0.0753883828125 0.3200407609375 0.115935971875 0.23280215937499998 0.082401815625 0.2492507640625 0.152628725 0.2743875890625 0.22208803281249997 0.3388446515625 0.3471457234375 0.405724671875 0.3165508921875 0.375486909375 0.37379388750000003 0.3992834875 0.47152411250000004 0.5261797500000001 0.4691934875 0.5709797921875001 0.3439652625 0.56739223125 0.3079009625
9 0.33220289531249997 0.338207884375 0.27265030625 0.2167993796875 0.26791884062500004 0.22726688906249998 0.245399553125 0.25874245937499996 0.2302380796875 0.284487471875 0.2248617390625 0.3217371703125 0.238735253125 0.34005867031250003 0.2487144234375 0.358061571875 0.2678980546875 0.3585760234375 0.3133706078125 0.37465850624999997 0.36581289687499996 0.3720139984375 0.397745540625 0.354726459375 0.3760040484375 0.32053428125 0.33220289531249997 0.338207884375
