9 0.44452788906249996 0.7407645578125 0.4767274375 0.6988436 0.5221233625 0.7178916828124999 0.550029075 0.714652675 0.5440545640625001 0.6589306265625 0.4981931125 0.6125471296875 0.5101514203125 0.5681121078125 0.5252748359375 0.5033341250000001 0.5158571578125 0.4651403078125 0.47468070625000003 0.45056829218749994 0.42475921406249995 0.43465953125 0.3820021375 0.4959071875 0.334253365625 0.5840088515625 0.35929404374999996 0.5839137 0.3897865609375 0.5747163390625001 0.435222390625 0.602501975 0.38871003437499996 0.6793095296875 0.44452788906249996 0.7407645578125
9 0.5044236109375 0.5467995390625 0.519364540625 0.5166718078125 0.4983956015625 0.471002671875 0.48167149531250003 0.507346534375 0.4888800890625 0.5375907109375 0.5044236109375 0.5467995390625
9 0.14959051406249999 0.289679515625 0.1513374171875 0.3417457875 0.1690656234375 0.36719960625 0.1731969921875 0.3712071890625 0.1830914125 0.3723604578125 0.198174934375 0.34559870937500003 0.18364075468750002 0.2912829953125 0.14959051406249999 0.289679515625
9 0.304533734375 0.448019946875 0.3064924953125 0.4217814640625 0.29958940156249997 0.4192806328125 0.2780250734375 0.41618675468750005 0.2623907703125 0.42293375624999996 0.304533734375 0.448019946875
9 0.0534835640625 0.32500795 0.295365009375 0.4987335328125 0.3504032390625 0.5065326859375 0.3656181234375 0.498977975 0.37123670625 0.4884750140625 0.07794609218750001 0.3065694046875 0.056929567187499995 0.3056323546875 0.0534835640625 0.32500795
10 0 0.4566262640625 0.021987746875 0.4536287953125 0.046949335937499996 0.434043884375 0.0506873265625 0.41412721093749993 0.012918329687499999 0.3982539828125 0 0.3737911234375 0 0.4566262640625
9 0.5233812109375 0.5116911921875 0.56502689375 0.49584228125 0.6351854203125 0.46945557656250003 0.6360281343749999 0.4607479859375 0.47117976875 0.39275507187500003 0.44431674374999997 0.397075934375 0.4617792921875 0.42636133125000003 0.5233812109375 0.5116911921875
3 0.1998641765625 0.54734443125 0.2079533328125 0.5682995609375 0.1855926015625 0.6407408765625 0.23823378125 0.6087935156250001 0.1998641765625 0.54734443125
3 0.027000059375000003 0.5895182234375 0.0428423875 0.59934718125 0.095338884375 0.6038626109375 0.10923715 0.5963069546875001 0.0393949859375 0.577087340625 0.02721626875 0.5888347265625 0.027000059375000003 0.5895182234375
17 0.29106025625 0 0.282386553125 0.0089845828125 0.23918782031250002 0.008326359375 0.23786401875 0.0101484171875 0.21339153125000002 0.052421862500000006 0.242499359375 0.0556703203125 0.2481180953125 0.1158915578125 0.26561896093750004 0.13511563124999998 0.3431195453125 0.016497192187500002 0.3378607515625 0 0.29106025625 0
17 0.26325170625 0.2757772328125 0.292629378125 0.263161490625 0.344261546875 0.215245546875 0.37197973281249996 0.162159365625 0.38674139687500003 0.1036778375 0.3116707734375 0.1441660234375 0.26325170625 0.2757772328125
17 0.6976936390625 0.21610108437500003 0.670191296875 0.2358724578125 0.7247362625 0.3395003921875 0.7459981359375 0.324300534375 0.6976936390625 0.21610108437500003
