9 0.347901059375 0 0.3509550203125 0.02230600625 0.3564097234375 0.060113278125 0.417361846875 0.00924264375 0.4189638953125 0.0031402734374999996 0.42359515156249994 0.0027390609375 0.4233555421875 0 0.347901059375 0
9 0.5409316546875 0.047798584374999994 0.6161625546875 0.11495461093749999 0.670170003125 0.13355086562500001 0.6700925859375 0.09027637656250001 0.64225733125 0.0667191640625 0.59209496875 0.010856368750000001 0.5697819359375 0.043759765625 0.5409316546875 0.047798584374999994
9 0.7337241546875 0.5080678140625 0.7639272171875 0.5184675624999999 0.7958866453125 0.51135973125 0.8240933578125 0.48018927031249997 0.8243999078125 0.47253261562500004 0.5873649375000001 0.1921944859375 0.5881615828125 0.1898808625 0.5167534546875 0.2698283640625 0.5473559890625 0.2948561703125 0.5596144093750001 0.3596246828125 0.4891217046875 0.42901950624999996 0.58986479375 0.3969507671875 0.7208601984375 0.3582210890625 0.7530899718749999 0.44280356562499995 0.7337241546875 0.5080678140625
5 1 0.55251018125 0.9750492234375001 0.585296778125 0.955591234375 0.5404869390625 0.898459521875 0.618376075 0.8721109125 0.65503494375 0.9429460171875 0.749368103125 1 0.5836713062500001 1 0.55251018125
12 0.3798592796875 0.7490368484375 0.354809446875 0.8917421593749999 0.73429115 0.9089099953125 0.7316147453124999 0.8667167250000001 0.649837446875 0.6620062390625 0.4009975375 0.7001397093749999 0.3798592796875 0.7490368484375
12 0 0.476066725 0.028180671875 0.4348177578125 0.25454580781249997 0.2994027546875 0.2141510921875 0.20930157500000002 0.16781256718749998 0.143376921875 0.10490266875000001 0.125579021875 0.0973934421875 0.1334776 0 0.41632869531249994 0 0.476066725
2 0 0.5557205375 0.0011824328125 0.555422315625 0.0794894609375 0.55929499375 0.167972675 0.4920824796875 0.37313975 0.373085821875 0.371786728125 0.33400492656249997 0.350056853125 0.2587330390625 0.32939104218750004 0.24946878906249997 0.2961305234375 0.267350625 0.24074259062499997 0.2993206890625 0.01905718125 0.43906619375 0 0.48089618281249996 0 0.5557205375
2 0.21463238593749998 0.551053484375 0.2625207484375 0.5297861859374999 0.41644753124999995 0.41374122656249995 0.441456659375 0.4420884890625 0.552838284375 0.365454440625 0.5558456109375001 0.33988896875 0.5352871046875001 0.27617523125 0.50854380625 0.2678244125 0.46708174375 0.2947373828125 0.37045804375 0.358433128125 0.3620525171875 0.3847143421875 0.2061224546875 0.4691779828125 0.19512271875 0.5048631171875 0.167098059375 0.522672859375 0.164015525 0.5559359140625 0.21463238593749998 0.551053484375
2 0.4146753859375 0.40766744531250004 0.3962470578125 0.4219164203125 0.147395871875 0.6226666468750001 0.1324467453125 0.6906286625 0.1219279453125 0.7230472703124999 0.1557762140625 0.720114428125 0.1727264609375 0.7456875843749999 0.45680159375 0.5302942203125001 0.4602906296875 0.5014616921874999 0.44546133125000004 0.44915943125 0.4146753859375 0.40766744531250004
2 0.74579519375 0.484345071875 0.75609719375 0.4511838859375 0.743313978125 0.36939653125 0.7381189531250001 0.3542143734375 0.4516919953125 0.43891532343749995 0.44200626718749997 0.44125331250000005 0.4549987921875 0.482435446875 0.46464798125 0.5279228453125 0.4279428421875 0.5599303890625 0.60133715 0.52984774375 0.7220777015625 0.49701313750000004 0.74579519375 0.484345071875
2 0.5170563578125 0.67815053125 0.5661683671875 0.675584490625 0.7095297375 0.6517150468749999 0.7242289265624999 0.626003415625 0.7381316296875 0.6043025546874999 0.7361895828125 0.585325478125 0.6597494312500001 0.516156365625 0.521119134375 0.5393174921874999 0.4354146375 0.5674655734375 0.43545887499999997 0.5670840015625 0.3943263921875 0.6058976296874999 0.364640990625 0.6089200984375001 0.35721545625 0.6355782750000001 0.36495300468749997 0.6487602390625 0.39498566875 0.6489732921875 0.42554350625000004 0.6731288640625 0.486484884375 0.6913856140625 0.5170563578125 0.67815053125
2 0.8677375906250001 0.5459964140625 0.81220155625 0.553476384375 0.7959544703125 0.5332231875 0.7840604734375 0.5383175171875 0.74538308125 0.577159965625 0.7339762875 0.6020062140625 0.7397218859375 0.6208148203125 0.7597573734374999 0.6146838328124999 0.7784469281249999 0.6384924390625 0.8152965562500001 0.6403223875 0.8833742796875 0.6165301515625 0.8677375906250001 0.5459964140625
2 0.6818058078125 0.7061952953125 0.6784162390625 0.7207723359375 0.6987544796875 0.758721428125 0.7432572234375 0.75015679375 0.78606005 0.699202359375 0.76031344375 0.6745929296875001 0.6952488796875 0.676619809375 0.6818058078125 0.7061952953125
9 0.6793399703125 0.6875445390625 0.7031653078125 0.669627084375 0.7188777953125001 0.6578885390625 0.6973791828125 0.6542745937500001 0.66386984375 0.6620786875 0.6634085453125 0.674282471875 0.6793399703125 0.6875445390625
9 0 0.856646534375 0.3072781765625 0.9624508953124999 0.328209021875 0.891665946875 0.2847984140625 0.8109175546875 0.24897711562499997 0.810345171875 0.2540009578125 0.7704610453125 0.123232459375 0.7144963984375 0.14882405781250002 0.6046555812500001 0.0408765234375 0.56242423125 0 0.572192275 0 0.856646534375
10 0.7430129515624999 0.8877483406250001 0.7341462828124999 0.9390149515624999 0.790166825 0.9215192484375001 0.8534891546875001 0.8843292984375 0.892564746875 0.7784073453125 0.8454797046875001 0.7684407921874999 0.8227642828124999 0.7557611453125 0.7664860874999999 0.7891304578125 0.7430129515624999 0.8877483406250001
10 1 0.143353465625 0.9750637687499999 0.1347672328125 0.9367760125 0.18878134687499998 0.9790008578125 0.158530528125 1 0.1993017546875 1 0.143353465625
