1 0.7213661671875 0.60069140625 0.751135975 0.607833496875 0.802057815625 0.59997705 0.8122419703125001 0.5810502921875 0.7934400421875 0.5617661140625 0.7581862953125 0.560337890625 0.7298661671875 0.5660209968750001 0.7096156312499999 0.57855029375 0.7080481796875 0.5885498046875 0.7213661671875 0.60069140625
10 0.7292002140625 0.6071196296875 0.7096156312499999 0.59212060625 0.7009978593749999 0.5781933593749999 0.6931638109375 0.58355029375 0.69551391875 0.59640625 0.6947301921875 0.6103334953124999 0.761320128125 0.6196186531250001 0.7691541749999999 0.6310458984375 0.801274090625 0.6410454109375 0.8263426125000001 0.6360454109375 0.8224261234375 0.6260463875 0.8140963593749999 0.6030947265625 0.7910899359375 0.5996201171875 0.7738543890625 0.6110478515625 0.7292002140625 0.6071196296875
10 0.6103768734374999 0.617388184375 0.694508565625 0.6064189453125 0.678057815625 0.5935625 0.6146017125000001 0.59677685625 0.6103768734374999 0.617388184375
10 0.3607773015625 0.564279296875 0.32003961406250003 0.5739213859375 0.3082890796875 0.6446298828125 0.38506316875 0.6421298828124999 0.46575374687500004 0.66819921875 0.48377194843750004 0.6624853515625 0.565246253125 0.674984375 0.5876531046875 0.670453125 0.595016059375 0.6699848625 0.577781584375 0.6428442390625 0.609900428125 0.614275390625 0.6112730187500001 0.614623534375 0.59494654375 0.6042687484375 0.5887494640625001 0.6042758781249999 0.562113490625 0.614275390625 0.5245096359375 0.5582084968750001 0.4305 0.5453525390625 0.3999475375 0.5792783203125 0.3607773015625 0.564279296875
10 0.414016059375 0.5607250968749999 0.44065203437499995 0.5225141609375 0.39443040625000003 0.5121577140625 0.32940792343749997 0.49215966875 0.29415417499999996 0.49215966875 0.2949379015625 0.5182285156249999 0.2714357609375 0.5039443359375 0.225997859375 0.4907309578125 0.211113490625 0.5114433593750001 0.27065203437499996 0.547869140625 0.25028372656250003 0.552868653125 0.27770235468750004 0.5739384765625 0.30675481875 0.570041015625 0.353693790625 0.565367675 0.38659635937500003 0.5753667 0.414016059375 0.5607250968749999
10 0.399721628125 0.4712221671875 0.3903211984375 0.46122265625000003 0.48276338281250003 0.448009765625 0.5187997859375 0.4419389640625 0.54856959375 0.44408154375000003 0.589306209375 0.4601513671875 0.62377623125 0.47229345624999997 0.6864486078125001 0.43943896406249994 0.7068179875 0.43943896406249994 0.7076006421875001 0.4308681640625 0.710734475 0.4176552734375 0.710734475 0.40015673749999997 0.6715642390625 0.3812294921875 0.6112419703125 0.378015625 0.559536403125 0.3887290046875 0.5046980734375001 0.39694287031250003 0.49764775156249996 0.3790869140625 0.4725781578125 0.3451611328125 0.43027409062500005 0.31480664062499997 0.357417559375 0.29766552812499997 0.33469914375 0.303736328125 0.28220985 0.3090927734375 0.199169165625 0.32266308593750004 0.12787901562499998 0.34408984375 0.10829336249999999 0.3851577140625 0.12004496718749999 0.4194409171875 0.160781584375 0.4626513671875 0.245389721875 0.48229248125 0.33469914375 0.48336376875 0.3417494640625 0.48336376875 0.39267130625 0.479435546875 0.399721628125 0.4712221671875
10 0.41953640312499996 0.521638671875 0.46967451875000005 0.52306689375 0.5229464671875 0.54413671875 0.508844753125 0.553421875 0.5840524625 0.5762768546875 0.6310567453125 0.571634278125 0.6678768734375 0.557350096875 0.696456103125 0.5333989265625 0.7763629546875 0.5526826171875 0.8664550328124999 0.5391123046875 0.8672387578125 0.498044434375 0.8750728046875 0.47733203125 0.8531370453125 0.475903809375 0.8108329765625 0.4534057625 0.7763629546875 0.43090722656249997 0.7591284796875 0.40876660156250005 0.6220321203125 0.47233251875000004 0.6008800859375001 0.46197607500000004 0.5201884375 0.4409067390625 0.3846595296875 0.461619140625 0.3901423984375 0.47376074218750003 0.34548822343749996 0.4805458984375 0.33515845781250003 0.4874067390625 0.3537301921875 0.5019975578125 0.391334046875 0.51521045 0.41953640312499996 0.521638671875
1 0.5863329765625 0.3237421875 0.55216809375 0.323028809375 0.5331306203125 0.3350361328125 0.5359989296875 0.34823242187500003 0.56103533125 0.3603583984375 0.5816391859375 0.3613095703125 0.6048501078124999 0.35441406249999996 0.6137173453125 0.34205029374999996 0.6126734468749999 0.32802197187500004 0.5863329765625 0.3237421875
1 0.7086702359375 0.32612548750000003 0.690127409375 0.3245263671875 0.6630653109375 0.325896971875 0.653543896875 0.3348061515625 0.6470289078125 0.3491982421875 0.6555481796875 0.3610771484375 0.6957623125 0.3605961921875 0.7163650968749999 0.357505371875 0.7223629546875 0.3496586921875 0.723928265625 0.33824609375 0.7086702359375 0.32612548750000003
16 0.8351145609374999 0.30193359375 0.8000342609375 0.309244140625 0.7829957171874999 0.32089453125 0.8085535328125 0.334830078125 0.8171306203125001 0.333510253125 0.8767098499999999 0.32112304687500004 0.8767098499999999 0.3133559578125 0.8566638109375001 0.3071879890625 0.8351145609374999 0.30193359375
16 0.27886402499999996 0.47212890625000004 0.2804411140625 0.45883203124999994 0.27807601718749997 0.4419423828125 0.3103993578125 0.4329580078125 0.3080342609375 0.42253662031249994 0.2804411140625 0.41211523437500003 0.2712355453125 0.40912158125 0.236292290625 0.42577099687500003 0.2134293359375 0.4469731453125 0.2331391859375 0.46350390625 0.27886402499999996 0.47212890625000004
16 0.1219796578125 0.39055322187499997 0.137746253125 0.40816210937499997 0.17006959375 0.4228959953125 0.2134293359375 0.4290053703125 0.25600214062500004 0.411396484375 0.236292290625 0.39055322187499997 0.16691648750000002 0.3840849609375 0.1219796578125 0.39055322187499997
16 0.2134293359375 0.38300683593749996 0.2370803 0.37006982499999996 0.23550428281250002 0.3686323234375 0.23577509375 0.368663190625 0.21185331875000002 0.3510234375 0.1747997859375 0.3456328125 0.1322280515625 0.3578510734375 0.11015310468749999 0.3661166984375 0.15351391875 0.3808505859375 0.2134293359375 0.38300683593749996
16 0.3048800859375 0.3262275390625 0.293054603125 0.31796191406249996 0.21500642343749998 0.3280244140625 0.19845075 0.3384458 0.2457526765625 0.3729443359375 0.2717687359375 0.3776162109375 0.29291862968750004 0.3709150390625 0.30724518125 0.3578510734375 0.311187365625 0.34671093750000004 0.3048800859375 0.3262275390625
16 0.3103993578125 0.40313085937500004 0.3718918625 0.41103710937500004 0.423135975 0.40205273437500005 0.402638115625 0.3783349609375 0.3264293359375 0.3542841796875 0.3088222703125 0.3571328125 0.2914785875 0.37006982499999996 0.3103993578125 0.40313085937500004
16 0.40579122031250003 0.30784423906249997 0.3640074953125 0.2952666015625 0.33956852187500003 0.30137597656250004 0.3135524625 0.31862548749999997 0.3127644546875 0.33341455 0.3837173453125 0.3686323234375 0.41131049218750004 0.3549765625 0.4538822265625 0.3448588859375 0.461765525 0.33946826093750004 0.45703533125 0.33192187500000003 0.40579122031250003 0.30784423906249997
16 0.44363276249999994 0.386904296875 0.47122590937500003 0.38546679687499996 0.48778158437499997 0.37792040937500004 0.4772248390625 0.34672363281249996 0.432596359375 0.3516865234375 0.3994850109375 0.3617490234375 0.44363276249999994 0.386904296875
16 0.48147430468749997 0.3498901375 0.49881905781249997 0.36282714843749997 0.5011841546875 0.393013671875 0.5153747328125 0.39337304687499997 0.5146777296875 0.38448046874999997 0.5429678796874999 0.3534833984375 0.5232580296875 0.34162451250000003 0.48147430468749997 0.3498901375
