9 0.761966975 0.068691525 0.7679118875000001 0.0487002796875 0.752210146875 0.045075246875 0.75054291875 0.060992240625000006 0.761966975 0.068691525
9 0.7726414671875 0.07562225 0.786662084375 0.0615893796875 0.793229165625 0.0598302078125 0.7978898625 0.060608459375 0.78987545 0.0867471453125 0.8039886515625 0.0932814421875 0.8354264359375 0.09339260625 0.855179446875 0.086936015625 0.8658598421875 0.1007164671875 0.882009371875 0.099383046875 0.89311938125 0.09509962968749999 0.9013313000000001 0.09193366875 0.91325866875 0.082256228125 0.7688945859375 0.048927153125 0.7651989765625 0.060207290625 0.7726414671875 0.07562225
9 0.6864563609375 0.060488928124999994 0.702344590625 0.0555221234375 0.7079686625 0.0348612953125 0.6856130328125001 0.029700090624999998 0.681036796875 0.03154651875 0.6864563609375 0.060488928124999994
12 0.865096771875 1 0.90463185625 0.9700526187499999 0.9923989984375 0.5898913578125 0.9912187890625 0.5884298734375 0.9678954093750001 0.5709259890625 0.9716290609374999 0.5525986171875 0.947494734375 0.5547698046875 0.9169987734375 0.56725508125 0.8976474484375 0.5799573046875001 0.878754203125 0.5971408015625 0.8663857265624999 0.6205447609375 0.8441536953125001 0.6664541796875 0.8309145453125 0.700092628125 0.8194928046875001 0.7689619375000001 0.8183872234375 0.8006889484374999 0.8205429140625 0.81397953125 0.795980321875 0.8190821859374999 0.7419660609375 0.8583981359375 0.6941827828125 0.8443382640625 0.636759915625 0.856522653125 0.5457919921875 0.9015494343749999 0.524491246875 0.922073975 0.5381455109375 0.967629984375 0.5485308890625 0.9730565734375001 0.557589790625 1 0.865096771875 1
10 0.639528465625 0.8430286718750001 0.6562313609375 0.8381521031249999 0.667256546875 0.8241337078125 0.670332546875 0.8137016328125 0.670041671875 0.8033953703125001 0.6647989953125 0.7952585062499999 0.6586326328125 0.7911248265624999 0.6629630453125 0.7800785296875 0.663807459375 0.7658186390624999 0.65919856875 0.757828096875 0.6512366625 0.755688671875 0.6406730890625 0.753249878125 0.6372396859375 0.7536616078125 0.6176056515624999 0.764487396875 0.6090897859375 0.7772774671875 0.6046277234375 0.7985324781250001 0.6093153124999999 0.8071437390625 0.6129205640625 0.8088791953125 0.614347359375 0.8296868140625 0.6214784437499999 0.8421741078125 0.639528465625 0.8430286718750001
0 0.36761709374999996 0.688103828125 0.357920565625 0.7035172171874999 0.38425942343749997 0.7423046015625 0.404973990625 0.743972125 0.42555075000000003 0.7196496578125 0.4477005390625 0.7367038046875 0.4674131390625 0.7360634640625 0.484143371875 0.7134489859375 0.5023295765625 0.682863778125 0.5053781093749999 0.6513797890624999 0.5026001328125 0.6351636796875 0.48033712656249994 0.6186021796875 0.464273190625 0.6061115171875 0.44389273124999995 0.6086312734375 0.43232993124999997 0.6288044484374999 0.432057625 0.6515849421875 0.4089529984375 0.6436547906250001 0.3655423203125 0.6206539109375 0.3611505359375 0.6513082984375 0.361264703125 0.66742890625 0.36761709374999996 0.688103828125
12 0.31957448125 0.7154304421875 0.339491815625 0.712241340625 0.3593865 0.699183084375 0.365645965625 0.68868773125 0.3422105859375 0.6071519515625 0.27830063437499997 0.6316621078125 0.31957448125 0.7154304421875
12 0 0.8977179578125 0.10365200625 0.921647909375 0.1536357203125 0.822092603125 0.22488563906249998 0.666348809375 0.19807883906249998 0.6511893140625 0.11815699375 0.6467556109375 0.091909615625 0.622525134375 0.10274386093750001 0.602183759375 0 0.5424227203124999 0 0.8977179578125
9 0.103918625 0.5937736250000001 0.09463171406250001 0.6123963921875 0.10776785156249999 0.641906065625 0.1217218171875 0.6446081046875001 0.12094697031249999 0.624701371875 0.11286470468750001 0.60154983125 0.103918625 0.5937736250000001
2 0.8478668421875 0.2830252984375 0.8369949359375 0.27554218124999996 0.8321814234374999 0.2691022796875 0.7614060828125 0.2815123921875 0.780830625 0.30165120624999997 0.8007215421874999 0.32578047187500003 0.8099750890624999 0.35278322812499996 0.8261264546874999 0.34763150625 0.8455485875000001 0.32831477656249997 0.85000185 0.31016058125 0.8478668421875 0.2830252984375
10 0.8907318359374999 0.3042889421875 0.8747198624999999 0.29632939375 0.8542383203125 0.29977116718749997 0.8471837062500001 0.32691630312500003 0.8248806046875 0.347343878125 0.82856521875 0.35877715625 0.8435098562500001 0.36443275625 0.856048121875 0.36128857812500004 0.88000265 0.3462154046875 0.9056412890625 0.37273806249999997 0.9265906203125001 0.3786403203125 0.9308579515625001 0.370389478125 0.89780483125 0.335050465625 0.8907318359374999 0.3042889421875
2 0.8646236125 0.236706365625 0.8467244921875 0.26864460625 0.8469588265624999 0.2846838484375 0.8579089874999999 0.2918302609375 0.8822993421875 0.27259481406249997 0.89387114375 0.25430809062500004 0.8926555468749999 0.244791415625 0.8817215578125 0.238714459375 0.8646236125 0.236706365625
9 0.7739974328125 0.14356437500000002 0.7579220046875 0.11427641718749999 0.7622377015625 0.14333635 0.75027586875 0.151942221875 0.7420206312500001 0.14222081250000002 0.7359918609375 0.126265015625 0.7273624078125 0.11361551875 0.7067402406250001 0.11311740781249999 0.6793428859375 0.1135413421875 0.6751852984375 0.12927758281249999 0.6811663671875 0.1954655125 0.6953096328124999 0.2058353296875 0.7173497671875 0.2183830546875 0.7337994140624999 0.25059909999999996 0.750434853125 0.2672283734375 0.770169825 0.2806651078125 0.794576465625 0.273866621875 0.8010892921874999 0.26953197812499996 0.788891928125 0.23367927968750002 0.7918819 0.22300279375 0.799823978125 0.1942858703125 0.7967229828125 0.15769224375 0.7910524140625 0.1435944109375 0.7739974328125 0.14356437500000002
9 0.7706512562500001 0.13842548125 0.7889369046875 0.137673915625 0.8015524578125 0.12850871875 0.79960448125 0.1028378171875 0.7613045890625 0.1163750734375 0.7706512562500001 0.13842548125
9 0.7604790203125 0.11653924687499999 0.7654163796875 0.11448195624999999 0.75930910625 0.081811940625 0.74842748125 0.0861262609375 0.7475814921875 0.0950895515625 0.7604790203125 0.11653924687499999
12 0.551785290625 0.1781441828125 0.5238188187499999 0.188926425 0.5030590359375 0.1859053984375 0.48414528125 0.20592515156250002 0.4663373046875 0.22115525468750002 0.4533957828125 0.22741757968749998 0.43621454843749996 0.2453151984375 0.4213563546875 0.267952896875 0.4026813265625 0.27078965781250003 0.3842980921875 0.2828207078125 0.3713393109375 0.314726796875 0.3649990453125 0.3435361875 0.364688021875 0.389294703125 0.382137584375 0.5048109921874999 0.40046107812500004 0.506600134375 0.42352279375 0.48207143124999996 0.4337352984375 0.47013412343749994 0.4554681890625 0.41502548125 0.5031593062499999 0.3726377609375 0.49311539218749995 0.4430584203125 0.49991814687499997 0.445890371875 0.49665371875000003 0.512215334375 0.4923024 0.5684233375 0.5071071593750001 0.5823528078125 0.5190159640625 0.5724880625 0.53333926875 0.5858861453124999 0.5543008578124999 0.598714209375 0.563298196875 0.6108826953125 0.57719831875 0.60315933125 0.5779186015625 0.632337365625 0.5786938828125 0.6451304609374999 0.5629682796875 0.64864744375 0.5553918765625 0.6666599265625 0.5473919984375 0.6892000515625 0.556076121875 0.7000341109375 0.5721698234375 0.6949204625000001 0.5886700125 0.6974684203125 0.5946055125 0.6811789874999999 0.601020828125 0.6843424312499999 0.6159543828125 0.693676228125 0.6229792515625 0.70496839375 0.6195693453125 0.7197383203125 0.6193483046875 0.731460221875 0.6365491484375 0.7350111125 0.6574175546875 0.72805603125 0.6726086796875 0.7214718921875 0.687485428125 0.706827178125 0.6845901875 0.6964877078125 0.6956698828125 0.6902164859375 0.7090159671875 0.6647061625 0.7183802671875 0.64164056875 0.7326041828125 0.6241688609375 0.7485122343749999 0.592943665625 0.7732344828125 0.5948670140625001 0.7882034953125 0.579822659375 0.802521184375 0.5554883390625001 0.8059307328124999 0.5339910406249999 0.8079754843750001 0.49956525 0.8101123640625 0.471467078125 0.8112911374999999 0.444830059375 0.8115294562500001 0.4141909859375 0.8152147718749999 0.3780413625 0.8015032265625001 0.3253041890625 0.7497698234375 0.2587003953125 0.7021475390624999 0.20781239999999998 0.6488676734375 0.18289836875 0.6255647296875 0.1775184609375 0.5884165453125 0.1769308265625 0.551785290625 0.1781441828125
10 0.23712816874999998 0.32963397968749997 0.2020984453125 0.28622793125 0.19594062968749998 0.287329109375 0.1635500046875 0.2970899578125 0.19677206875 0.324101271875 0.23712816874999998 0.32963397968749997
2 0.4250226625 0.1104542640625 0.4217937 0.090336428125 0.415167703125 0.0771836984375 0.394081196875 0.078611284375 0.374800825 0.09546959687499999 0.3559239265625 0.124529053125 0.34379971875000004 0.144492371875 0.35019269531249997 0.164856384375 0.3570092609375 0.1678829875 0.4040659875 0.1593745203125 0.417761446875 0.131056 0.4250226625 0.1104542640625
10 0.4434395515625 0 0.44343664531250004 0.0001148828125 0.45747481875 0.0261182625 0.47083229062500004 0.0364664515625 0.4923429046875 0.033199609375 0.5159993171874999 0.037692540625 0.5121550984375001 0.0217912875 0.5240728796874999 0 0.4434395515625 0
12 0.506889303125 0.03924474375 0.43764059531250005 0.0198673796875 0.4535267078125 0.0642168828125 0.47741751250000003 0.092495625 0.482770721875 0.126664046875 0.447095153125 0.1184276921875 0.43365319375 0.1254952015625 0.46117555781249997 0.1550959421875 0.46650645312499994 0.1723090046875 0.49364490156249996 0.1679192890625 0.5011416718749999 0.18660096718750002 0.532506059375 0.18560904843749998 0.5653778453125 0.1796372265625 0.569369390625 0.1592492125 0.5742741640625 0.147304990625 0.5435444828125 0.099044284375 0.544414246875 0.0890749625 0.5301654328125001 0.07948886875 0.506889303125 0.03924474375
2 0.451701490625 0.0732194765625 0.44176217968750003 0.0418658984375 0.43906454687499996 0.0271979390625 0.4315096140625 0.021665289062500002 0.41863694218749997 0.0428235125 0.410781125 0.0690994734375 0.4262199 0.0905832890625 0.441233559375 0.09840809218749999 0.46310642187499995 0.1121757921875 0.4747648296875 0.1143830578125 0.4722579203125 0.0895883 0.451701490625 0.0732194765625
9 0.5956004625 0.16378468125 0.6000237859374999 0.1600016859375 0.6122391609375 0.1287574 0.6063313015625 0.12149749375 0.5999739578125001 0.121776190625 0.5838427828125 0.15320891406249998 0.5956004625 0.16378468125
9 0.5885405968749999 0.1768911859375 0.6225788750000001 0.17613576875 0.613252159375 0.16840261406249998 0.59802854375 0.16445083437500002 0.5885405968749999 0.1768911859375
10 0.6181285265625001 0.1698838875 0.625409378125 0.17613530625 0.633608546875 0.17840905 0.6779101187500001 0.1973956546875 0.679195915625 0.1942651546875 0.6780415578125 0.151725903125 0.6736485390625 0.130527009375 0.6568326578125 0.1156003734375 0.6364106484375001 0.11507526718750001 0.62572385 0.118701090625 0.620466340625 0.16585381562499998 0.6181285265625001 0.1698838875
9 0.71235276875 0.12564478750000002 0.6916129984375 0.12161826718749999 0.6878724828125 0.12075470156250001 0.6755325953125 0.12666529843750002 0.7014327265625 0.14368919687499998 0.7128385296874999 0.15889008437500002 0.7227569796875 0.1573717734375 0.7204520343749999 0.1393206671875 0.71235276875 0.12564478750000002
10 0.6285562062500001 0.046126996875 0.6345685390625 0.056654649999999994 0.6586308078124999 0.057259246875 0.6529538859375 0.0696587265625 0.6491298999999999 0.06915670625 0.6561771484375 0.0837321578125 0.67389454375 0.0874417234375 0.680658121875 0.10080923593749999 0.6789053046875 0.1205892515625 0.677252496875 0.1275276546875 0.6734792828125 0.13190420625 0.680477009375 0.1613207734375 0.681079971875 0.19040344375 0.6833345125 0.1989217953125 0.693787709375 0.20362000624999999 0.6998826671875 0.2015997890625 0.7111043859375 0.2102835921875 0.7272171859375 0.1892490421875 0.7286023734375 0.16862251875 0.72704869375 0.15950504375000002 0.7319736828125001 0.132078715625 0.7283159484375 0.1186666109375 0.7172280828125001 0.11306024218749999 0.713302446875 0.081306390625 0.7093605281250001 0.0605924578125 0.69666961875 0.0607090625 0.6889884109375 0.06350621875 0.67162463125 0.026470614062499998 0.6665241046875 0.0252930640625 0.65654251875 0.035830809375 0.6285562062500001 0.046126996875
10 0.2909717890625 0.077587315625 0.29919450468750003 0.0838464171875 0.301390609375 0.1242920015625 0.3047921703125 0.12278185625 0.30607924999999997 0.10104443593750001 0.3185389953125 0.10805225624999999 0.32298709531249997 0.10127490624999999 0.3470924125 0.1364501265625 0.35501212031249996 0.1219815578125 0.3673699 0.1037179109375 0.33910839375 0.076994465625 0.318526690625 0.0596181390625 0.3014176625 0.056586109375000006 0.290176459375 0.06707449062500001 0.2909717890625 0.077587315625
9 0.5666866749999999 0.0847648234375 0.5654233765625001 0.0712593265625 0.5470914234375 0.0731257578125 0.546802409375 0.08034311718750001 0.5603064718749999 0.0885430234375 0.5666866749999999 0.0847648234375
9 0.5681824578125 0.1384723328125 0.573575021875 0.142766653125 0.5855190546875 0.1441691203125 0.5914463343749999 0.1363894953125 0.5994525875 0.12231398125 0.605439515625 0.1213246921875 0.61597175625 0.1152853703125 0.618385275 0.10483127656249999 0.5926323890625 0.0878744546875 0.5829683546875 0.0831022125 0.5721891671875 0.0836038609375 0.5695092390625 0.0860936265625 0.5796931390625 0.09674600156249999 0.584091353125 0.1058923015625 0.5915637421875 0.11473258281250001 0.5819155296875 0.12182280625 0.5641928640625 0.12213558437500001 0.5681824578125 0.1384723328125
12 0.3313352515625 0.21595278593749997 0.33942672812499997 0.18628698906250002 0.3527735265625 0.1742314109375 0.31482311093750004 0.10341577500000002 0.307872871875 0.10391377187499999 0.30335718749999996 0.12347334843749999 0.290084878125 0.15404634687500002 0.2921879328125 0.18396385625 0.2711351546875 0.1917175484375 0.2242313140625 0.1909612234375 0.2699328171875 0.2654127 0.2348195140625 0.2763441671875 0.2192055625 0.2874553921875 0.2085678609375 0.283738778125 0.1986309859375 0.2877510203125 0.2173074265625 0.3050971609375 0.2383067546875 0.32718404843750004 0.26933436875 0.33813157031249996 0.3197634484375 0.3586074359375 0.3665918734375 0.3980101390625 0.3435995953125 0.3401443421875 0.3678956625 0.292775684375 0.3579953 0.28586530312499997 0.33517154531250004 0.273027559375 0.331225953125 0.271275471875 0.32539962031249997 0.25479413125 0.3313352515625 0.21595278593749997
2 0.459969553125 0.2328335203125 0.42243209375 0.15922929375 0.3997610984375 0.161374396875 0.3536856671875 0.17041561562500002 0.33770239062499996 0.1829599140625 0.32640258437499997 0.24922474218750001 0.331170853125 0.2695121203125 0.3681015484375 0.2859093921875 0.42155397343749995 0.27168420625 0.45013325000000004 0.2344982046875 0.459969553125 0.2328335203125
10 0.4705629453125 0.1200128578125 0.43906660625000005 0.099261434375 0.4272874015625 0.1115074484375 0.4114062328125 0.15666476875 0.427354415625 0.16154968281249998 0.45931788281249997 0.22958937499999998 0.4940407609375 0.18705573125 0.4801812640625 0.167727975 0.458955640625 0.1664387234375 0.458089371875 0.15324028750000002 0.4343508265625 0.133557678125 0.43918408124999997 0.11878622187500001 0.4705629453125 0.1200128578125
