9 0.8107473265625 0.3649003078125 0.7994322171875 0.34297480468749997 0.7890586015625 0.3611240765625 0.86332599375 0.46231228125 0.87617664375 0.4553471125 0.8815142828125 0.4611139578125 0.8981385890625001 0.44369281406249994 0.8273562765625 0.3382462140625 0.8260865109375001 0.353341403125 0.8107473265625 0.3649003078125
9 0.82902303125 0.3549347375 0.7660869734375 0.2457522859375 0.74080049375 0.2348981109375 0.8070603593750001 0.3540848109375 0.8139033515625 0.3641528890625 0.82902303125 0.3549347375
9 0.794120028125 0.3552673515625 0.7999014015625 0.34221078125000004 0.770145996875 0.2928536484375 0.761257328125 0.3077085890625 0.794120028125 0.3552673515625
9 0.8072512296875001 0.285557234375 0.79165465 0.2826272203125 0.8154206796875 0.3316038375 0.8283632624999999 0.3408830875 0.8894048874999999 0.4248485890625 0.8906875484375 0.406480665625 0.8072512296875001 0.285557234375
9 0.7523579093749999 0.345173646875 0.7613474859375 0.35743170156250004 0.7490697281250001 0.378646665625 0.7745445328125 0.4078465859375 0.798304253125 0.41930672968750005 0.8361268078125 0.47509236250000003 0.8379493874999999 0.4791559296875 0.8484084171875 0.47888818750000006 0.8554891984375 0.46920175000000003 0.7919072593750001 0.36376763749999996 0.7753685781249999 0.35991673125 0.7617099171875 0.345738725 0.7523579093749999 0.345173646875
9 0.8092325109375 0.59274055 0.8039571609375 0.5847528015625 0.756732878125 0.51484573125 0.734091421875 0.48677374375 0.70530835625 0.49595580312500004 0.71747096875 0.5292056781250001 0.76246165 0.60568971875 0.8092325109375 0.59274055
9 0.729395121875 0.47617430625 0.744953340625 0.5014270468750001 0.814857753125 0.594418175 0.8415972890625 0.6053300203124999 0.8681790625 0.5945423562500001 0.85847879375 0.5632445171875 0.839447725 0.53897655625 0.7733434734375 0.44631848124999995 0.7636317015625 0.4307984796875 0.7415626640624999 0.45612868593749994 0.729395121875 0.47617430625
9 0.7040340546875 0.442189715625 0.695303265625 0.456925684375 0.707721978125 0.48062748749999995 0.7141012703125 0.4868062484375 0.7359962015625 0.49151476406250005 0.7308161140625 0.47312442031249996 0.7430670140625 0.45845434531249996 0.7389049421875 0.4479954828125 0.7257009062499999 0.43837010625 0.7040340546875 0.442189715625
9 0.7749202656249999 0.44806575468750004 0.7831260203125 0.4592836421875 0.8422766625 0.5430432859375001 0.85159104375 0.5267798781249999 0.770246928125 0.4211353171875 0.7456155671875 0.417402559375 0.7331928249999999 0.435463759375 0.7453669406250001 0.452935796875 0.7586791328125 0.44888584218750005 0.764534625 0.4303350609375 0.7749202656249999 0.44806575468750004
9 0.8504865468749999 0.5009662859375 0.8503422281249999 0.49781340468749996 0.80949939375 0.4350591953125 0.7980069921874999 0.41816250468750005 0.7858062828125 0.40723654062500003 0.7753626046875 0.4167372328125 0.7819312484375 0.4297319203125 0.84234693125 0.5125382859375 0.8504865468749999 0.5009662859375
9 0.7126650453125001 0.3944897046875 0.726793825 0.42245180312499997 0.7516167031250001 0.4178847765625 0.751340296875 0.40830539843749997 0.7621285234374999 0.4045251921875 0.762952096875 0.3957477359375 0.7361731609375 0.377319596875 0.720756996875 0.3818673328125 0.7126650453125001 0.3944897046875
9 0.5556773781250001 0.680082565625 0.6094385015625 0.6017329390625 0.6534596578125 0.68304534375 0.715116296875 0.6462857109375 0.701381603125 0.611034865625 0.7406118578124999 0.5785621562500001 0.722042009375 0.533373471875 0.689729259375 0.478165271875 0.6293610609375 0.39767951562500004 0.6195747546875 0.390350415625 0.60075346875 0.3841591171875 0.5887185359375 0.46211351875 0.5932163390625 0.5091744671875 0.5837599140624999 0.5987685921875 0.5449638640625001 0.662930634375 0.5556773781250001 0.680082565625
9 0.5913791671874999 0.5032326375 0.60120418125 0.4153011578125 0.595201128125 0.39265924375 0.584820759375 0.3859284453125 0.519335278125 0.41878055 0.4970956609375 0.51606710625 0.5703539156249999 0.6015431171875 0.576965046875 0.5897698859375 0.5210582734375 0.5261457187499999 0.5746346390625 0.5168207421875 0.6486766578125 0.5939445640625001 0.6566001359375 0.582152609375 0.5913791671874999 0.5032326375
9 0.49438190468750004 0.45116150624999996 0.46814222968749997 0.47093452031250005 0.44034697500000003 0.5044923171875 0.4210157328125 0.5316720265625 0.44435898125 0.5790862625 0.44734779687500004 0.6282545140625 0.42395669218750004 0.6623743390625 0.4360850796875 0.7007760171874999 0.4478643703125 0.709363246875 0.48742736875 0.687311971875 0.505668940625 0.674536159375 0.5418931625 0.643358459375 0.565711790625 0.5963039 0.5453659640625 0.5728262859375 0.5002945828125 0.5194722031250001 0.5137437234375 0.46276667031249996 0.49438190468750004 0.45116150624999996
9 0.42867487187500003 0.55403756875 0.42562939375 0.5417781515625 0.35461115 0.6569004171875 0.38318038906249996 0.697952475 0.39692369375 0.7079716890625 0.43445245625 0.7020062874999999 0.431161475 0.6812014734375 0.41923266718749996 0.663023553125 0.459709653125 0.600505428125 0.4389336265625 0.5676513953125 0.42867487187500003 0.55403756875
12 0.3435893609375 0.556191353125 0.3619290515625 0.5423714046875 0.368645446875 0.5043221296875 0.34725800156250003 0.48357120625 0.3077330140625 0.4677243375 0.3314653796875 0.5401022859375 0.3435893609375 0.556191353125
12 0.1983882765625 0.56955725 0.1923262859375 0.5615127171875 0.165456565625 0.5516843703125 0.1982621953125 0.6239833375 0.2627971171875 0.7102116656249999 0.30953967968749996 0.69827475 0.3203666625 0.6639193078125001 0.3224281328125 0.6643062734375 0.29595830156249997 0.6250706562499999 0.2721292515625 0.6051894171875001 0.2386052140625 0.57126814375 0.22272728125 0.5560674828125001 0.201747209375 0.5505327515625 0.1983882765625 0.56955725
12 0.24296100625 0.47209516875 0.22537717812500002 0.494871990625 0.22318534531249998 0.512262421875 0.23084051093750002 0.5296887531250001 0.2548172578125 0.5592518890625 0.2748890421875 0.5648367046875 0.2894040515625 0.5783348562499999 0.294846090625 0.5787906 0.31747562500000004 0.5654654046875 0.328403246875 0.5456340859375 0.324132459375 0.532698975 0.30131949062499996 0.5121985609374999 0.26950159375 0.4815026234375 0.24296100625 0.47209516875
12 0.20516892812499998 0.49512827187499997 0.2196958109375 0.5156590109375 0.24153779687500002 0.489260203125 0.2341250875 0.48117762343750003 0.19847248281250002 0.4782219515625 0.18766675625 0.48015096249999994 0.20516892812499998 0.49512827187499997
9 0.8082913640625 0.29958623125 0.8083552718749999 0.29889956562500003 0.755356415625 0.214878403125 0.7561378828125 0.21205889843749998 0.7538801 0.2067491296875 0.7480019109375 0.21340929062499997 0.8038868328125 0.29971827968750003 0.8082913640625 0.29958623125
