10 0.501353640625 0.322721603125 0.4697800890625 0.34516091250000003 0.4823283796875 0.3512255015625 0.5086404156250001 0.3557739421875 0.5272607734375 0.348496103125 0.5389999999999999 0.3363669265625 0.501353640625 0.322721603125
10 0.567554978125 0.20895657031249998 0.508859584375 0.228060134375 0.5351716203125 0.28385467656249996 0.562697621875 0.329945990625 0.5748410109375001 0.3335846328125 0.59508098125 0.3411653671875 0.60520059375 0.3344944328125 0.6104635953125 0.3326748328125 0.6201783062499999 0.34601726093749996 0.7027563156250001 0.3296425390625 0.7059948 0.3332817375 0.7027563156250001 0.32933964375 0.676445021875 0.3272165921875 0.681302378125 0.3132683734375 0.6638959875 0.309932628125 0.6331315 0.3002293984375 0.623416790625 0.282035634375 0.6335364046875 0.24109910937499998 0.608034175 0.21926670312500002 0.567554978125 0.20895657031249998
9 1 0.38628250625 0.7288350671875 0.35239810625 0.7207043093750001 0.334124721875 0.47188410156250005 0.364580734375 0.41069019375 0.38396158125 0.3179925703125 0.46497438750000003 0.3098610703125 0.4984760578125 0.30172956875 0.5539059015625 0.332629271875 0.6306547890624999 0.3684071328125 0.6745111359375 0.4560445765625 0.7203841875 0.5633789 0.72160245 0.578014859375 0.712465478125 1 0.7123225093750001 1 0.38628250625
10 0.16264413125 0.5732360796875 0.150537890625 0.5757377499999999 0.150537890625 0.5954381953125 0.16076597343750001 0.5969315140625 0.1757942046875 0.6644755015625 0.19875334375 0.6916809578125 0.33483952499999997 0.694182628125 0.358216196875 0.688554009375 0.3715750375 0.6794855234375 0.3681315 0.6703708234375 0.3372407125 0.6353479953125001 0.3094784546875 0.57371158125 0.3048863296875 0.5427538968750001 0.3073915296875 0.5208647 0.314904903125 0.48333964375000005 0.20344799375 0.48333964375000005 0.18633283750000001 0.4980367484375 0.16264413125 0.5732360796875
10 0.35729271875 0.688346325 0.337255571875 0.6911603562499999 0.3485267453125 0.696163696875 0.393193165625 0.7024181515625 0.3998722140625 0.6936620265625 0.374407875 0.6774014484374999 0.35729271875 0.688346325
9 0.164750371875 0.7480818484375 0.1753410109375 0.7572049 0.196169390625 0.761304009375 0.209054978125 0.739619153125 0.221410846875 0.7466269484375 0.27277563125 0.7256035640625 0.2863670140625 0.70087750625 0.27136329843749996 0.6924153671875 0.20022956875000003 0.69585300625 0.1698692421875 0.7106620265625 0.164750371875 0.7103975499999999 0.16863372968749998 0.7310244984375001 0.164750371875 0.7480818484375
9 0.4340557203125 0.7324003343750001 0.45507429374999997 0.725978284375 0.4529331359375 0.7160768375 0.4260356609375 0.71520545625 0.4271419015625 0.7253563468750001 0.4340557203125 0.7324003343750001
9 0.2973781578125 0.7362934296875 0.328905646875 0.7489309578125 0.3452228828125 0.7522455453125 0.3620928671875 0.7495523390625001 0.36624145625 0.7495523390625001 0.38228157500000004 0.7452021156249999 0.39168499218749997 0.7284209359375 0.403852896875 0.7124688203125 0.40827786093749996 0.69796715 0.3991515609375 0.6967243875 0.3872600296875 0.7025250562500001 0.33222436875 0.6919593546875 0.31480163437500003 0.6952739421875 0.3112057953125 0.706875278125 0.2973781578125 0.7362934296875
2 0.1538439828125 0.44525556718750003 0.149416046875 0.4763569046875 0.1685876671875 0.515143653125 0.18318350625 0.5140929843750001 0.1937020796875 0.4896269484375 0.2175052 0.4809187078125 0.21805943593750002 0.46391648124999996 0.2152912328125 0.4502321828125 0.178755571875 0.4328151453125 0.1538439828125 0.44525556718750003
10 0.22968424999999998 0.4589404234375 0.226916046875 0.47552783906249996 0.25727563125 0.4826113578125 0.28402823125 0.47092149218749996 0.22968424999999998 0.4589404234375
5 1 0.9103968 0.9696374437499999 0.9175334078124999 0.92313744375 0.884358575 0.9975512625 0.953266703125 1 0.9509134640625 1 0.9103968
12 1 0.745185459375 0.9574591375000001 0.7221776171875 0.9585661218749999 0.7901854125 1 0.799221946875 1 0.745185459375
5 0.842155275 0.91890423125 0.8541567609375 0.92537750625 0.8636040125 0.8523374171875 0.7883172359375 0.8233095765625 0.67262035625 0.7718886421875 0.64881649375 0.773547884375 0.6753878156249999 0.8262121375 0.6936560171874999 0.8092104671874999 0.7606389296875 0.8307739421875 0.7789071328125 0.8523374171875 0.8287132250000001 0.90416035625 0.842155275 0.91890423125
9 0.09465378906250001 0.8636976609374999 0.0648692421875 0.93415423125 0.0821129265625 0.9391447656249999 0.1193432390625 0.943548440625 0.15422213906249999 0.935034521875 0.160100296875 0.920356346875 0.133450965625 0.915952671875 0.1017080234375 0.8681013359374999 0.09465378906250001 0.8636976609374999
9 0.13969093593749998 0.7258903125 0.1517592875 0.727041203125 0.1677771171875 0.7117550109375 0.19564338750000002 0.6946609125000001 0.1993172359375 0.6916497765625 0.18439673125 0.6775144765625 0.1762778609375 0.654009465625 0.1650876671875 0.6301765031250001 0.1578462109375 0.6293546765625 0.1423239234375 0.6441998890625 0.1309145609375 0.678881403125 0.14627340312499998 0.6987700453125 0.13969093593749998 0.7258903125
9 0.6501456171875 0.711335746875 0.665020059375 0.7216675953125 0.6901708765625 0.7315946546875 0.7180267453125 0.7346330734375 0.7293855875 0.7326074609375001 0.7518320953125001 0.7208569046875 0.750479940625 0.7127533406250001 0.6501456171875 0.711335746875
10 0.47221173906249997 0.16721714999999998 0.492933878125 0.1835211578125 0.51086255625 0.1863257234375 0.5240037140625 0.1582416484375 0.4996537890625 0.11104788437499999 0.4957882609375 0.10931069062500001 0.4621627046875 0.10236191562500001 0.41655497812500003 0.10931069062500001 0.41075705781250005 0.141448775 0.4153952453125 0.1521614703125 0.44206389375 0.1507138078125 0.47221173906249997 0.16721714999999998
10 0.11607726562500001 0.2883763921875 0.12233506718750001 0.3258797328125 0.1426738484375 0.367484409375 0.15127860312500002 0.39854175937499997 0.1536248140625 0.39854175937499997 0.1903907875 0.44249053437499997 0.2686166421875 0.47061748281250004 0.3155512625 0.46592984375 0.3358900453125 0.449522271875 0.46613670156250003 0.34546380781249997 0.5103320953125 0.317675946875 0.51456835 0.3087305125 0.5165906390624999 0.2701670375 0.514243684375 0.21684242812500001 0.4743484390625 0.16644766093750002 0.43601857343750006 0.1523841875 0.4055104015625 0.1523841875 0.3108580984375 0.1400785078125 0.269398959375 0.1541419828125 0.208382615625 0.18695712656250002 0.152060921875 0.23969599062500002 0.11607726562500001 0.2883763921875
10 0.88344205 0.881144765625 0.8627986625 0.8958891984375 0.8517563156250001 0.9228602453124999 0.8258328374999999 0.9120718265625 0.8215118875 0.916746659375 0.827272659375 0.9329292875 0.901204309375 0.9634966593750001 0.9180074296875 0.954506125 0.88344205 0.881144765625
