12 0.732879146875 1 0.7090886984375 0.9602433125 0.6837885171875 0.9390139375000001 0.64144914375 0.9181105046875 0.6294669500000001 0.9109810953125 0.609616046875 0.9089484328124999 0.5821720203125 0.92452825 0.5254122390625 0.9400774984375 0.48115308125 0.95500104375 0.422818659375 1 0.732879146875 1
9 0.7560450390625 0.8937345671875001 0.7715278015625 0.8703521765625 0.7693212421875 0.8112774843749999 0.7297891609375 0.8273982828124999 0.480330521875 0.80297864375 0.4305131953125 0.09894326249999999 0.4676476765625 0.0694795078125 0.414395828125 0.03186861875 0.36363274687499997 0.029502270312500002 0.1026764859375 0.2295640765625 0.0994570875 0.8166082343750001 0.20937275 0.9088384265625 0.4348148890625 0.91417254375 0.7560450390625 0.8937345671875001
9 0.67471851875 0.32287931875 0.6647696843750001 0.27310534531249997 0.6442327734375 0.2679974875 0.62784835 0.1309819796875 0.5979986796875 0.104924040625 0.5951435390625 0.087372471875 0.5743981203125 0.0689546125 0.560647034375 0.070551125 0.53060116875 0.0447939703125 0.5013543125 0.056162909375 0.4282598328125 0.09889933125 0.4575359234375 0.3881872609375 0.5552743453125 0.44797099687499997 0.6618808406250001 0.41213564687500004 0.6538930203125 0.331674740625 0.67471851875 0.32287931875
9 0.66706418125 0.435989346875 0.6717908421875001 0.46494199687500004 0.6545890421875 0.49423489062500003 0.6938595015625 0.5113296109375 0.781197865625 0.48755246406249997 0.798010496875 0.48099803124999996 0.7989815640625 0.45346213750000003 0.8099642609375 0.4468213109375 0.813059603125 0.42202970312500004 0.795552415625 0.3842744171875 0.785473659375 0.3787006390625 0.7773736515625 0.334423809375 0.797366478125 0.32525217031250003 0.7932598375000001 0.27856097812499997 0.77121890625 0.2591053390625 0.7659674703125 0.23019255 0.7011362765625 0.1661824140625 0.6827526078124999 0.16757489375 0.6402575015624999 0.186141659375 0.6517459437500001 0.2736976671875 0.6740852796875 0.282832290625 0.6759915203125 0.32335323125 0.6571013078125 0.33296916875 0.6626599078125001 0.3996191109375 0.6495612390625001 0.422263734375 0.66706418125 0.435989346875
10 0.6214096484375 0.4970127046875 0.6377729359375001 0.49392492499999996 0.6480411015625 0.4934115375 0.66506705 0.48367259531249995 0.6720805984375 0.4530386453125 0.6656832500000001 0.4419047328125 0.6549275859375 0.429516159375 0.64742271875 0.4232188265625 0.643651975 0.4118857921875 0.6180376234375 0.4230674109375 0.586560115625 0.441822865625 0.571744303125 0.447169528125 0.58695685 0.46714227499999994 0.6053398578125 0.49506035156249995 0.6214096484375 0.4970127046875
9 0.582732190625 0.46084995156249997 0.45678853906250005 0.39159957031250003 0.45667247031249997 0.47039553125 0.45320812187500004 0.49679970781250005 0.45890924687499995 0.5222454296875 0.4666270078125 0.525357896875 0.5447094781249999 0.5149562421875 0.584581228125 0.5061276968749999 0.6010248546875 0.5011858296875 0.582732190625 0.46084995156249997
9 0.703213015625 0.51821845 0.653731165625 0.4968799578125 0.6648936453125 0.5240249953125 0.703213015625 0.51821845
9 0.7445009171875 0.675393259375 0.740550815625 0.6302747171874999 0.7324352375000001 0.631153040625 0.696860196875 0.6512750546875 0.708523890625 0.6754771609375 0.7445009171875 0.675393259375
2 0.63660123125 0.72043678125 0.659082509375 0.7176785078125001 0.6713949593749999 0.721763078125 0.69995263125 0.7082456921875 0.7102503921875 0.68307761875 0.691513565625 0.6468555890625 0.6777719640625001 0.6408888390625 0.6447285968750001 0.6492002765625 0.6418894453124999 0.6525838453125 0.5288754375 0.6682712765625001 0.4728349828125 0.6688183703125 0.47644156562499995 0.7729658390624999 0.59651581875 0.732450246875 0.63660123125 0.72043678125
9 0.48369768124999996 0.7994861078125 0.7030997125 0.8292398140625 0.9038076125 0.7746966515625 0.647709996875 0.7217377015625 0.47604187500000006 0.78633441875 0.48369768124999996 0.7994861078125
2 0.7612323156249999 0.7377953046875 0.774610071875 0.725956265625 0.7746813359375 0.7053541578125 0.7720980265625 0.6873300999999999 0.7596630265625001 0.6740125921875 0.7158072171875001 0.6746926125 0.710970825 0.6792836 0.7093236968750001 0.7000054062500001 0.691559659375 0.7129687171875 0.6645064796875 0.7176580171875 0.6633187015625001 0.7243494546875 0.749965778125 0.7389129624999999 0.7612323156249999 0.7377953046875
2 0.8710666609375 0.7518560265625001 0.8778008828124999 0.7397274015625 0.8800726234375 0.7252963109375 0.8708218750000001 0.7040800078125 0.8603549578124999 0.6919337203125 0.8367426765625 0.6966262703125 0.8211932546874999 0.6999160640625 0.8057480765625 0.7042544265624999 0.7770487765625 0.7003545640625 0.7755199562499999 0.7062796359375 0.777521365625 0.7291011234375 0.7594682359375 0.7418225625 0.8209031859374999 0.7582948875 0.8368687328125001 0.7591986703125 0.8573064203125 0.7518416140624999 0.8710666609375 0.7518560265625001
2 0.715176796875 0.5706660921875 0.70952163125 0.5803359484375 0.69872834375 0.580889609375 0.5862369968750001 0.6375740609375 0.522090553125 0.6718145078125 0.6142268421875 0.6563879 0.6777631671875 0.643390884375 0.693159971875 0.6484891578124999 0.79002424375 0.6033940875 0.8008131265625 0.60812243125 0.8148908499999999 0.6060001374999999 0.8378520375 0.5991523812499999 0.8409900171875 0.5854481515625001 0.834290021875 0.560605578125 0.81825321875 0.543449040625 0.791589165625 0.548771846875 0.7834168859374999 0.554408096875 0.7784482828125 0.560329446875 0.7598561296875 0.559624784375 0.74708950625 0.5642885203125 0.7333995203125 0.5729829671875 0.7240539484374999 0.569465703125 0.715176796875 0.5706660921875
2 0.4774399625 0.67228951875 0.5220304875 0.66743528125 0.6949802875 0.5818044765625 0.7089861953125001 0.5843344859374999 0.7195409546875 0.571287034375 0.7323507734375 0.572428965625 0.761092571875 0.5592716796875 0.7649715859375 0.54292855 0.7558860890625 0.511095734375 0.7434810953125 0.5033763828125 0.7167408859375 0.5089908578125 0.7046616953125 0.5130731671875 0.6974307203125 0.5187226390624999 0.6645352546875001 0.5212127328125 0.6650561125000001 0.5419892140625 0.6547778625 0.5514256890625 0.637127575 0.5612089578125 0.6264786875 0.5626491437500001 0.5037947015625 0.6052523375 0.474901325 0.623278046875 0.4774399625 0.67228951875
2 0.6475793828125 0.5555442453125 0.6616796171875 0.5462406843750001 0.664759771875 0.5205364875 0.651925340625 0.50138195625 0.6403830984375001 0.4916968640625 0.607701921875 0.49501594843749996 0.6007230171875 0.501457115625 0.46438855625000003 0.52633334375 0.4716267625 0.6269384046875001 0.50672315625 0.6010523078125 0.625542940625 0.5616470953125 0.6475793828125 0.5555442453125
