10 0.50586328125 0.7730078125000001 0.48656640624999997 0.7231528328125 0.434533203125 0.71876171875 0.3883587234375 0.6890556640625001 0.3507981765625 0.6929301765625 0.2784348953125 0.73090234375 0.2918736984375 0.79315625 0.38697981718749996 0.780240721875 0.4817421875 0.7755908203125 0.50586328125 0.7730078125000001
4 0.2729153640625 0.475923828125 0.2615787765625 0.47953906249999995 0.2646451828125 0.5038217781250001 0.28049609375 0.503046875 0.278083984375 0.47824853437500003 0.2729153640625 0.475923828125
4 0.3417975265625 0.612915528125 0.33791862031250003 0.6058876953125 0.3205813796875 0.6063037109375 0.31237890625000003 0.6211552734375 0.3233704421875 0.6291528328125 0.3382415359375 0.6267294921875 0.3417975265625 0.612915528125
9 0.6198463546874999 0.2885678703125 0.58084375 0.29145751875000003 0.58515234375 0.3065864265625 0.6441100265624999 0.3077763671875 0.6377604171875 0.2858481453125 0.6198463546874999 0.2885678703125
12 0.618935546875 0.25504345625 0.6429720046875 0.24535400468750002 0.6599791671874999 0.2470537109375 0.6617936203125 0.2433139640625 0.6329947921875 0.22971533125 0.59898046875 0.22903515625 0.5763040359375 0.22342578125 0.5599772140625 0.2215556640625 0.559296875 0.22172558593749997 0.559296875 0.2295454109375 0.565419921875 0.24314404375 0.594671875 0.254193359375 0.618935546875 0.25504345625
12 0.47085416718750006 0.22665527343749997 0.44545703124999997 0.2230854484375 0.40875134218750003 0.230344284375 0.4087213546875 0.23039501874999999 0.42799609375000003 0.2662626953125 0.474935546875 0.2504536125 0.496931640625 0.24348437500000003 0.4944375 0.237194825 0.47244140625000003 0.23243505781249998 0.47085416718750006 0.22665527343749997
9 0.41996093749999996 0.16579638593749998 0.4193815109375 0.1652724609375 0.4122669265625 0.17128954999999998 0.4340670578125 0.17513476562500002 0.4347994796875 0.167169921875 0.41996093749999996 0.16579638593749998
9 0.5282272140625001 0.203561034375 0.5047786453125 0.195046875 0.45733203125 0.1859833984375 0.44395898437500003 0.184884765625 0.4729029953125 0.19573339843749998 0.4888411453125 0.20452246093749998 0.49726757812500005 0.21289941406250001 0.5282272140625001 0.203561034375
2 0.61828515625 0.215783203125 0.6237805984375 0.21317382812500002 0.6280188796874999 0.2078701171875 0.6142552078125 0.2093291015625 0.6061946609375 0.215783203125 0.6124231765625 0.2181176765625 0.61828515625 0.215783203125
9 0.5729869796875 0.17911376875 0.5675553390625 0.18965234375 0.578578125 0.1898920890625 0.5788977859375 0.180670409375 0.5729869796875 0.17911376875
9 0.4589934890625 0.37222265625 0.43503515625 0.359328125 0.41783398437499997 0.369919921875 0.377595703125 0.363703125 0.361623046875 0.375216309375 0.262716796875 0.37613720625 0.2400807296875 0.38108789062500004 0.2977330734375 0.4313994140625 0.423669921875 0.4010048828125 0.44179296875 0.39778125000000003 0.4589934890625 0.37222265625
9 0.30956640625 0.31944238281250004 0.31239453125 0.3275263671875 0.327244140625 0.324345703125 0.320349609375 0.3181171875 0.30956640625 0.31944238281250004
