16 0.4513698625 0.27405551875 0.48061852812500006 0.279180315625 0.49476338125 0.27276976406250003 0.4878726875 0.23883357656249998 0.45175581875 0.243434165625 0.4424645984375 0.2565766203125 0.445547434375 0.260435915625 0.44395817187500003 0.26859355625000003 0.4513698625 0.27405551875
4 0.47978049062499994 0.36776163125 0.4973552828125 0.3649009421875 0.492717915625 0.3619617140625 0.437903684375 0.36037916718749996 0.428761596875 0.3759723625 0.44289331093750006 0.375026771875 0.4596964609375 0.37084438125 0.47978049062499994 0.36776163125
9 0.25571612187500004 0.40799714375 0.26886845 0.44883215937500004 0.278326284375 0.440964975 0.2723085890625 0.432435171875 0.268324459375 0.40671896875 0.25571612187500004 0.40799714375
4 0.6340415984375001 0.4862203359375 0.64943904375 0.4849208 0.6560501984375 0.4775578453125 0.6581879984375 0.4681345828125 0.64668698125 0.46226024531250004 0.6396359703125001 0.4623867671875 0.6373105671875 0.4632898703125 0.63762429375 0.464494053125 0.631249896875 0.4632777359375 0.6224900671875 0.47075074843750003 0.6239723703125 0.48129788125 0.6340415984375001 0.4862203359375
9 0.5759735874999999 0.54664750625 0.5757577875 0.56009268125 0.7626417609375 0.6570432046875 0.7866566515625 0.64385694375 0.5759735874999999 0.54664750625
9 0.6900557468749999 0.687502384375 0.6884322984375 0.6965408953125001 0.6970373703125 0.706144615625 0.74085966875 0.6858794015624999 0.7002428859375 0.672103334375 0.6900557468749999 0.687502384375
9 0.3525817640625 0.524187646875 0.383083903125 0.5195111953125 0.3846260984375 0.51903433125 0.38683021875 0.5253460703124999 0.4106535125 0.5179083875 0.417892871875 0.50384198125 0.4196847609375 0.491612853125 0.41494807343750006 0.48809120312500004 0.4183525296875 0.481088509375 0.40684187656250004 0.47725262968750004 0.399926065625 0.4717659171875 0.3827281453125 0.4649316375 0.3606207890625 0.474173721875 0.357365190625 0.49264637968749997 0.357551990625 0.49709931875 0.3469093765625 0.4984004765625 0.342306909375 0.495833840625 0.335586375 0.499017946875 0.3373334328125 0.50208316875 0.324445015625 0.5030179218749999 0.3132353015625 0.5127734765625 0.31035090625 0.5193134234375 0.3525817640625 0.524187646875
9 0.64300994375 0.6769397703125 0.65063750625 0.6809608078125 0.651210428125 0.6752649078124999 0.62974490625 0.66770440625 0.6306882015624999 0.6716201328125 0.6427343671875 0.6735836828124999 0.64300994375 0.6769397703125
0 0.6830977421875 0.689979678125 0.6967113546875 0.67657499375 0.6824044312499999 0.6738844515625 0.661879671875 0.6735714078124999 0.653866359375 0.6788093468749999 0.653606809375 0.6839388453125 0.665430296875 0.6871084749999999 0.6830977421875 0.689979678125
16 0.6389882390625 0.6776355749999999 0.6437259 0.6764473796875 0.6420495015625 0.672896390625 0.6213862109375 0.6733826578125 0.6338716765625 0.680313515625 0.6389882390625 0.6776355749999999
15 0.7708512859375001 0.6803721984375 0.7121619546875 0.6644633625 0.7057723499999999 0.6689401687500001 0.7504986421875001 0.6812499296875 0.7640903156250001 0.68539818125 0.7708512859375001 0.6803721984375
6 0.7270937984375 0.6793167140625 0.7327632203125 0.681402959375 0.733169715625 0.6814991546875 0.74051729375 0.6811046671875001 0.7401085187499999 0.6781960796875001 0.730677996875 0.676129278125 0.7270937984375 0.6793167140625
