16 0.5440562859375 0.347275309375 0.535446353125 0.374634053125 0.5355915640625 0.44604757343749996 0.6118192671875 0.4490178875 0.6261382046875 0.45211624375000004 0.6433603515625 0.4099732140625 0.60731704375 0.3452229703125 0.5440562859375 0.347275309375
5 0.332702340625 0 0.304287203125 0.0214123421875 0.30862757812499997 0.032784371875 0.29434047812499997 0.0479992671875 0.361743896875 0.2058035765625 0.41976791718750006 0.27584329375 0.3921309796875 0.31764249218749996 0.410480665625 0.3527517625 0.427608446875 0.38624039374999997 0.437962221875 0.38415865 0.431481675 0.343282546875 0.41862746562500003 0.31419954843750003 0.43992973593749995 0.303231728125 0.48476752031250003 0.33045735 0.50632120625 0.2932422109375 0.57856010625 0.3125302046875 0.5553971453125001 0.1577506578125 0.5193070718749999 0.087707003125 0.459365253125 0 0.332702340625 0
16 0.66770519375 0.080740284375 0.6489969796875 0.066880646875 0.6461566890625 0.068173821875 0.6226342125000001 0.0829343 0.611747375 0.12121325000000001 0.6257893765625 0.1368948578125 0.6724597343750001 0.12248196250000001 0.6728102890625001 0.0951076484375 0.66770519375 0.080740284375
11 0.5031000625 0 0.507555609375 0.004036084375 0.5945268218749999 0.040151475 0.616502996875 0.0634093296875 0.6574966140625 0.0532741640625 0.671875496875 0.0348146640625 0.680567075 0.0467703484375 0.7122316796875 0.041970821874999995 0.7416480359375 0.029546967187500002 0.7359048546875 0 0.5031000625 0
5 0.2961466140625 0.4235381546875 0.2657139515625 0.3983652796875 0.2583987171875 0.40192787343749997 0.21767647656250003 0.44984087656250005 0.20903220625 0.4895081 0.2223410109375 0.521734353125 0.2736592828125 0.5509960421875 0.295060775 0.5023655046875 0.3007095234375 0.44545285 0.2961466140625 0.4235381546875
9 0.18404175625000002 0.3608786734375 0.2197689296875 0.34556067968750004 0.2587357859375 0.36040468593749997 0.287892221875 0.37048345625 0.2884205765625 0.369533525 0.295063425 0.379999965625 0.299259325 0.3591552484375 0.29342160625 0.33601968125 0.275076484375 0.3204609796875 0.24481374374999998 0.28745358906249996 0.21777233749999997 0.2757801453125 0.1913535046875 0.309503215625 0.17687838281249998 0.33708403750000004 0.18404175625000002 0.3608786734375
1 0.040653590625 0.5651758390625 0.056017657812499996 0.56575521875 0.0576966203125 0.56656454375 0.062342350000000005 0.54993753125 0.048270162500000005 0.533464253125 0.0381932796875 0.527795346875 0.0212675375 0.5405498093750001 0.040653590625 0.5651758390625
6 0 0.4741963953125 0.023937490625 0.4670405546875 0.018649765625000002 0.45323172968750003 0 0.45949873593749996 0 0.4741963953125
4 0.24390830000000002 0.9327664546875001 0.22798604375 0.9157056375 0.20075663906250002 0.90353364375 0.18203334843750002 0.90038865 0.1783207515625 0.9039372890624999 0.227997353125 0.9698603671875 0.2459166015625 0.9571332140625 0.24390830000000002 0.9327664546875001
7 0.514331790625 0.510438775 0.521320865625 0.5530176828125 0.528049975 0.577212071875 0.5581395125 0.592163946875 0.5795083859375 0.5890681718749999 0.5961803328124999 0.5755755828125 0.595920365625 0.5571910609375 0.5697863671875 0.516496309375 0.5570407 0.4898685078125 0.5394330734375 0.48130490156250005 0.5258605546874999 0.48595805 0.514331790625 0.510438775
9 0.40514979218749997 1 0.4081836703125 0.9514038609375 0.40092522343750003 0.91335735625 0.38139924999999997 0.8959693390625001 0.371086996875 0.8694983390625 0.355956959375 0.8281092125 0.3292433171875 0.807576809375 0.2776085453125 0.8072501640624999 0.26531725625 0.816512315625 0.2403760234375 0.8267461984375 0.2204475328125 0.7796995578125 0.2213735109375 0.7304921375 0.16889594218749998 0.6484337578125 0.12712985625 0.6643496828125001 0.13325634375 0.6855247375 0.1378527046875 0.7262758453125 0.174772925 0.739804121875 0.17623086875 0.7690520875 0.202758278125 0.8658124046875001 0.22438213125 0.8843166 0.2581327859375 0.883447090625 0.27690003750000003 0.91528203125 0.2525950171875 0.9429554765624999 0.25715662968749997 0.9665380125 0.25818649531250004 0.9903262703125 0.2588029015625 1 0.40514979218749997 1
10 0.226597790625 0.7325949703125 0.22432448749999997 0.7913792374999999 0.2394363875 0.8242204671875 0.320234909375 0.803137471875 0.330671946875 0.792565828125 0.31585150624999997 0.7352492625 0.297624221875 0.684067109375 0.3112536328125 0.6602424203124999 0.298163353125 0.613035440625 0.255326153125 0.5668439984375 0.22731058750000002 0.5786818328125001 0.20076507187499998 0.640774225 0.2152397203125 0.696211415625 0.20432879843750001 0.71156684375 0.226597790625 0.7325949703125
9 0.3488221890625 0.630864275 0.3439884734375 0.5792606765625 0.3032257375 0.598703075 0.2971539875 0.6104048515625 0.306683415625 0.6380953609375 0.3488221890625 0.630864275
