5 0.45713307031249995 0 0.67839385 0.16020335000000002 0.6878694015625 0.16770023125 0.69887301875 0.1473049296875 0.5008681 0 0.45713307031249995 0
10 0.4680290828125 0.0995368640625 0.4582186484375 0.115333490625 0.464829221875 0.143808240625 0.4985449421875 0.18921446875 0.47422695 0.24529762812499997 0.5012315484375 0.25410174375 0.568579128125 0.1628197515625 0.6016913453125 0.10976085937499999 0.5016365296874999 0.0360516265625 0.49350701093750005 0.03614579375 0.47832835625000003 0.0477845640625 0.45957764531249995 0.07389679375 0.4633781671875 0.0777082671875 0.4383138640625 0.099047834375 0.4550325625 0.110576775 0.4680290828125 0.0995368640625
9 0.6150758171875 0.0747902140625 0.617105096875 0.0620016328125 0.5610467390625 0.0054443875 0.539714440625 0.025178271875 0.611061940625 0.07890049375 0.6150758171875 0.0747902140625
9 0.54428496875 0.7294105562500001 0.5458255921874999 0.7511606296875 0.6422175109375 0.633136309375 0.7141943281249999 0.612033303125 0.698726365625 0.4501770890625 0.5529852796875 0.474428253125 0.5473922499999999 0.5023673828125 0.46321456562499996 0.49808217812500005 0.4088745453125 0.5541487546874999 0.41977035 0.675419259375 0.54428496875 0.7294105562500001
5 0.4538278671875 0.4910995765625 0.47336684375000004 0.50311664375 0.49894148437499997 0.49755741249999996 0.5368792609375 0.5054013109375 0.5450105671875 0.493531303125 0.5662530875 0.42841877500000003 0.5001954625 0.3976117890625 0.4538278671875 0.4910995765625
9 0.79362699375 0.19860369687499999 0.738923303125 0.3156116484375 0.9070868031250001 0.42712927343749996 0.9718628125000001 0.3240580015625 0.79362699375 0.19860369687499999
9 0.7548192828125 0.2708189859375 0.6354168265625 0.30744646875 0.6597083109375 0.3916296578125 0.77483249375 0.3915129890625 0.776574040625 0.39310580625 0.7865182671875 0.3450213828125 0.7548192828125 0.2708189859375
5 0.475636134375 0.331462346875 0.4894540328125 0.26700975 0.4758302671875 0.2406211109375 0.39945604375 0.23834272343750001 0.36389666875 0.2499235578125 0.346901934375 0.3641203140625 0.35868564687500004 0.364838075 0.46358631875 0.3550477125 0.475636134375 0.331462346875
9 0.2993498078125 0.3600133390625 0.29074766875 0.3707443328125 0.364818925 0.4926811015625 0.3741188546875 0.4921932796875 0.41766464531249997 0.5269995125 0.425407 0.523460528125 0.459977965625 0.5087898703125 0.45676684375 0.479781540625 0.4658930625 0.450219125 0.46806831875 0.4267484140625 0.495054278125 0.397769375 0.47346592187500003 0.3723274546875 0.428655634375 0.41869389999999995 0.39195905937500003 0.415259478125 0.34144563125 0.4004043421875 0.2993498078125 0.3600133390625
10 0.46940356875000006 0.3664265765625 0.466719696875 0.3491820484375 0.34943 0.3554144875 0.3582310046875 0.3150342859375 0.336843146875 0.3056315765625 0.30159580625000004 0.357392584375 0.30651094687499997 0.37078281875 0.3452239734375 0.39877870312499997 0.40590566250000004 0.4218685625 0.43316359374999996 0.41468672968750003 0.46940356875000006 0.3664265765625
11 0.2566090359375 0.3147176515625 0.261570825 0.33180921875 0.2780268515625 0.3416802 0.27765426875 0.3422539296875 0.27953273125 0.3406184671875 0.2806691203125 0.3099458390625 0.2566090359375 0.3147176515625
