10 0.54041583125 0.7290070828124999 0.547038896875 0.6900262390624999 0.5281506703125001 0.6528759703125 0.5040084265625 0.637134209375 0.48214106250000005 0.63694890625 0.42119842656250006 0.65692881875 0.4338896140625 0.726675728125 0.46780016093750004 0.730132503125 0.48498357812500004 0.750298159375 0.51338940625 0.7440870234375 0.54041583125 0.7290070828124999
10 0.6730379140625 0.6584677765625 0.6806616375 0.6529288156249999 0.6816795359375 0.6187799468749999 0.6758339999999999 0.593022425 0.6658278953125001 0.5892944703125 0.661702540625 0.63101613125 0.66400538125 0.6544001109375001 0.6730379140625 0.6584677765625
10 0.6240674515625 0.53338756875 0.6326140687499999 0.524605471875 0.6319303515625 0.510439265625 0.6247910234375 0.5053362234375001 0.6176360703125 0.5228825234375 0.6177946640624999 0.5297132015625 0.6240674515625 0.53338756875
10 0.6289106109375 0.5472722453125 0.639116671875 0.538403334375 0.637081065625 0.5308785296874999 0.63151015625 0.5302955609375 0.6076123953125 0.5453428687499999 0.609014325 0.554357190625 0.61356265 0.54346318125 0.6289106109375 0.5472722453125
10 0.7127374984375 0.552633653125 0.682656121875 0.47763515156249997 0.6641962265625 0.4496296015625 0.6481244890625 0.46057034531249996 0.667809709375 0.5162400093749999 0.6635844484375 0.5175091703125 0.6783275515625 0.5664391546875 0.6803472234375 0.595731128125 0.6762163671875 0.639997903125 0.6807305828125 0.6488088734375 0.6852746859375001 0.6583696734375 0.69792679375 0.6741308 0.7115833484375 0.6688392000000001 0.7176346546875 0.6778775328125 0.7195466781250001 0.6772020953125 0.72357539375 0.665271303125 0.7186066015625 0.57718623125 0.7127374984375 0.552633653125
15 0.4395750484375 0.3565552578125 0.491252065625 0.370969221875 0.5528706765625 0.39493483125 0.55289289375 0.386326821875 0.473461771875 0.3536189359375 0.45079575937499994 0.3484049296875 0.4509737859375 0.34745539375 0.3815734 0.3356899484375 0.38101549375 0.3446871609375 0.4395750484375 0.3565552578125
15 0.304935628125 0.597404340625 0.3129982671875 0.6013656562499999 0.3710520796875 0.454040371875 0.36402910781250003 0.448505496875 0.304935628125 0.597404340625
10 0.3839130703125 0.495015446875 0.393203415625 0.48376513125000004 0.389350715625 0.470199140625 0.3766538734375 0.4561037203125 0.36623100468750003 0.462039584375 0.3668530046875 0.4775437171875 0.37331188593750003 0.5010812625 0.3839130703125 0.495015446875
9 0.42707569218749997 0.46529634687500004 0.42869884843749995 0.4416150359375 0.440763153125 0.454222615625 0.4479244171875 0.44892156562499996 0.43760965625 0.41632082343750004 0.444552503125 0.39695690156249996 0.429084190625 0.377919996875 0.4126078609375 0.384162571875 0.4075529859375 0.395608825 0.41788739062499997 0.469926546875 0.42707569218749997 0.46529634687500004
10 0.43351841249999995 0.534639959375 0.43946315937499997 0.527047659375 0.43239544375000005 0.515817515625 0.4223969109375 0.518581390625 0.41781075 0.53255079375 0.4272002578125 0.5420940578125 0.43351841249999995 0.534639959375
10 0.5255146546875 0.49192643281250004 0.5368240234375 0.49434705624999997 0.5220662796875 0.43347134218749994 0.5124600187499999 0.43226832968749995 0.51389860625 0.4406331984375 0.519789246875 0.44085388124999997 0.5283147140625 0.479254709375 0.521936146875 0.4806162203125 0.5255146546875 0.49192643281250004
10 0.3242555875 0.6222207734375 0.333412171875 0.616795421875 0.325275903125 0.6018411421875001 0.3217845375 0.5974681484375 0.320045528125 0.6089144203125 0.3140847328125 0.61610888125 0.32123528437500004 0.624824253125 0.3242555875 0.6222207734375
17 0.149117903125 0.850653065625 0.1485004796875 0.842747425 0.1445695453125 0.83457609375 0.1403127421875 0.8327325453125001 0.128500021875 0.8393249546874999 0.15068888281249998 0.8698653015625 0.15491903906249999 0.85679694375 0.149117903125 0.850653065625
17 0.17607148125 0.8975678109375 0.16095748906250001 0.86510815625 0.1574616765625 0.8790090734374999 0.1572846515625 0.8789435984375 0.17300015468750002 0.9005741328125 0.17333905624999998 0.9005554468750001 0.17607148125 0.8975678109375
10 0.6512761546875 0.5511861859375 0.661310325 0.5536521 0.6539682296875 0.5381726546875 0.6388027859375 0.5316296578124999 0.6375655921875001 0.5299268078125 0.636825521875 0.5551806765625 0.6543894171875 0.56323355 0.6512761546875 0.5511861859375
