9 0.3887981828125 0.306070878125 0.39344303593749996 0.29887779999999997 0.389789221875 0.28691885 0.3804949875 0.2753622359375 0.3744849953125 0.2749838 0.3717799828125 0.2786604453125 0.36882446875 0.28512150625 0.37223953125000003 0.2873387625 0.36952971093750003 0.2934489375 0.36556179218749996 0.2978091234375 0.357870984375 0.303565390625 0.35291679375 0.31176078125 0.3578775078125 0.3192381171875 0.3887981828125 0.306070878125
2 0.322656771875 0.320062753125 0.32302324531250004 0.32850096875 0.33232599218750003 0.332577925 0.3559238421875 0.297570115625 0.3526129796875 0.29333692031249997 0.3429422296875 0.2910921171875 0.322656771875 0.320062753125
2 0.3157003015625 0.35104365937500004 0.3215504953125 0.346609475 0.321839546875 0.3398482453125 0.316937303125 0.33548705 0.297027615625 0.3383168984375 0.29360450625 0.343579628125 0.2970644796875 0.3548808578125 0.3157003015625 0.35104365937500004
9 0.3197804015625 0.42790073125 0.3254564765625 0.429854184375 0.32675997031250004 0.41994462187500003 0.313079346875 0.3843894578125 0.30930290625 0.38188938906250003 0.30190308906249996 0.3814701171875 0.29465637031249997 0.3877960125 0.2928182109375 0.3966110125 0.3197804015625 0.42790073125
9 0.338958315625 0.4156901921875 0.344224453125 0.4224071875 0.35154673281250004 0.41194988749999994 0.345313809375 0.3974834515625 0.3358748734375 0.3891426359375 0.330650178125 0.387937909375 0.3263740828125 0.39389020937499997 0.338958315625 0.4156901921875
9 0.3028617078125 0.43722787500000004 0.305267234375 0.4480112921875 0.3110767296875 0.4572786015625 0.311427334375 0.4408863921875 0.3028617078125 0.43722787500000004
9 0.2619777640625 0.45305933906250007 0.263550109375 0.45911412343749997 0.2801970828125 0.45111059062500003 0.27581176093750004 0.44525413281250004 0.2619777640625 0.45305933906250007
16 0.33062011562500004 0.6870029125 0.330551759375 0.654855746875 0.343040865625 0.63353355625 0.311964421875 0.5844085203125 0.34368454375 0.5445941640624999 0.336640303125 0.5372239046875 0.345341609375 0.5282830484375001 0.3143832453125 0.4992913546875 0.2347173640625 0.5751560312499999 0.2066128953125 0.6139867859375 0.21924252656249998 0.6329880734375 0.240866746875 0.6578808234375 0.28956036875 0.6489069421875 0.2752282015625 0.6689395375 0.2865303921875 0.67807233125 0.287728265625 0.70207045 0.31029815156249996 0.7073104453125 0.33062011562500004 0.6870029125
10 0.28648781562500003 0.7244282328125 0.2914852125 0.7154061328125 0.28867823125 0.6894950578125 0.2829253453125 0.6758411468750001 0.279344721875 0.6689002859375 0.2877394921875 0.6514924640624999 0.2199805859375 0.6523766281250001 0.21785063437500002 0.6565964375 0.21178305156250002 0.6659689953125 0.20726438749999998 0.6731294703125 0.1998922125 0.6855421078124999 0.201166775 0.697857925 0.24469141875 0.696480553125 0.24837821093749998 0.7098266625 0.28648781562500003 0.7244282328125
10 0.19502264375 0.5264212968749999 0.215301909375 0.5252319734374999 0.221121175 0.5169212015625 0.2142726203125 0.5053696609375 0.190918128125 0.5085341750000001 0.186282259375 0.5135450828125 0.19502264375 0.5264212968749999
2 0.20225950625000003 0.5834999265625 0.21698950468749997 0.5987026640625001 0.226353946875 0.5886741171875001 0.208364628125 0.5752367171875 0.20225950625000003 0.5834999265625
16 0.1812349328125 0.5677157671875 0.18723998125000002 0.575321409375 0.208205678125 0.570449815625 0.216935021875 0.5561597859375 0.1964034578125 0.5583597250000001 0.191413565625 0.5561414375 0.1812349328125 0.5677157671875
16 0.18103605625000002 0.642353609375 0.20156663125000002 0.621237484375 0.2007028203125 0.6204204890625 0.1582334078125 0.591957828125 0.1318428140625 0.6130089562500001 0.1441609203125 0.62800975625 0.18103605625000002 0.642353609375
2 0.3677468734375 0.931901353125 0.355694475 0.9123719187500001 0.329903890625 0.9337789750000001 0.33053765625 0.9618920828125 0.3486570703125 0.9557662921875 0.3677468734375 0.931901353125
2 0.36281929218750003 0.9720192765625001 0.3712001171875 0.9602626609374999 0.38216078593749997 0.9469451046874999 0.3788389015625 0.9378852953125 0.372799875 0.938014109375 0.342809034375 0.97404921875 0.348217346875 0.9784307312499999 0.36281929218750003 0.9720192765625001
2 0.32138194375 0.8960682468750001 0.3174412265625 0.8942651843749999 0.2982966734375 0.899346571875 0.2728513984375 0.9165561515625 0.272763909375 0.9512748703125 0.30303416875 0.9724703343750001 0.33177042968750003 0.9604067781250001 0.32138194375 0.8960682468750001
2 0.265703225 0.9207086171875 0.25277220625 0.929740665625 0.25080920624999997 0.9235007390625001 0.24448206093749997 0.9252329156249999 0.239897271875 0.9265632984375 0.2393739 0.927894934375 0.2731355140625 0.951535071875 0.2705768796875 0.922747815625 0.265703225 0.9207086171875
2 0.318345971875 0.8730401296875 0.32346931093750003 0.883113825 0.337605146875 0.8810125234375 0.3390648 0.851594309375 0.3288226546875 0.8472950359375 0.312858575 0.8520083390625001 0.30371770468750003 0.8699321390625 0.31147111562499996 0.8679024999999999 0.318345971875 0.8730401296875
16 0.30293274531250003 0.8285172609375 0.2945672203125 0.82655180625 0.287407753125 0.8176465437499999 0.28370014062500004 0.8069423453125 0.2757055484375 0.80653369375 0.254844625 0.8224135140625 0.23868311250000002 0.8500167359375 0.2284951953125 0.8652617749999999 0.2191843359375 0.8924717234375 0.2099421 0.9025411765625 0.20987211249999999 0.907237559375 0.22021514843749998 0.9144798328125001 0.3044776703125 0.8510053875000001 0.30293274531250003 0.8285172609375
9 0.3041019328125 0.8498992875000001 0.3075468828125 0.8575006890625 0.34760637499999997 0.8093331875 0.339113028125 0.78911641875 0.3056420828125 0.8097877359375 0.30137523437499997 0.8158814281250001 0.3041019328125 0.8498992875000001
9 0.2740856765625 0.8079694015625 0.27962890625000003 0.8066615890625 0.276530865625 0.8013175609375001 0.26226241250000004 0.793203434375 0.2542239828125 0.7914670171875 0.2331816609375 0.81630119375 0.22930406250000002 0.8148831421875 0.22696503906249998 0.8213534421875 0.24434519687499998 0.84000945625 0.25019041875000003 0.8334000765624999 0.254139328125 0.8225430749999999 0.266062728125 0.8162975328125001 0.2740856765625 0.8079694015625
2 0.2260661625 0.774810078125 0.248398553125 0.782174590625 0.25333025625 0.7835593765625 0.267204665625 0.79368746875 0.2864201109375 0.7899769890624999 0.29166940625 0.770281078125 0.28560159375 0.7592073640625 0.269386559375 0.7490947203125 0.22895927500000002 0.73629906875 0.21197108125000003 0.751910315625 0.21195824375 0.7698947265625 0.2260661625 0.774810078125
2 0.18896583125 0.7259119187499999 0.1738138421875 0.7324685921875 0.17280836718749998 0.7374832109375 0.1798329265625 0.7465452359375 0.1785383671875 0.756600625 0.184354421875 0.7631546296875 0.18433729999999998 0.77182949375 0.190232125 0.7685114859375 0.2198531109375 0.7456784859375001 0.2418327203125 0.7285321546875 0.2441212 0.7163431625000001 0.223769428125 0.72877295 0.19995596875 0.7166485765624999 0.18896583125 0.7259119187499999
16 0 0.7310539578124999 0.0266214578125 0.734485828125 0.0327033671875 0.7160763546875 0.0183397796875 0.7021825421875 0.00406806875 0.7117189828125 0 0.714313853125 0 0.7310539578124999
16 0.051526840625 0.781196371875 0.032572621875 0.7686223359375 0.019599843750000002 0.7740074828125 0.048742609375 0.79441346875 0.050056690625 0.79376761875 0.051526840625 0.781196371875
10 0.063875496875 0.7832143375 0.07849867656250001 0.7739239953125 0.15736777500000002 0.7809467453125001 0.157374625 0.7510360515625 0.10787073437500001 0.74880639375 0.09224365625 0.76401873125 0.0833548984375 0.765118475 0.0517130265625 0.76842114375 0.0473486265625 0.7765242671875 0.0551727125 0.7795612015625 0.063875496875 0.7832143375
2 0.1584044578125 0.7813702359375 0.17951953125 0.7815086671875 0.1845396953125 0.7724690140625 0.1806926984375 0.7600109796875001 0.15972 0.7641574906249999 0.1584044578125 0.7813702359375
2 0 0.6647624984375 0.034509353124999996 0.6864298296875 0.0995269109375 0.689896578125 0.10612788437500001 0.7167177453125 0.11318452500000001 0.72094146875 0.12076988125000002 0.7113392421875 0.11268010937499999 0.701516459375 0.11164536875 0.6810036546875 0.0319847703125 0.6225226234375 0.011070475 0.6401692531250001 0 0.658040553125 0 0.6647624984375
16 0.003522775 0.715031125 0.0328119453125 0.7140820921875 0.0320535359375 0.7298528531249999 0.0380183390625 0.767356040625 0.07442037968750001 0.764083315625 0.07947274062500001 0.7301854796875 0.1034521015625 0.7182152296875 0.09986642343749999 0.6900440515625 0.0097278859375 0.6887887015625 0.003522775 0.715031125
9 0.10003957968749999 0.7230359546875 0.078871209375 0.7317247796874999 0.0717924828125 0.7587251390625 0.0892721609375 0.7641162953125 0.09234640468750001 0.7653561140625 0.10873545625 0.748070140625 0.12136099375 0.749378496875 0.127158609375 0.73791595625 0.10003957968749999 0.7230359546875
10 0.1027624484375 0.7238799328125001 0.129313746875 0.7385913000000001 0.12447784531249999 0.746195859375 0.15781923125 0.7512468765625 0.162353453125 0.7592146171875 0.18016715 0.757764371875 0.1777599640625 0.739415084375 0.17241475781249999 0.734074715625 0.19227741874999998 0.7199058140625 0.148044009375 0.6937270203125 0.121478253125 0.6988645203125 0.1142519765625 0.7045338578125 0.120586990625 0.7126217703125 0.1136765515625 0.7210217359375 0.1045841015625 0.7178512921875 0.1027624484375 0.7238799328125001
2 0.1630508953125 0.6712935812499999 0.1616929640625 0.6507117250000001 0.1579969640625 0.6476668984375 0.08510486874999999 0.6616828640625 0.110424046875 0.679868403125 0.1146034203125 0.7008273125 0.1551112390625 0.692669375 0.1630508953125 0.6712935812499999
16 0 0.622926140625 0.0034256468749999996 0.63494934375 0.0156839890625 0.63165250625 0.029920568749999998 0.627000615625 0.0865370875 0.6593332375000001 0.13115454843750002 0.655392778125 0.1297376578125 0.6492905296875 0.1231066171875 0.63650675625 0.102921421875 0.6178043296875 0.0894878890625 0.5992599375000001 0.0625865375 0.5543795984375001 0.0093974828125 0.5710512828125001 0.0060402484375000004 0.5782955125 0 0.60404605625 0 0.622926140625
16 0.139018215625 0.6349184375 0.145573571875 0.6288807375000001 0.1435563765625 0.6239250578125 0.13293791875 0.6163252406249999 0.1236999234375 0.6166640343750001 0.1148959171875 0.61736346875 0.08298484375000001 0.591698253125 0.10046270625 0.615892903125 0.12100661875 0.6307208078125 0.13192674531249998 0.6412460328125 0.139018215625 0.6349184375
9 0.18152827031250002 0.6435766234375 0.1933334578125 0.6442472890625 0.20973654531250002 0.63658009375 0.21703032812499998 0.6286430171874999 0.215836553125 0.6287072890625 0.2114776296875 0.6229387015625 0.19454111406250002 0.64146035 0.1893211375 0.635989009375 0.18247498906249998 0.6402766578125 0.18152827031250002 0.6435766234375
16 0.238886903125 0.6992616453125 0.23200369375 0.707890028125 0.196383421875 0.6926606750000001 0.227215765625 0.6395861375 0.2250968421875 0.632824834375 0.16220833125 0.65453579375 0.15819405 0.68310315 0.1578580203125 0.6895923546875 0.150761171875 0.6973239828125 0.2262293765625 0.727754265625 0.23808068593749998 0.7192418671875 0.2497786828125 0.7061409828125 0.238886903125 0.6992616453125
9 0.2619548734375 0.37206464375000003 0.26786476718749996 0.3543935453125 0.23675615 0.3452002953125 0.240946490625 0.3557586640625 0.25528101406250003 0.369160378125 0.252039659375 0.376642065625 0.2764236859375 0.4135786546875 0.3201229921875 0.4445317484375 0.330183325 0.4400512859375 0.29775699218749996 0.3990838203125 0.2619548734375 0.37206464375000003
10 0.305068803125 0.7190964546874999 0.24610554218749997 0.732742 0.2480655484375 0.7425658546875 0.2860616828125 0.7595127749999999 0.302593109375 0.7831610312499999 0.31448386250000004 0.7878656421875 0.3440858109375 0.73102371875 0.3482300078125 0.70374298125 0.347837484375 0.6874715203124999 0.3333833984375 0.6861035765625 0.305068803125 0.7190964546874999
16 0 0.7573603484375 0.015859203125 0.7492235703125 0.0069697328125 0.730943946875 0 0.7378966140625 0 0.7573603484375
16 0.1511208765625 0.8435989140625001 0.17332602187499999 0.8083658781249999 0.1822179984375 0.787451275 0.1750581515625 0.7859392484375001 0.12776625156250002 0.8497464171875 0.146719809375 0.8630178421875 0.15984092656249999 0.8499243484375001 0.1511208765625 0.8435989140625001
9 0.19925980000000001 0.8759932609375 0.1971863203125 0.8751983046875 0.1888724171875 0.838951459375 0.17951865625000002 0.8285730078125001 0.172320925 0.8259411546875001 0.164889909375 0.825991328125 0.10859907499999999 0.836325415625 0.12211834375 0.845791709375 0.1667090765625 0.83941145625 0.17596768437500002 0.8449108984375 0.17900622187499998 0.8561208078125 0.18501073750000002 0.8876856406250001 0.183751325 0.8889475890625 0.21188617656250003 0.9086478234375001 0.21440224687499998 0.8940380015624999 0.19925980000000001 0.8759932609375
10 0.37492344375000003 0.9609874234375001 0.3665772375 0.9693692796875 0.39066490468750004 0.9705665578125 0.42356707499999996 0.925567190625 0.3952341515625 0.9370664421875 0.3931901625 0.9335733078124999 0.391450734375 0.9148309046875 0.390696009375 0.9134771140625 0.38519112187500004 0.9127154281250001 0.3728152 0.937244175 0.38425553125 0.942574103125 0.37492344375000003 0.9609874234375001
2 0.1569452984375 0.5929456656250001 0.1710838046875 0.6007566515625 0.171619215625 0.5962577578125 0.1760687171875 0.5857959375 0.1848661328125 0.572111853125 0.17818560625 0.5618643140625 0.1552955203125 0.5639396984375 0.15057784375 0.5766506390624999 0.14910804375 0.583977078125 0.1354155125 0.6050251390625 0.1356169421875 0.611084890625 0.1569452984375 0.5929456656250001
