1 0.3083617578125 0.325330075 0.3337646296875 0.32052328281250003 0.33924107812500004 0.3110068625 0.33045771875 0.2935276765625 0.3030501625 0.274708365625 0.248365809375 0.26284556875 0.2306824234375 0.27804893124999996 0.24224942343750003 0.3048957609375 0.2774384078125 0.3200630265625 0.3083617578125 0.325330075
10 0.29730566875000003 0.2588098515625 0.2938048421875 0.2441884640625 0.265125275 0.22156077812500002 0.237764315625 0.21686748906250003 0.23784828593750001 0.2285177875 0.23737174843750003 0.25500285312500004 0.25934751718750004 0.26747577968749997 0.2812652375 0.262611090625 0.32501358125 0.2839687875 0.339039928125 0.30678066249999997 0.3423635375 0.32423882187499997 0.35238901562499997 0.3218629140625 0.3550038140625 0.3079290484375 0.3612124953125 0.29412999218749997 0.29730566875000003 0.2588098515625
10 0.3715972875 0.317602896875 0.43718571875 0.33904511249999997 0.44948174218750003 0.3198164 0.35991546875 0.29818050625 0.3715972875 0.317602896875
10 0.5176300453125 0.279053915625 0.4931500046875 0.274921859375 0.48550258749999997 0.272530371875 0.492426228125 0.30672334375 0.4487547546875 0.3231541515625 0.44749840625 0.32226736875 0.4600267109375 0.3391079671875 0.466312775 0.34151267500000004 0.49720649375 0.34175303125 0.5135381453125001 0.413167409375 0.6038580203125 0.46277555625 0.648023765625 0.4403101546875 0.6819082375 0.4707448484375 0.7269609046875 0.47683561093750004 0.7663619984375 0.4098026578125 0.6875480015625001 0.38245359843750004 0.6158690171875 0.32464813124999997 0.595378953125 0.323421790625 0.5176300453125 0.279053915625
10 0.749038178125 0.566618015625 0.78997165625 0.5976837953125 0.8131147921874999 0.5825014578125 0.766908053125 0.522440509375 0.789503221875 0.52530495 0.76989379375 0.49329614531250005 0.73892206875 0.48593575156249996 0.6895133875 0.4723995828125 0.6600400859375 0.449467778125 0.6265471812500001 0.4536234265625 0.5846866046875 0.4819527078125 0.6275253125 0.5104303078125 0.6856783703125 0.55598930625 0.721422559375 0.569710215625 0.730761884375 0.5430053312500001 0.749038178125 0.566618015625
10 0.37949212656250003 0.46153836562499995 0.303176071875 0.47041767031250004 0.28252331875 0.4624898203125 0.278397978125 0.47086483437500004 0.2700841953125 0.48302579375 0.2632818484375 0.500746515625 0.2956392671875 0.5351593109375 0.3555513734375 0.561891671875 0.41214095625 0.5711662859375 0.47093522656250003 0.5841914375 0.47114233906249997 0.6050181328125 0.48337244999999995 0.6491318765625 0.5144650953125 0.696336715625 0.5816717859375 0.7420515484375 0.6070662062500001 0.74474576875 0.662367971875 0.7597503671875 0.7518391984374999 0.7783275359374999 0.8324505171875 0.78437514375 0.8682732874999999 0.7504086359375 0.8696853843750001 0.71111635 0.845179596875 0.651502375 0.7670296609375 0.5986820234375 0.6768942390625 0.5628375234375 0.6697458359375 0.5600935078125 0.61658853125 0.5442526125 0.6062472734375 0.5498262640625 0.6118912875 0.56361143125 0.5130267140625 0.5410131984375 0.47412903125000005 0.5331355609374999 0.44477797499999994 0.51937924375 0.40972159374999995 0.48725050937500003 0.37949212656250003 0.46153836562499995
10 0.3678427234375 0.35823756875 0.329555175 0.37136969999999997 0.25603298125 0.32074106874999997 0.15941226718749998 0.2994194671875 0.142652990625 0.340703765625 0.126658259375 0.35863011718750004 0.1483439796875 0.368613965625 0.18249072500000002 0.407862603125 0.20869424531249997 0.44406269062500003 0.217561578125 0.47319217656249996 0.3812756859375 0.4621776234375 0.3986960375 0.48089803125 0.4723197953125 0.5336404265625 0.61778585 0.565413459375 0.6169466078125 0.550983734375 0.66485965 0.5614920203125 0.6780001890625 0.558564453125 0.6648420984375 0.53656016875 0.6318514625 0.508543928125 0.60575565625 0.49105760624999995 0.5554752359374999 0.47009728125 0.5096528250000001 0.4280262546875 0.5275602109374999 0.42411164843750004 0.4601908328125 0.371695309375 0.41072789062500004 0.3581025671875 0.3678427234375 0.35823756875
1 0.3528573328125 0.5882806515625 0.3390604671875 0.5973502421875 0.33466554375 0.611962975 0.359708740625 0.6265489265624999 0.3940716 0.64056848125 0.41804162187499994 0.6358181609375 0.42026331250000004 0.62133795625 0.3995924375 0.5993137359375 0.3790717046875 0.5903313796874999 0.3528573328125 0.5882806515625
1 0.26308360625 0.5466366078125 0.24099268125 0.5417479828125 0.23186107968749997 0.547359903125 0.22583748125 0.5583081859375 0.23659603593749998 0.57652118125 0.2547751859375 0.5853575546875 0.2827465734375 0.5945022296875 0.29586378281250003 0.5891857015624999 0.3080641609375 0.5771465296875 0.3040441546875 0.56180105625 0.26308360625 0.5466366078125
16 0.0612546890625 0.52405111875 0.0791818796875 0.538099409375 0.098988334375 0.5518075812500001 0.1373985515625 0.558057609375 0.1592030828125 0.5528907640625 0.138706990625 0.5288310609375 0.1294975140625 0.5268294046875 0.064274053125 0.5161854078125 0.0612546890625 0.52405111875
16 0.712379959375 0.662722696875 0.7542815984375 0.6594619421875 0.7857046999999999 0.646888940625 0.7721467890625 0.622477125 0.7291387031250001 0.59594630625 0.722370671875 0.608798209375 0.7182030203124999 0.6268228171875 0.6819374375 0.6233408890625001 0.6802842453125 0.63481510625 0.7042100734375001 0.6561081875 0.712379959375 0.662722696875
16 0.8084175890624999 0.728678640625 0.8564940312499999 0.73961785625 0.847353340625 0.7156489546875 0.8203079484375 0.688147603125 0.7787199421875 0.6650848578125 0.7287096281250001 0.666347815625 0.74059110625 0.695126890625 0.8084175890624999 0.728678640625
16 0.8333904921874999 0.76874651875 0.8589857046875 0.768967603125 0.8207492875 0.7371704218749999 0.7608385578125 0.71166745625 0.7318294578125 0.7155636796875 0.7328685890625 0.717632825 0.7326060109375 0.7174961671875 0.750003334375 0.7446703546875 0.7854768078125 0.76455081875 0.8333904921874999 0.76874651875
16 0.6755428859375 0.692975215625 0.6559385640625 0.7006291046875 0.6476109421875 0.710376378125 0.646043290625 0.7335746828125 0.654820121875 0.7465477875000001 0.7378657671875 0.766734203125 0.7587029515625 0.76262403125 0.7241538656250001 0.7092773421875 0.6995920109375 0.6944205859375 0.6755428859375 0.692975215625
16 0.6766743953125001 0.694391634375 0.6703424874999999 0.6535467640625 0.6110679734375 0.62160698125 0.555618396875 0.6107610078125 0.5671814140625 0.6427577906249999 0.6351009375000001 0.696774734375 0.6540603218750001 0.700742678125 0.6766743953125001 0.694391634375
16 0.5493080906250001 0.6630374531250001 0.50221098125 0.656714496875 0.49212247187499997 0.6591053546875 0.49398490156249997 0.6685885734375 0.5365820140625 0.7129163593750001 0.5740576171875 0.741916103125 0.6012115265625 0.7452409078125 0.6342950593750001 0.7378979328125 0.640843103125 0.723227784375 0.582593621875 0.65994766875 0.5493080906250001 0.6630374531250001
16 0.5289476875 0.618124353125 0.500411859375 0.608840734375 0.48069229687500004 0.6100394015624999 0.4792685296875 0.645741028125 0.526447134375 0.6580847171875 0.5639307984374999 0.660781528125 0.5289476875 0.618124353125
16 0.43061271406249996 0.63298858125 0.47619088749999994 0.6408804078125 0.4636339484375 0.6210284781250001 0.47297060156250004 0.5895381578125 0.45872230937499997 0.5836511875 0.455972125 0.5929279546874999 0.415238665625 0.6133079593749999 0.43061271406249996 0.63298858125
