9 0.2322943328125 0.8122700515625001 0.2458835296875 0.8051831140625 0.2014655171875 0.6812852781250001 0.1796064234375 0.6796606109375001 0.1920318453125 0.7023539703125 0.1729903171875 0.70891049375 0.159123775 0.70116260625 0.2092868953125 0.824527903125 0.234177875 0.8202917812500001 0.2322943328125 0.8122700515625001
9 0.172653671875 0.7123975765624999 0.18953171562499999 0.704659271875 0.184791765625 0.692806703125 0.1200329890625 0.5653157359375001 0.11464269062500002 0.5936624703125 0.172653671875 0.7123975765624999
9 0.1713322265625 0.6257947374999999 0.1532074953125 0.6248109562499999 0.17866718125 0.6796204609375 0.19340677343749998 0.682250909375 0.1713322265625 0.6257947374999999
9 0.13170705625 0.637512046875 0.12510965937500002 0.6527885312499999 0.1813074375 0.7962296531249999 0.1980264890625 0.8058854406249999 0.16082557343749998 0.7035842390625 0.16034759062499998 0.6868917671875 0.13170705625 0.637512046875
9 0.2690390828125 0.8019350375000001 0.2754040578125 0.7929998453125 0.2729402421875 0.789032603125 0.246622184375 0.7234405703125 0.250590571875 0.6960657359375 0.24014355156249997 0.6567974703125 0.21450307031250002 0.6550304031249999 0.209117965625 0.6400275890625 0.2041260109375 0.6484887890625 0.20844257812500003 0.6686763546875001 0.20209333906250002 0.685311825 0.25646725 0.8024104062499999 0.2690390828125 0.8019350375000001
9 0.35404678437500003 0.7433253578125 0.387128115625 0.8253711656249999 0.3909787796875 0.8346410687500001 0.4296575390625 0.8015757546875 0.38954934531249996 0.7176149578125 0.367776684375 0.68754431875 0.34291904687499997 0.707181575 0.35404678437500003 0.7433253578125
9 0.3364646703125 0.8601553390625 0.357984146875 0.8869407656250001 0.3829468796875 0.8701586390625 0.38913898750000003 0.8405149234374999 0.3492885390625 0.725216603125 0.336458565625 0.696883575 0.31189920312499997 0.6957063906250001 0.2769406734375 0.70003788125 0.28473791875 0.71758129375 0.32652692031249997 0.8293807765625001 0.3364646703125 0.8601553390625
9 0.34592356562500004 0.71161753125 0.3546677171875 0.6898228937499999 0.3530368328125 0.680654096875 0.33971435156249996 0.6559597484374999 0.3217856046875 0.654908484375 0.30576178125000003 0.6715040140624999 0.3063873546875 0.6886267359375 0.31303885625 0.69837789375 0.332974196875 0.69633043125 0.34592356562500004 0.71161753125
9 0.2758587921875 0.67652090625 0.26466203125 0.700122184375 0.30880475 0.8327850984375 0.3284034453125 0.83422471875 0.29027277812499996 0.7336880906250001 0.285332315625 0.7199766109375 0.2760084359375 0.7005510593750001 0.29556753750000003 0.7063388421875 0.30689317968749996 0.6971412156250001 0.29884274843749997 0.6763125921875 0.2758587921875 0.67652090625
9 0.24580181093750003 0.7225111921875 0.2537517984375 0.7424098125 0.28435673437500003 0.8147137437499999 0.28701288125 0.8166880296875 0.301844615625 0.8163978796875 0.2652843265625 0.715320528125 0.257839459375 0.7019903125 0.24345739531250002 0.70549801875 0.24580181093750003 0.7225111921875
9 0.264594275 0.6761629859375 0.272759453125 0.682020553125 0.2912834046875 0.663119721875 0.2752601265625 0.6344405765625 0.2595432609375 0.6340733609375 0.246551325 0.6448081046875 0.24686994062499998 0.6788935734375 0.254982946875 0.68332466875 0.264594275 0.6761629859375
9 0.33189469374999997 0.5310963609375 0.3262416140625 0.551088525 0.32687490937499997 0.56389364375 0.3614457625 0.6635689265625 0.39049231562500003 0.7240325984375 0.41888661562499996 0.7666739812500001 0.470115825 0.7516123015625 0.492706178125 0.7842229328125 0.5608107609374999 0.7521794765625 0.5159368859375 0.6662301828125 0.615565934375 0.66543850625 0.6069374015625 0.6460673109374999 0.5284156140625 0.6421691265625 0.44498812499999996 0.5978523609375 0.40671571249999994 0.5663461359374999 0.33189469374999997 0.5310963609375
9 0.52457704375 0.630985465625 0.5386875390625 0.63214205 0.50733628125 0.51833499375 0.40972694687500005 0.48062006406249996 0.342774246875 0.5182833375 0.342539140625 0.53125404375 0.3587018359375 0.5497496515625 0.44090011562500003 0.5927710328125 0.471264625 0.6957467359375 0.4861608421875 0.6957734578125 0.46252956875000006 0.58618273125 0.5020479921875001 0.5450760859375 0.52457704375 0.630985465625
9 0.5917239249999999 0.6319209140625001 0.64006493125 0.6187130390625 0.6618659984375 0.6103470125 0.70423106875 0.5888850140625 0.7036726046874999 0.57360960625 0.6774014734375 0.5405477359375 0.63402709375 0.540874346875 0.5930380937499999 0.5094442015625 0.5655078375 0.461348178125 0.5305467515625 0.46221512656249997 0.48507873906250004 0.46669989999999995 0.45250572343749995 0.4779156890625 0.45124193593750006 0.5015524 0.5084207328125 0.5231125921875 0.5283750171875 0.59358029375 0.5368548718749999 0.625034340625 0.5917239249999999 0.6319209140625001
9 0.7056992859375 0.5729117640625 0.732888409375 0.5437855109374999 0.73223665625 0.5259630515625 0.7133010125 0.47705473437499996 0.5715879375 0.47128506718749996 0.580459309375 0.4811213859375 0.5862788390625 0.4980225296875 0.6026572734375 0.5353488234375 0.6807355687500001 0.5368217640624999 0.6895434453125 0.5578510624999999 0.7056992859375 0.5729117640625
12 0.609451759375 0.416257271875 0.6322180125 0.40841822343749995 0.6253403859375 0.38844414375 0.576337615625 0.3253713109375 0.56693923125 0.3690234765625 0.572438096875 0.39978410468750003 0.609451759375 0.416257271875
12 0.72002050625 0.407402171875 0.73860804375 0.45342029375 0.73948031875 0.4514013125 0.7756930546875 0.46213504531250005 0.8134752796875 0.42850075312499997 0.7763554703125 0.3218358703125 0.732741096875 0.2509218234375 0.7255307890625 0.280043353125 0.7289696015625 0.2900303921875 0.7104624625 0.28179452656250004 0.7029729203125 0.3032783515625 0.7068772875 0.325994840625 0.7167091796875 0.375028996875 0.72002050625 0.407402171875
12 0.6555905656250001 0.39115539843749997 0.6804419078125 0.3792970015625 0.6832364546874999 0.37429891249999997 0.6800129640625 0.353765571875 0.686926428125 0.3330419671875 0.6752853453125 0.2948629984375 0.6646251390625 0.277989565625 0.6482227546875 0.26969733125 0.6181135703125 0.271627046875 0.610730359375 0.3002156484375 0.6187588328125 0.34587531562499996 0.6232041359375 0.37772827656249996 0.6319444703125 0.389025996875 0.6555905656250001 0.39115539843749997
12 0.6696237015625 0.276947796875 0.660293825 0.2522802734375 0.6575359203125 0.2282827796875 0.649523553125 0.236545203125 0.631189421875 0.2692717390625 0.63386936875 0.28045528750000004 0.6696237015625 0.276947796875
9 0.809877346875 0 0.8105782218750001 0.0706233578125 0.8395135890625 0.07956508125 0.845974828125 0.0584353296875 0.8410010281250001 0 0.809877346875 0
9 0.0940958203125 0.5662300015625 0.1360606765625 0.6615721421874999 0.1366950578125 0.661919240625 0.1393922625 0.6581677484374999 0.09713075625 0.5589751390625 0.0878947203125 0.56017966875 0.09118667968750001 0.56525600625 0.0940958203125 0.5662300015625
