4 0.583663034375 0.087319025 0.5459786078125 0.07068274218750001 0.5328663312499999 0.08189709218749999 0.524767496875 0.096811015625 0.5462016734375 0.13195596874999999 0.6122420734375 0.17161227968749998 0.6314730859375 0.15425060625 0.6336451890625 0.131601240625 0.583663034375 0.087319025
2 0.6494759375 0.31088330937499997 0.6156933687499999 0.2682473828125 0.5890147546875 0.2766453734375 0.551860709375 0.28956331562500004 0.5844771796875 0.33085565 0.6494759375 0.31088330937499997
4 0.570064196875 0.411568359375 0.55622193125 0.36599379062500004 0.5028637093749999 0.3616588796875 0.4810428078125 0.3806491359375 0.49426991875 0.39238976875 0.570064196875 0.411568359375
10 0.38022900000000004 0.46420559375000003 0.41709944062500004 0.5069810859375 0.4512221171875 0.4701060484375 0.48607467499999996 0.39830234375 0.4867215765625 0.37796960625 0.5316254359375 0.3534902921875 0.5866110890625 0.364430334375 0.581444915625 0.3369190453125 0.553757359375 0.2880274390625 0.5725168640625 0.27811921562499997 0.56586409375 0.2055910140625 0.4989716546875 0.1725981203125 0.4458389203125 0.1997781609375 0.4636284828125 0.23831540312500002 0.42655270468750006 0.259386921875 0.4087384515625 0.27339941562500003 0.4065759171875 0.3028852625 0.4023595703125 0.398741065625 0.4071046390625 0.43583916718750004 0.38022900000000004 0.46420559375000003
2 0.4361037796875 0.18552315625 0.4441934390625 0.157843353125 0.4446436796875 0.1363498328125 0.42268261718750005 0.13036177499999999 0.34556670624999997 0.14262538593750002 0.30181351875 0.1648500953125 0.306616034375 0.17812990625 0.3366632 0.1986988890625 0.39626870625 0.1988733625 0.4361037796875 0.18552315625
10 0.2237465234375 0.096008253125 0.2651097109375 0.156274515625 0.3033318125 0.134568678125 0.310211590625 0.13295765937499998 0.29774317968749997 0.1166425296875 0.2574467421875 0.06871835468750001 0.2237465234375 0.096008253125
10 0.270444871875 0.19984992968749998 0.3366312421875 0.298121396875 0.368310340625 0.28303401875 0.3598864203125 0.2211831015625 0.29633867343750003 0.16567561875 0.26999588750000003 0.1790818125 0.26398615 0.1707424765625 0.270444871875 0.19984992968749998
2 0.399997309375 0.2321938640625 0.380247828125 0.20865764687500002 0.34632348125 0.2044342671875 0.354213553125 0.260114521875 0.3813394328125 0.2936121921875 0.3840911125 0.309872775 0.4065850765625 0.3220322578125 0.4034410171875 0.30344934375 0.41155715156249995 0.284991140625 0.399997309375 0.2321938640625
2 0.39073760156250004 0.4669273109375 0.41135122968750004 0.43174587343750004 0.4239324015625 0.343304003125 0.39161181875 0.3301944765625 0.359765775 0.35334281875 0.3620685203125 0.3699669421875 0.3720071328125 0.42266551249999995 0.3321110203125 0.426716725 0.3477031203125 0.477105659375 0.35473442187500004 0.49150634843749996 0.38198044375 0.5105388390625001 0.40415979999999996 0.5017104609375 0.39073760156250004 0.4669273109375
2 0.1358056046875 0.3854741296875 0.11934785156250001 0.39087558125 0.102161890625 0.3889465 0.1128039546875 0.41862646249999996 0.13628164375000001 0.436592303125 0.148553390625 0.45174665 0.3203747921875 0.51636014375 0.331651265625 0.48307970781250004 0.1358056046875 0.3854741296875
2 0.30556279062499997 0.4276102671875 0.2740803546875 0.4438584296875 0.2488334546875 0.457700003125 0.2811568921875 0.4856715078125 0.3202477265625 0.47514530156249996 0.3427704140625 0.47539563749999997 0.34428435625 0.46726442968750004 0.33656490625 0.44476309843750006 0.30556279062499997 0.4276102671875
2 0.3577145765625 0.3774528109375 0.28986818125 0.3690069625 0.2727635265625 0.394741153125 0.2870008359375 0.42150974375 0.31084385000000003 0.4114478609375 0.362143409375 0.41976822968749994 0.37745560624999996 0.41561334843750003 0.3577145765625 0.3774528109375
10 0.208173884375 0.3995040390625 0.22075404375000002 0.41044575156249996 0.2621476734375 0.437675325 0.2907078765625 0.43435661249999996 0.3144656171875 0.43888974843749995 0.33839349531249996 0.414230409375 0.3029785671875 0.4173012296875 0.28473241875 0.41019066562499995 0.25793550625 0.406748646875 0.208173884375 0.3995040390625
2 0.39262551874999996 0.31588203593749997 0.37980805 0.3014885234375 0.34686171093749996 0.2920416125 0.3267333703125 0.2969850140625 0.3201806671875 0.3172581875 0.3007657828125 0.3500129765625 0.30112786874999997 0.3615890109375 0.322406609375 0.3717097875 0.3559457703125 0.36932320625 0.362761346875 0.344707884375 0.37759023125 0.33321827656249997 0.39262551874999996 0.31588203593749997
9 0.6459065796875 1 0.6505601750000001 0.9851048265625 0.6190189703125 0.9553628734374999 0.5832727609374999 0.988757778125 0.5943799546874999 1 0.6459065796875 1
7 0.40592064375000003 0.2348321625 0.42757310156250006 0.25907920624999997 0.4664383328125 0.243125528125 0.44373398281250004 0.197647384375 0.3971005734375 0.212728465625 0.40592064375000003 0.2348321625
