12 0.11438134687499998 0.3116184890625 0.15078173749999998 0.3162252609375 0.1717275390625 0.3018619796875 0.14630810625 0.29264778593749996 0.1249560546875 0.2864147140625 0.1286162109375 0.2761165359375 0.13736035156249998 0.2715091140625 0.1251591796875 0.26554687499999996 0.11682177812500001 0.2674440109375 0.1156015625 0.2685279953125 0.106857421875 0.2769296875 0.0960795890625 0.2958997390625 0.1025869140625 0.304572265625 0.11438134687499998 0.3116184890625
12 0.315882325 0.6786165359375 0.30139501874999997 0.7066347656249999 0.30740185625 0.7153470046875 0.348390625 0.7198203125 0.36517480468749997 0.725 0.398919921875 0.7257389328125 0.4291313484375 0.7146725265625 0.4358447265625 0.6894798171875001 0.42877783125 0.6744108078125 0.4192373046875 0.6569869796875001 0.422240721875 0.6327356765625 0.425951171875 0.620021484375 0.41146386718750005 0.6087194015625 0.398919921875 0.611544921875 0.378778809375 0.62163671875 0.3598745125 0.6404733078125 0.34344384843750003 0.6684915359375 0.315882325 0.6786165359375
12 0.0451806640625 0.7841927078125 0.07251367187499999 0.8242220046875 0.0845283203125 0.8310266921875 0.124182128125 0.836294921875 0.16262841875 0.8250865890625001 0.1773466796875 0.8034707031250001 0.19356640625 0.7750501296875 0.2040791015625 0.7410253906250001 0.197771484375 0.7102031249999999 0.1605258796875 0.67978125 0.1199765625 0.6917897140625 0.07067040937499999 0.7035520828124999 0.0496860359375 0.71133984375 0.03466748125 0.7381595046875 0.0178471671875 0.7681809890625 0.0451806640625 0.7841927078125
2 0.037908692187499995 0.9133261718749999 0.048455565625 0.9047708328124999 0.043525879687500005 0.892548828125 0.0359599609375 0.8977434890625 0.018649901562499998 0.9011041671875001 0 0.9122571609374999 0.0007666015624999999 0.9360898437499999 0.030686523437500002 0.9234095046874999 0.037908692187499995 0.9133261718749999
10 0.4170454109375 0.27254036406250004 0.41796191406250005 0.2683196609375 0.425712403125 0.2673203125 0.4297958984375 0.27165169218749996 0.437462890625 0.2699856765625 0.433962890625 0.26265559843749997 0.42912890625 0.25676953125 0.41862841875 0.2571022140625 0.407044921875 0.25832421875 0.3996279296875 0.25443684843750003 0.3925942375 0.25577018281249997 0.3898774421875 0.26243359375 0.3944609375 0.2662096359375 0.40321142656250003 0.27531640625 0.4170454109375 0.27254036406250004
4 0.4485122078125 0.30473046875 0.444845215625 0.3035084640625 0.4401782234375 0.30628515625 0.44092822187499997 0.3250546875 0.448345215625 0.3250546875 0.44959570312499997 0.321056640625 0.4485122078125 0.30473046875
10 0.41622949218749994 0.410587890625 0.4306806640625 0.4034127609375 0.43918164062500004 0.39586002656249997 0.43507275468750006 0.39076171875 0.44059863281249995 0.382076171875 0.4353564453125 0.37055859375 0.4284140625 0.3758450515625 0.4227465828125 0.3713138015625 0.40618652343750006 0.3722493484375 0.39015966875 0.3818873703125 0.3850590828125 0.3964264328125 0.397810546875 0.41209830781249995 0.41622949218749994 0.410587890625
10 0.4932119140625 0.4681770828125 0.4916533203125 0.46232421874999996 0.48839453125 0.45439387968749995 0.4804604484375 0.45665950468750005 0.4796103515625 0.46326822968750003 0.48301074218749995 0.46987630156250004 0.4932119140625 0.4681770828125
10 0.23947314375 0.5814635421875 0.24634667968750001 0.5622076828125 0.2506953125 0.5266868484375 0.2424189453125 0.5244440109374999 0.2328798828125 0.5343522140625 0.2191323234375 0.5253782546875 0.1938813484375 0.5242565109374999 0.18392187499999998 0.5317350265624999 0.167368653125 0.5715553390625 0.1755048828125 0.5848287765625 0.2091723640625 0.586884765625 0.23947314375 0.5814635421875
1 0.1516499015625 0.51496484375 0.1516499015625 0.5108645828125 0.1493647453125 0.510453125 0.1455620109375 0.50946875 0.144580078125 0.5161861984375 0.14876953125 0.5174947921874999 0.1516499015625 0.51496484375
1 0.4037592765625 0.9288190109375 0.40076757812499997 0.9223880203125001 0.39395019531250003 0.9214856765624999 0.39044091875000003 0.9238027343749999 0.39044091875000003 0.934349609375 0.39980224531249997 0.934349609375 0.4037592765625 0.9288190109375
16 0.5854130859375 0.9480917968749999 0.5796416015625 0.9436067703125 0.5656923828125 0.9814296875 0.5722661140625 0.9872695312499999 0.58961279375 0.961232421875 0.5854130859375 0.9480917968749999
9 0.4817548828125 0.9569329421875 0.486248046875 0.9505266921875 0.4830087890625 0.9442604171875001 0.47726123125 0.9410572921875 0.467020996875 0.9424498703124999 0.465349121875 0.9513626296875 0.47339502031249997 0.958046875 0.4817548828125 0.9569329421875
9 0.535849609375 0.8284791671875 0.5381962890625 0.8169329421875 0.54920654375 0.7894759109375 0.55101171875 0.76926953125 0.5631049796875 0.7557994796874999 0.550650390625 0.7365559890625 0.53711328125 0.7187552078125 0.5212294921875 0.7276555984375 0.5049848640625 0.7517102859375 0.5033603515625 0.7740807296875001 0.48693505937500003 0.8754511718750001 0.5197856437499999 0.8809837234375 0.5291713875 0.8763476562499999 0.5477626953125 0.8751451828125001 0.535849609375 0.8284791671875
3 0.5461069328125 0.8266972656249999 0.5487124015625 0.8193352859375 0.5506928703125 0.8080839843750001 0.547044921875 0.8055833328125 0.53568359375 0.821974609375 0.537768065625 0.8340598953124999 0.5461069328125 0.8266972656249999
2 0.6924609375 0.8466588546875 0.6944174796875 0.83607421875 0.6872807609375 0.8319322921875001 0.6662158203125 0.8297845046875001 0.6389350578124999 0.8311647140625 0.638109375 0.8318170578125 0.639970703125 0.8455846359375 0.656892090625 0.8549427078124999 0.6749643562500001 0.8509537765624999 0.6924609375 0.8466588546875
9 0.68590234375 0.9204108078125 0.6994853515624999 0.910439453125 0.7066220703125 0.9125872390625 0.72791748125 0.9056842453125 0.7222768546875 0.893412109375 0.7080034171875 0.8860481765625 0.6979887687499999 0.8613502609375001 0.676693846875 0.8579752609375 0.6404340828125 0.8584355468749999 0.641240234375 0.8857415359375 0.6491826171875 0.8995481765625 0.6667944343750001 0.91749609375 0.68590234375 0.9204108078125
9 0.423126953125 0.887962890625 0.38957665937499997 0.8067454421875 0.4074135734375 0.795708984375 0.4432998046875 0.741375 0.41803076250000004 0.7243958328125 0.3851171875 0.7359986984375 0.3740751953125 0.7459029953125 0.37386279375 0.7739186203124999 0.3702529296875 0.7948600265625 0.394248046875 0.8647578125000001 0.3778974609375 0.8695690109375 0.38957665937499997 0.8888118484374999 0.4142084953125 0.8964524734375001 0.423126953125 0.887962890625
9 0.268259765625 0.9400195312499999 0.3650888671875 0.9694505203125001 0.37230859375 0.9745442703125 0.3918442375 0.9485091140625 0.337271971875 0.8774791671875001 0.29246728437499997 0.832201171875 0.2415043953125 0.8613489578125 0.22303027343749998 0.9037968749999999 0.2578549796875 0.9521881515624999 0.268259765625 0.9400195312499999
3 0.21651318281249998 0.94128515625 0.2126240234375 0.9438235671875 0.2171479484375 0.9478430984375 0.22119580156250002 0.9424485671875 0.21651318281249998 0.94128515625
10 0.1460629875 0.9013795578125 0.1433076171875 0.8940358078124999 0.115755371875 0.9044713546875001 0.11836523437499999 0.9255364578125 0.1343168953125 0.921478515625 0.140697753125 0.9073704421875 0.1460629875 0.9013795578125
15 0.1104189453125 0.9070904953125 0.10985497968749999 0.8944042968750001 0.108359375 0.8944218749999999 0.105408690625 0.9236998703125 0.1013989265625 0.9438958328125 0.10603906249999999 0.9421569015625 0.1104189453125 0.9070904953125
