10 0.39248946875 0 0.396130425 0.0265332484375 0.4008653203125 0.0374103390625 0.3994086984375 0.05367084531250001 0.406974896875 0.072641603125 0.4264937640625 0.089514275 0.44807179531249997 0.0974333921875 0.465134053125 0.096377528125 0.4708912234375 0.09273401249999999 0.4742744359375 0.087511890625 0.4814403109375 0.0768311421875 0.5377954703125 0 0.39248946875 0
9 0.4136693734375 0.08836075 0.41688685000000003 0.105323871875 0.4143957109375 0.11878661406249999 0.41527313125000004 0.130548684375 0.422992909375 0.13570634374999999 0.42418380625 0.128845828125 0.427924221875 0.11523323593749998 0.4310723875 0.11024615 0.4434608875 0.1084863140625 0.44508286718749995 0.09642331875 0.4302991078125 0.0911215828125 0.41458835625 0.0812014140625 0.4136693734375 0.08836075
10 0.4173704625 0.146641646875 0.4143466421875 0.1754401375 0.4101126921875 0.1820032625 0.409790321875 0.1881569484375 0.410938721875 0.19883217656250002 0.41392957812500003 0.2021177109375 0.41351859687500003 0.2260050765625 0.416674009375 0.23140941874999998 0.4215792609375 0.25341095937499997 0.4252263390625 0.2630934484375 0.4955397078125 0.2596149921875 0.4968418578125 0.2564764484375 0.4835673390625 0.23730449999999997 0.4705570640625 0.20266150624999998 0.469333390625 0.1908836359375 0.4645914203125 0.169614440625 0.4651719359375 0.14367069062499999 0.4684207265625 0.126472315625 0.47155969999999997 0.10693775624999999 0.430749709375 0.1059979015625 0.4173704625 0.146641646875
9 0.6402561765625 0.0443797125 0.5541240875 0.00850116875 0.5215877578125 0.02113005 0.47837147656249995 0.0835257109375 0.469837765625 0.1142768953125 0.46433141093749997 0.162636871875 0.4771459328125 0.221840559375 0.501724965625 0.261932990625 0.53237534375 0.2742638484375 0.5691899375 0.27220964375 0.5790869984375 0.2689160421875 0.8499859531249999 0.21373942656249997 0.8666459515625 0.185052496875 0.86973803125 0.1449170015625 0.879333184375 0.0792715703125 0.6829314921875 0.030303128125000002 0.6818800546875 0.0351688546875 0.6402561765625 0.0443797125
9 0.42181865468749996 0.3874972 0.42907335625 0.392702275 0.43437139374999995 0.37437247500000004 0.43660546718750004 0.38511903593749996 0.4506595203125 0.396628353125 0.4802104375 0.3656900703125 0.5074601624999999 0.30018937968750004 0.4963626109375 0.257846740625 0.41910660625 0.2567794484375 0.414505603125 0.2956693265625 0.4114258765625 0.30072385625 0.4286229203125 0.31568546406250003 0.421358909375 0.38277287968749996 0.42181865468749996 0.3874972
10 0.5548014703125 0.309566778125 0.562436596875 0.2855122078125 0.551295125 0.2747283578125 0.5387334796875 0.2747501234375 0.5140063734375 0.2695558421875 0.504536103125 0.28199315625 0.5022617703125001 0.29622461875 0.5177439921875 0.3093034375 0.543214071875 0.31516876250000003 0.5548014703125 0.309566778125
9 0.5106328671875 0.303176234375 0.506991178125 0.3214332109375 0.5050568984375 0.3321106453125 0.5043774187500001 0.34067481875 0.49998893437499997 0.353166465625 0.5160398515625 0.3625057203125 0.5395020500000001 0.35452714531249996 0.5469752859375 0.3442605703125 0.553596071875 0.3396031265625 0.5623061265625 0.3010180484375 0.5469556421874999 0.314415378125 0.5395327140624999 0.3142631296875 0.5229700328125 0.30843509375 0.525361715625 0.29884258125 0.517828571875 0.30424198750000003 0.514691003125 0.308797015625 0.5106328671875 0.303176234375
5 0.7695204734375001 0.41725767343750003 0.7477755625 0.4322144265625 0.7604416203125 0.46562583281250003 0.777993996875 0.45187859062499997 0.7695204734375001 0.41725767343750003
10 0.6198702171875 0.2618216625 0.593400934375 0.2631798765625 0.5874117125 0.269113203125 0.602942975 0.2802358625 0.623718715625 0.2910741359375 0.63771540625 0.28726828125 0.640009440625 0.2549951953125 0.6198702171875 0.2618216625
9 0.6815455390625 0.3010175921875 0.68993868125 0.28065336875 0.6900633578125001 0.2801533140625 0.697502328125 0.2636182265625 0.6958663578125 0.24411231406249997 0.6422694250000001 0.2574507703125 0.6353889125000001 0.2999429765625 0.6496694015625 0.307570540625 0.6652746656249999 0.3045651828125 0.6815455390625 0.3010175921875
12 0.7762465140625 0.33744493593749997 0.77215104375 0.312905390625 0.7569067609375 0.2953121890625 0.7478412750000001 0.30613681718749997 0.739074684375 0.329061471875 0.7502784499999999 0.3410498015625 0.7790087515625 0.360945321875 0.7847404250000001 0.34327636875 0.7762465140625 0.33744493593749997
2 0.7597753203125001 0.3864752640625 0.7502534375 0.4001930140625 0.7587078453125 0.4123897203125 0.7730607390625 0.4002212140625 0.767605128125 0.3949702671875 0.7682198921875 0.38080075 0.7597753203125001 0.3864752640625
5 0.6826035546875 0.40187272968750004 0.690110390625 0.424964096875 0.6975213921875 0.429286921875 0.6941193906249999 0.445591371875 0.701526378125 0.4435481515625 0.7034418875 0.4449095359375 0.70335830625 0.44471237031250005 0.704596171875 0.44136203749999997 0.714052403125 0.391731328125 0.687495359375 0.3865248484375 0.66724868125 0.35654341875 0.6467715859375 0.342895040625 0.638200490625 0.3469474671875 0.645842628125 0.385456921875 0.6542894593749999 0.3829654953125 0.6531999859375001 0.371376540625 0.674722271875 0.379218425 0.6826035546875 0.40187272968750004
9 0.7276599703125 0.4456745234375 0.729902171875 0.43827653906249997 0.7237023546875 0.44026736718750004 0.703313653125 0.44756205312499997 0.7098182703125 0.46562903125000005 0.7194364015625 0.471740765625 0.73279941875 0.47666380156250004 0.7276300796874999 0.46335015625000003 0.7276599703125 0.4456745234375
9 0.5509492781249999 0.3394282859375 0.5618501499999999 0.355739196875 0.5683816234375 0.33708718437499996 0.569514565625 0.3418274953125 0.577548909375 0.3472600625 0.5811309421875 0.33289331718750004 0.5755106875 0.31674605 0.5650118 0.307269621875 0.55980913125 0.3121453359375 0.5555446468749999 0.3318289390625 0.5509492781249999 0.3394282859375
9 0.6611032203125 0.4345231703125 0.65505534375 0.4427888203125 0.6576821875000001 0.44824418125000004 0.668130225 0.4419334984375 0.6723255578125 0.43903554375000003 0.6789006609375 0.4353599 0.67768656875 0.42991276093749997 0.6668682859375 0.4258444265625 0.6611032203125 0.4345231703125
9 0.6178611234375 0.40265155 0.6223516078125 0.419203009375 0.6253573984374999 0.4234739390625 0.6321579671875 0.4190757921875 0.6258928109374999 0.404482784375 0.6239894171875 0.3940633703125 0.6178611234375 0.40265155
