10 0.5848417890625 0.42697686093750004 0.5977434046875 0.4253927421875 0.594628671875 0.4337063078125 0.5986367234375 0.4530838421875 0.6085510828125 0.45494484843749994 0.6128757421875 0.44685224218749997 0.607922528125 0.4203496578125 0.6051165296875001 0.40310877187500005 0.5814640078125 0.4125647671875 0.5848417890625 0.42697686093750004
10 0.73828125 0.215625 0.0390625 0.0296875
10 0.690625 0.26953125 0.0359375 0.021875
4 0.5525385843749999 0.26273255624999997 0.6047947312499999 0.2897053921875 0.617491325 0.2378033828125 0.546300065625 0.22309734374999998 0.5424835453125 0.255633571875 0.5525385843749999 0.26273255624999997
9 0.520365446875 0.2083509046875 0.49406357500000003 0.246751209375 0.5011049875 0.26105885624999997 0.5374447140624999 0.25763155625 0.54023061875 0.2241872125 0.520365446875 0.2083509046875
10 0.5237075109375 0.2131130890625 0.5315523421874999 0.22835599218749997 0.5483019312499999 0.2262994015625 0.579096334375 0.23010405781249998 0.5968572 0.2044760703125 0.600912446875 0.1794962625 0.5828770453125001 0.1879171734375 0.558616309375 0.1774484765625 0.5516219265625 0.14106712187499998 0.5235272125 0.17796363125 0.5237075109375 0.2131130890625
10 0.44419780937500003 0.066270465625 0.4332421109375 0.0644898125 0.4230623578125 0.05294903125 0.4228542578125 0.0665812421875 0.4427262953125 0.0751801328125 0.44419780937500003 0.066270465625
10 0.457250490625 0.9141192421875 0.4444749609375 0.9177406046875 0.43653672187500003 0.924872721875 0.4433798390625 0.93110240625 0.44355730781249997 0.9313083609374999 0.46701683281250006 0.9181657734374999 0.467532459375 0.9087520765624999 0.457250490625 0.9141192421875
10 0.5784353656250001 0.43763872656249997 0.554242478125 0.454891596875 0.5637201171874999 0.4705312828125 0.5854175734375 0.4762688671875 0.6043216828125 0.49117042031249997 0.61199205 0.489808571875 0.6129996765625 0.4615401828125 0.5963520531250001 0.4467808625 0.5784353656250001 0.43763872656249997
9 0.6838433953124999 0.177240221875 0.6617982515625 0.1891888171875 0.6677503390624999 0.226264496875 0.6843171296875 0.2221301140625 0.686042625 0.1883122171875 0.6838433953124999 0.177240221875
10 0.1915870140625 0.4465499546875 0.1871661921875 0.4405816546875 0.1756826640625 0.453060690625 0.185256040625 0.45753587968750004 0.1915870140625 0.4465499546875
