9 0.7053294265625001 0.9098666984375001 0.6127884109374999 0.8903388671875 0.5613763015625 0.9036997078125 0.49768749999999995 0.9899682609375 0.4900852859375 0.99951171875 0.9150891921875 0.99951171875 0.7053294265625001 0.9098666984375001
10 0.44282421875000005 0.63446875 0.4704921875 0.6147905265625 0.45949609375 0.60947216875 0.4364388015625 0.6054833984375 0.4201217453125 0.6118657234375 0.4098346359375 0.6225024421875001 0.44282421875000005 0.63446875
10 0.285134765625 0.6427587890625001 0.3003880203125 0.6456840828125 0.3273470046875 0.654193359375 0.33586002656249997 0.6701484375 0.32699218750000003 0.7060478515625 0.34933984375 0.725193846875 0.3848118484375 0.7342353515625 0.4362467453125 0.717482421875 0.41318945312500005 0.668553221875 0.389068359375 0.6281333 0.3784270828125 0.6249423828125 0.3606907546875 0.618294434375 0.3518229171875 0.62414453125 0.3472109375 0.625740234375 0.33869791718750003 0.6140395515625 0.2663346359375 0.6283994140625 0.2634967453125 0.6252080078125 0.2663346359375 0.6286650390624999 0.2893912765625 0.6305268546875 0.285134765625 0.6427587890625001
9 0.2506067703125 0.62446875 0.4686484375 0.5977602531249999 0.5222727859375 0.5807641593749999 0.60350390625 0.5097197265625 0.6106295578125 0.48034033125000003 0.6177552078125 0.43173095625 0.590677734375 0.36442578124999997 0.5593255203124999 0.3259658203125 0.4825286453125 0.28573730468749997 0.3884713546875 0.28466894531250003 0.37564583281249997 0.292681640625 0.0012135421875 0.29280859375 0 0.57799609375 0.24348177031249998 0.6084438484375 0.2506067703125 0.62446875
10 0.6109648437499999 0.41436230468749996 0.6149889328125 0.44151074218749997 0.6127936203125001 0.46070654375000003 0.6062096359375 0.49361425781249996 0.7038795578125 0.49361425781249996 0.7188776046875 0.48072558593750003 0.7396360671875 0.41477929687500004 0.7502447921875001 0.41258545 0.7502447921875001 0.39530908125 0.7412819015625 0.39399951093749996 0.7281126296875 0.33476660156250004 0.7079934890625 0.310908690625 0.5887408859375001 0.30871484374999997 0.568255859375 0.313650878125 0.5565494796875 0.321603515625 0.5595670578124999 0.3295966796875 0.58663671875 0.3603100578125 0.6109648437499999 0.41436230468749996
10 0.5690651046874999 0.3138330078125 0.5866236984375 0.311365234375 0.5767467453124999 0.30697753906249997 0.53760546875 0.301492675 0.5317526046875 0.3091713859375 0.5540670578125 0.3234311515625 0.5690651046874999 0.3138330078125
9 0.6312174484375 0.30284374999999997 0.644365234375 0.3102646484375 0.7066998703125 0.30724999999999997 0.7333046875 0.2942631828125 0.7377903640625 0.2944951171875 0.7343873703125 0.27640625 0.7377903640625 0.2614477546875 0.7285097656249999 0.25344726562500003 0.7102578125 0.2498525390625 0.6989661453125 0.268869140625 0.688138671875 0.2627236328125 0.6431276046875001 0.28116015625 0.6312174484375 0.30284374999999997
9 0.5078561203125 0.281376953125 0.5017975265625 0.2751997078125 0.48337890625 0.28083154375 0.4852552078125 0.2895146484375 0.5088255203125 0.2902788078125 0.5078561203125 0.281376953125
9 0.52438671875 0.305395996875 0.5323841140625001 0.3064858390625 0.5428046875 0.301398925 0.5910325515625 0.31066455 0.6063001296875 0.3077578125 0.609451171875 0.297583984375 0.621568359375 0.2717856453125 0.5939407546875 0.260703125 0.5796419265625 0.2577963875 0.5648587234375 0.260158203125 0.5612233078125 0.260158203125 0.5471673171875 0.2639731453125 0.5389270828125 0.27868945312500004 0.5282643234375 0.29267871093750003 0.52438671875 0.305395996875
2 0.7216373703125 0.46664501875 0.712419921875 0.48810058593749994 0.6915611984375001 0.49573730468750005 0.6910755203125001 0.5106474609375 0.6935013015625 0.5226479484375 0.7255175781250001 0.537921875 0.74734765625 0.52701220625 0.7512278640625001 0.4997377921875 0.734427734375 0.4657236328125 0.7216373703125 0.46664501875
10 0.6567102859375 0.49425292968749995 0.6332669265625 0.50450439375 0.680888671875 0.51501123125 0.683314453125 0.50046484375 0.6567102859375 0.49425292968749995
5 0 0.1204833984375 0.0324661453125 0.11284667968749999 0.0732141921875 0.141939453125 0.0080052078125 0.081510253125 0 0.089208984375 0 0.1204833984375
12 0.0038450515625 0.2161606453125 0 0.26081640625 0.0431380203125 0.2841645515625 0.04216796875 0.224524903125 0.0038450515625 0.2161606453125
5 0.3136022140625 0.23911523437499999 0.2903177078125 0.192931153125 0.2743092453125 0.2078408203125 0.2156119796875 0.1889306640625 0.199603515625 0.1700205078125 0.1559583328125 0.12457421875000001 0.1441790359375 0.11164453125 0.133662109375 0.1059677734375 0.1253834640625 0.1700205078125 0.191357421875 0.1954765625 0.2927428390625 0.2405703125 0.3136022140625 0.23911523437499999
9 0.8102057296874999 0.09389453125 0.7775807296874999 0.09003271406249999 0.7470162765625 0.0974990234375 0.741865234375 0.11037109375000001 0.7652180984375 0.11423291093750002 0.7930345046875 0.1561962890625 0.7992161453125 0.16005810468749998 0.82531640625 0.0982709953125 0.8102057296874999 0.09389453125
9 0.7276888015625 0.3439448234375 0.7374947921875 0.3648452140625 0.7438404953125 0.3655659171875 0.7574427078125 0.3525473640625 0.7674407546875 0.3221333015625 0.7539817703125 0.3046918953125 0.75975 0.28090869218750003 0.7491744796875001 0.2798994140625 0.7351380203125 0.2933046875 0.7107187500000001 0.3082954109375 0.7074993484375 0.3109360359375 0.72057421875 0.32333203125 0.7276888015625 0.3439448234375
9 0.29940299531250003 0.2846118171875 0.27736328125 0.27590625 0.252953125 0.2732417 0.2429993484375 0.275018065625 0.22332942656250002 0.285322753125 0.2245143234375 0.2924291984375 0.31243750000000003 0.2936723625 0.29940299531250003 0.2846118171875
10 0.447701171875 0.8216201171874999 0.47716731718750005 0.8277138671875001 0.5171334640625 0.8216201171874999 0.5222141921875 0.7934365234375 0.5181497390625001 0.7840419921875 0.49477994843750006 0.7853115234375 0.46836132812500003 0.7708388671875 0.45020247343750003 0.756541015625 0.4344915359375 0.75408154375 0.42297591093750003 0.7787099609375 0.4443138015625 0.8200966796875001 0.447701171875 0.8216201171874999
10 0.5000774734375 0.7838466796875 0.5268118484375 0.7838466796875 0.609755859375 0.794638184375 0.6460865890624999 0.7823051765625 0.6995553390625 0.75352783125 0.74891015625 0.7072783203124999 0.7804427078125 0.664587890625 0.774958984375 0.63169921875 0.7571360671875 0.5952138671875 0.749595703125 0.567978028125 0.7475397140625 0.567978028125 0.7153216140625 0.5294370125000001 0.6467721359375 0.5047709953124999 0.6056432296875001 0.5088818359375 0.5878203125 0.5232705078125 0.4736848953125 0.614524903125 0.43495637968749995 0.6388935546875001 0.43124414062499994 0.64673828125 0.42947200468749996 0.680556640625 0.4315286453125 0.7273198234375 0.4664889328125 0.771513671875 0.5000774734375 0.7838466796875
10 0.135765625 0.10817529374999998 0.158482421875 0.11763623125 0.16226887968749998 0.113536621875 0.157220703125 0.09934521562500001 0.0924342453125 0.0725390625 0.0777096359375 0.0804233390625 0.1079993484375 0.1447578125 0.1260891921875 0.1318276359375 0.135765625 0.10817529374999998
