5 0.397725 0.5678001671875 0.430821875 0.642466278125 0.488045625 0.7073572015625 0.510006875 0.7048859281250001 0.54217625 0.6653455453125 0.58981125 0.605623646875 0.61331875 0.5512556203125001 0.5870268750000001 0.50572273125 0.56011625 0.48348126562499993 0.559806875 0.4505312234375 0.54217625 0.4513547046875 0.52856625 0.44764779375 0.519028125 0.419451290625 0.47969437499999995 0.4508268109375 0.425873125 0.514256453125 0.41937749999999996 0.524552871875 0.397725 0.5678001671875
12 0.29812125 0.2518118234375 0.332780625 0.2580607828125 0.358775 0.2364279765625 0.359135625 0.20517985 0.384408125 0.1638359703125 0.417261875 0.12393505468749999 0.39848812499999997 0.1143197328125 0.38260312500000004 0.110473771875 0.37863125000000003 0.12104995781250001 0.34582562499999997 0.1023413828125 0.32519875 0.1450874265625 0.28151375 0.1768159859375 0.26743375 0.21864029999999998 0.29812125 0.2518118234375
12 0.5357937500000001 0.1946860953125 0.58381125 0.16343796875 0.571896875 0.11920982499999999 0.546285 0.0944820984375 0.541259375 0.10984929218749999 0.525065 0.11009741875000001 0.524963125 0.0817127390625 0.49716375 0.0773855125 0.483805625 0.114402996875 0.514854375 0.14468942499999998 0.5357937500000001 0.1946860953125
12 0.357083125 0.225934221875 0.378384375 0.24708659375000003 0.41087687500000003 0.2725661953125 0.45347875000000004 0.28987260625 0.48849875000000004 0.2941998328125 0.5108825 0.303814321875 0.525685 0.2740083265625 0.528934375 0.173533721875 0.515215 0.12930557812500001 0.454200625 0.0980574515625 0.41087687500000003 0.114402996875 0.41665374999999993 0.1326711078125 0.36610875 0.1874754375 0.357083125 0.225934221875
12 0.5142325 0.28972689375 0.4932925 0.3248209828125 0.4914875 0.3887593671875 0.5250637499999999 0.40702747656250005 0.540588125 0.38491340625000003 0.560805625 0.3608759375 0.571275625 0.3329933390625 0.599075 0.33155120781249997 0.57633 0.2748234796875 0.554306875 0.233960865625 0.5485306249999999 0.232518734375 0.543115 0.24934471249999998 0.5142325 0.28972689375
12 0.278991875 0.382788509375 0.289461875 0.4606677765625 0.324843125 0.48133971718749996 0.347226875 0.5592198171875 0.368528125 0.545758534375 0.40609124999999996 0.4682464609375 0.4618325 0.42483846718749996 0.46880062499999997 0.40893338906250004 0.48646812500000003 0.39567943437499997 0.50102625 0.39192256406250003 0.4909175 0.32846461250000003 0.423765625 0.272698584375 0.345374375 0.23883680312500002 0.32159375 0.26837218906250004 0.29451625 0.28519816875 0.278991875 0.3275029140625 0.278991875 0.382788509375
4 0.55313375 0.358058284375 0.55169 0.361904246875 0.52497375 0.44747543749999996 0.549884375 0.457089925 0.568658125 0.381133221875 0.55313375 0.358058284375
12 0.6006375 0.354035803125 0.637101875 0.367496253125 0.6547925 0.3535553703125 0.6634575 0.3280757703125 0.680786875 0.32230724374999997 0.691256875 0.3434596171875 0.7060593749999999 0.32230724374999997 0.70281 0.2838476265625 0.652265625 0.23913905156249998 0.618328125 0.24394671093750003 0.6129131250000001 0.2429850125 0.591973125 0.2362547875 0.584139375 0.2514637796875 0.57211625 0.270387178125 0.591611875 0.3362481265625 0.6006375 0.354035803125
12 0.738835625 0.3987443796875 0.71934 0.4309542046875 0.70056625 0.44056869218749994 0.7428068750000001 0.47854704375 0.765913125 0.4352806 0.8049043749999999 0.407878434375 0.819706875 0.4069167359375 0.914296875 0.41845462187500004 0.92007375 0.4069167359375 0.89444 0.34538218125000003 0.86772375 0.28721315625 0.8244 0.24250374687499998 0.788658125 0.25404163125 0.73125375 0.29730807656249997 0.710675 0.31173022499999997 0.709953125 0.3545162359375 0.738835625 0.3987443796875
9 0.62933125 0.73058784375 0.63314625 0.7625470437499999 0.64061625 0.760641965625 0.632828125 0.7252972515625 0.62933125 0.73058784375
9 0.70999875 0.761803496875 0.6980943749999999 0.73319816875 0.6994631250000001 0.7244521234375 0.693579375 0.713701915625 0.6841375000000001 0.7171640296875 0.684000625 0.7208084921875 0.689748125 0.73520233125 0.693031875 0.7355661953125 0.705073125 0.769091590625 0.70999875 0.761803496875
9 0.69138125 0.685743546875 0.727491875 0.7872631140624999 0.79157875 0.8377435468750001 0.898988125 0.8500924234375 0.9301287500000001 0.8224487921874999 0.96804 0.7791790171875 0.999375 0.7268950875 0.999375 0.4799633640625 0.961055 0.44811240625000004 0.932621875 0.42106910937500003 0.8879412500000001 0.40724646093750005 0.7976775 0.40784762656250007 0.78720875 0.4195853453125 0.750955625 0.4537710234375 0.72094625 0.5424313078125 0.697699375 0.621440465625 0.69138125 0.685743546875
4 0.880719375 0.5243172359375 0.8436312499999999 0.51573771875 0.8355874999999999 0.5892214828125 0.8698874999999999 0.61145711875 0.880268125 0.59943796875 0.880719375 0.5243172359375
9 0.7703325000000001 0.9690574515625 0.765338125 0.9629392171875001 0.761570625 0.9616769359375 0.7475575 0.993 0.7497550000000001 0.9991673609375 0.75514875 0.9991673609375 0.7703325000000001 0.9690574515625
2 0.419825 0.998701915625 0.451190625 0.9991673609375 0.455985625 0.9774204828125 0.46977062500000005 0.9093189015625001 0.46957062499999996 0.9016036640625 0.47336625000000004 0.8917610328125001 0.46058062499999997 0.8736711078124999 0.43288562500000005 0.8688434640624999 0.4312125 0.8827160703124999 0.41383187499999996 0.9348567859375001 0.40603999999999996 0.984869275 0.419825 0.998701915625
2 0.44439812500000003 0.8697193999999999 0.45538625 0.8287518734375 0.465375 0.824761865625 0.487750625 0.7111698578125 0.47716250000000004 0.701859284375 0.45536374999999996 0.7021423812500001 0.43361 0.798691090625 0.43740562499999996 0.8205054125 0.429215 0.86892173125 0.44439812500000003 0.8697193999999999
2 0.33280937499999996 0.7700441296875 0.345995 0.7766952546875 0.362376875 0.728278934375 0.37176624999999996 0.715509575 0.399935625 0.6269242296875001 0.389746875 0.6112289765625001 0.370195625 0.6066452953125 0.3525875 0.662571190625 0.34140000000000004 0.71391340625 0.342798125 0.720298084375 0.33280937499999996 0.7700441296875
2 0.217369375 0.6607860109375 0.22775812499999998 0.6706294749999999 0.25452875 0.6514754375 0.266515625 0.5831074109375 0.2645175 0.5668801 0.267315 0.53868193125 0.2588025 0.5277876765625 0.24713687499999998 0.5587935046875 0.23754749999999997 0.564114071875 0.22336312500000002 0.612263946875 0.217369375 0.6607860109375
2 0.298233125 0.6397610328125001 0.308221875 0.6283222312500001 0.293438125 0.5461207328125 0.282250625 0.5362781015625 0.27386 0.5133996671875 0.262798125 0.5141465453125 0.2668675 0.546387178125 0.26427 0.5682006656249999 0.280053125 0.6368351375 0.298233125 0.6397610328125001
10 0.18946875000000002 0.5243263953125 0.18000750000000001 0.5515545375 0.209575625 0.5608651124999999 0.22036375000000002 0.5337310578125 0.18946875000000002 0.5243263953125
10 0.15503499999999998 0.552619484375 0.142848125 0.5869358874999999 0.16722187500000002 0.5840099921874999 0.17641125 0.553949209375 0.15503499999999998 0.552619484375
10 0.039385625 0.4565270609375 0.040943125000000004 0.45789175625 0.041383125 0.4692964203125 0.053769374999999994 0.4655720234375 0.048375625 0.45572939218749997 0.039385625 0.4565270609375
2 0.4286275 0.6376153203125 0.46181374999999997 0.64459200625 0.4675775 0.6245911734375 0.46565625 0.6148226484375 0.47543749999999996 0.579005828125 0.479105 0.5522597828125 0.493253125 0.48713821875 0.482835 0.48092006718749997 0.46303625000000004 0.53717985 0.44731624999999997 0.5599725234374999 0.42984999999999995 0.6071473765625 0.4286275 0.6376153203125
2 0.43027437500000004 0.5827385515625 0.447565625 0.566923396875 0.452281875 0.5541315578125 0.47062125000000005 0.52040799375 0.479005 0.488545378125 0.48546750000000005 0.47575353906249995 0.496995625 0.4571473765625 0.48808749999999995 0.4517985015625 0.47131999999999996 0.4780791 0.46136437499999994 0.4804054953125 0.413156875 0.5699467109375 0.43027437500000004 0.5827385515625
2 0.48504625 0.6007726890625 0.471596875 0.62612323125 0.465134375 0.625890925 0.45692562499999995 0.6658942546875 0.48609437499999997 0.6786852624999999 0.50059125 0.6621723562499999 0.509848125 0.634728559375 0.511595 0.6230999171875 0.519629375 0.612866778125 0.5184068749999999 0.5907718562500001 0.539191875 0.5321623640625 0.52956375 0.5225195671875 0.521026875 0.5342556203125 0.5088 0.56960699375 0.48923812499999997 0.5865853453125001 0.48504625 0.6007726890625
2 0.50766625 0.6370924234374999 0.5174475000000001 0.646163196875 0.5405031250000001 0.6115087421875 0.550808125 0.607089925 0.5728156249999999 0.570575353125 0.5820725 0.5231298921875001 0.5743875 0.511035803125 0.56582875 0.5098734390625 0.540328125 0.555923396875 0.521464375 0.590809325 0.5225125 0.6031365531249999 0.50766625 0.6370924234374999
9 0.368785625 0.856776853125 0.3464625 0.8491615328125001 0.339820625 0.8496527890625 0.33686875 0.86488343125 0.35992999999999997 0.8710249796875 0.370815 0.8636552875 0.368785625 0.856776853125
7 0.791616875 0.6234338046875 0.8114000000000001 0.649118234375 0.8643542171874999 0.6288768250000001 0.869019375 0.6069691921875 0.858385625 0.591163196875 0.808926875 0.5858942546875 0.801755625 0.5812847624999999 0.77727375 0.604005828125 0.791616875 0.6234338046875
1 0.87776625 0.650836803125 0.870885625 0.674473771875 0.8817662500000001 0.6790832640625 0.886959375 0.6596552875 0.87776625 0.650836803125
2 0.92257 0.6134163203125 0.94482625 0.6144046624999999 0.9613950000000001 0.6117701921875 0.9705450000000001 0.5969525390625 0.971286875 0.5887202328125001 0.9693081250000001 0.5729142375 0.9609 0.5676452953125 0.9460906250000001 0.5598134890625001 0.914409375 0.5699500421875 0.89709875 0.5903663609375001 0.8953675000000001 0.6051840140625 0.92257 0.6134163203125
4 0.8737887499999999 0.4930907578125 0.87922875 0.5049450453125 0.8948087499999999 0.49967693593750007 0.89926 0.492103246875 0.902969375 0.48288259843750003 0.8985181250000001 0.46444296406249996 0.887884375 0.45357618593750004 0.880239375 0.45396253125 0.847328125 0.46576019999999996 0.852026875 0.4822239796875 0.859198125 0.492103246875 0.8737887499999999 0.4930907578125
4 0.80157875 0.4492955875 0.7998475 0.44007493750000004 0.822104375 0.4328309734375 0.8310068749999999 0.4269034140625 0.8329850000000001 0.41702497968749996 0.8179000000000001 0.4028659453125 0.817653125 0.40253622031249997 0.811223125 0.4028659453125 0.81072875 0.40484096562499994 0.8106781249999999 0.40412656093750005 0.7899556249999999 0.44106328125000005 0.7676993750000001 0.45489342187500004 0.797869375 0.46707660312500004 0.80157875 0.4492955875
4 0.999375 0.6936078265625001 0.979269375 0.6526286421874999 0.940995625 0.673290590625 0.9624599999999999 0.7249442125 0.999375 0.7118584515624999 0.999375 0.6936078265625001
10 0.544051875 0.1071223984375 0.5488912499999999 0.06523480468750001 0.52729875 0.0627560359375 0.526740625 0.0630041625 0.52599625 0.11059283906249999 0.544051875 0.1071223984375
12 0.614724375 0.5352531218750001 0.704890625 0.544679434375 0.682535625 0.47472522968749997 0.66875 0.4399958375 0.64863 0.4082439640625 0.621058125 0.38393338906249996 0.584171875 0.3908792671875 0.55920875 0.43701914999999997 0.5603262499999999 0.4752214828125 0.588270625 0.508462115625 0.614724375 0.5352531218750001
2 0.682536875 0.3822897578125 0.67024125 0.358971690625 0.65422 0.3554987515625 0.626275625 0.378320565625 0.6199418750000001 0.3847701921875 0.65943625 0.41751457187499996 0.682536875 0.3822897578125
10 0.6725925 0.3645986671875 0.681965625 0.3822797671875 0.6727881250000001 0.3997010828125 0.6567756250000001 0.41634221406250005 0.681965625 0.474620315625 0.695635 0.447058284375 0.7001262500000001 0.45043880156249994 0.719458125 0.4371773515625 0.7301974999999999 0.42053622031250004 0.73820375 0.40467527031249995 0.729611875 0.38465362187499996 0.730393125 0.3599525390625 0.7081318750000001 0.3620324734375 0.703445625 0.35501165625 0.7031231250000001 0.35521232343750003 0.6802081249999999 0.3193555375 0.655994375 0.335736053125 0.6616575 0.358358034375 0.6725925 0.3645986671875
7 0.691729375 0.487069109375 0.71125625 0.48888925937499994 0.7229725 0.5065703578125 0.738594375 0.479009159375 0.699735625 0.449106578125 0.696415625 0.4480666109375 0.68235625 0.4756286421875 0.691729375 0.487069109375
4 0.70227375 0.5190516234375 0.7155525 0.5161915078125 0.726683125 0.5143713578125 0.71633375 0.4927893421875 0.70286 0.483428809375 0.68841 0.4912298078125 0.688995625 0.492269775 0.68762875 0.4912298078125 0.70227375 0.5190516234375
9 0.72473 0.5102106578125001 0.7050075 0.5135911734375 0.700711875 0.52711240625 0.70403125 0.5463530390625 0.714380625 0.5533738546875 0.739375625 0.4878492921875 0.735860625 0.48862947500000004 0.72473 0.5102106578125001
2 0.56962375 0.3367335546875 0.556338125 0.36304329687500003 0.56826125 0.3811881765625 0.586656875 0.3875387171875 0.604711875 0.3839092421875 0.608799375 0.358507078125 0.588700625 0.3321973359375 0.56962375 0.3367335546875
9 0.618528125 0.36503330625 0.61297625 0.352144046875 0.60614375 0.3525237296875 0.60144625 0.384556203125 0.61995125 0.3849358875 0.635700625 0.3689425484375 0.639310625 0.36806577812499996 0.6363212500000001 0.3637069109375 0.618528125 0.36503330625
4 0.46382312499999995 0.439749375 0.48746375000000003 0.43743047500000004 0.49692 0.429809325 0.502145625 0.417548709375 0.495924375 0.4079392171875 0.49160000000000004 0.40086011718750003 0.46805375 0.4076078265625 0.45909562499999995 0.42516985781249994 0.46382312499999995 0.439749375
2 0.469049375 0.46526394687500006 0.482238125 0.45200999218750004 0.491943125 0.43908659375000003 0.479251875 0.440743546875 0.46830249999999995 0.437761865625 0.443666875 0.44836469531249995 0.411565625 0.464601165625 0.418285 0.4977368859375 0.43794374999999997 0.48448293124999997 0.469049375 0.46526394687500006
1 0.404598125 0.5046952546875 0.402314375 0.49411240625 0.395390625 0.49607993281249996 0.395390625 0.4997252296875 0.397381875 0.508009159375 0.404598125 0.5046952546875
2 0.514378125 0.47650208125000004 0.50046 0.47848709375 0.48306250000000006 0.5231648625 0.479335 0.55989925 0.46591375 0.6178134890625 0.476600625 0.6260874265624999 0.48877875 0.5890216484375 0.504188125 0.569496253125 0.51686375 0.5453372187500001 0.529041875 0.4913938390625 0.514378125 0.47650208125000004
2 0.527301875 0.4890774359375 0.5136325 0.5532797671874999 0.526805 0.523825978125 0.53550375 0.5258118234375 0.5384862499999999 0.5347477109375001 0.5225799999999999 0.57810075 0.523076875 0.588691090625 0.5382374999999999 0.5589059125 0.541716875 0.5254812656250001 0.539231875 0.48378268125 0.52101375 0.47562281406249995 0.520343125 0.4745162359375 0.5176093749999999 0.47881848437499996 0.527301875 0.4890774359375
9 0.678793125 0.682676103125 0.6907068749999999 0.6615237296875 0.7098418750000001 0.5874895921875 0.708036875 0.546626978125 0.6336643750000001 0.5447044125 0.6069475 0.5538376359375 0.6085125 0.5539184015624999 0.562901875 0.6288334718749999 0.606586875 0.6759458781250001 0.651354375 0.696136553125 0.678793125 0.682676103125
