9 0.891609090625 0.3340875125 0.9303866578125 0.301014834375 0.891666465625 0.23088844687500001 0.8601690734374999 0.22469317812499998 0.8548318343749999 0.2930289546875 0.891609090625 0.3340875125
9 1 0.09597083125 0.9873303703125 0.067883853125 0.968210415625 0.081347459375 0.9521677671875001 0.110904909375 0.9742975734374999 0.15825093437499999 1 0.146652265625 1 0.09597083125
2 0.8415554734375 0.108108315625 0.851487871875 0.13374578125 0.8860838109375001 0.14846931562500001 0.911682621875 0.13419608593750001 0.9649745203125001 0.059735465625 0.92222619375 0.0350300859375 0.88445014375 0.0317251109375 0.8618744218750001 0.0589717953125 0.8415554734375 0.108108315625
9 0.7474059875 0.057722276562499994 0.78216900625 0.0772924515625 0.7972637984375 0.0737810515625 0.816622703125 0.05758621093750001 0.8226483921875 0.0263181578125 0.742069709375 0.0192684359375 0.7416090703125 0.0214380609375 0.7474059875 0.057722276562499994
16 0.7475111421875 0.23241285781249998 0.7708954625 0.2654197203125 0.8249911234375 0.2550160890625 0.8639265796875 0.22746150312500002 0.76329121875 0.11063615 0.7567526078125 0.11212877031249999 0.7475111421875 0.23241285781249998
9 0.46958033437499996 0 0.43390974218749995 0.0302523234375 0.39905354375 0.025826349999999998 0.39529145312499997 0.127417625 0.44481634375 0.117990553125 0.4636477359375 0.166423696875 0.502737615625 0.16640325312499998 0.528191378125 0.183079090625 0.5583402875 0.175396446875 0.6086547609374999 0.193558328125 0.63960748125 0.1936640140625 0.6497011875 0.2590721828125 0.686374396875 0.2134303890625 0.6702234671875 0.178304228125 0.685408509375 0.16587205 0.7028907156249999 0.20042721718749998 0.72580483125 0.1948637484375 0.7460563265625 0.190443021875 0.7563447375 0.1094679453125 0.7687853312499999 0.10642852656249999 0.8050640781249999 0.16051594375 0.839569378125 0.1909291625 0.862905171875 0.1585694171875 0.8052449265625 0.0998584625 0.78247509375 0.0744735546875 0.7500851765625 0.0565034171875 0.7355293078125 0.018696225 0.5218304640625 0 0.509996375 0 0.4994944875 0.0057167125 0.49261139375 0 0.46958033437499996 0
13 0.8173501515625 0.2536540421875 0.7737328984375 0.2662436390625 0.762673146875 0.24459126250000002 0.7533614859375 0.24092331718749999 0.7416988890625 0.2527419796875 0.7501230249999999 0.2627514 0.7623448374999999 0.297701871875 0.7689572484375 0.301846984375 0.8185084640625 0.2836714953125 0.8173501515625 0.2536540421875
5 0.8547194390625 0.33146161875 0.8746227718749999 0.3203639265625 0.81609870625 0.283145834375 0.785306175 0.29721410625 0.8184928656249999 0.316523175 0.8547194390625 0.33146161875
2 0.8398281624999999 0.3611935625 0.839586996875 0.329787884375 0.8316353375000001 0.321959759375 0.79196468125 0.32740477343749996 0.7215126374999999 0.34299577187499997 0.724714334375 0.35575823125 0.7307057109375 0.3783945828125 0.8343573515625 0.3667773921875 0.8398281624999999 0.3611935625
9 0.757207596875 0.63730019375 0.7944138953125 0.6448352453124999 0.8150611296875001 0.6252427921875 0.8180939703125001 0.6019700765625 0.7985078031249999 0.5638794468749999 0.767057290625 0.5664777875 0.7487513171875 0.5745052875 0.7443928421875 0.5787597921875001 0.7676468375 0.612892153125 0.7656675015625 0.6241313515625 0.757207596875 0.63730019375
16 0.7938333984375 0.5404229375 0.81662008125 0.5381365921875 0.8352714906250001 0.503391315625 0.844887540625 0.4732046921875 0.8272918546874999 0.41995257812500003 0.796530290625 0.43366689999999997 0.7501613015624999 0.4549314953125 0.744644915625 0.4876167546875 0.7254969250000001 0.47488505625000005 0.7034025875000001 0.46546294687499995 0.6726437078124999 0.4687005125 0.6671091984374999 0.48640521875 0.6359913453125 0.47761953593750006 0.64146263125 0.5251750796875 0.63477544375 0.5370723734375 0.691408453125 0.6718438390625 0.738434721875 0.6620491171875 0.7439587875 0.6482667609375 0.7499637921875 0.6432201703125 0.7580918046875 0.6414346578125001 0.771292228125 0.6158415484375 0.75499655625 0.6122759 0.7473808875 0.570240071875 0.778369659375 0.5501257421875 0.7676822109375 0.5242260171875001 0.7800260078125001 0.5046211859375 0.7938333984375 0.5404229375
5 0.5741735328125 0.603094834375 0.5767687375 0.607601809375 0.5979246953125 0.6201517609375 0.6102469703125 0.6083908124999999 0.6048206078125 0.598287003125 0.5899159703125 0.590206471875 0.5741735328125 0.603094834375
2 0.5622608 0.6291572624999999 0.5671940984375 0.6335121328125 0.5689065796875 0.6215362671875 0.562778490625 0.6156502265625 0.566344040625 0.605263125 0.518025503125 0.58427353125 0.5110303484375 0.5882981171874999 0.5075751203125 0.6126038578124999 0.5518653718750001 0.637876846875 0.5622608 0.6291572624999999
16 0.39321430625 0.49123617968750005 0.43140449218750004 0.4685427125 0.534979115625 0.43124152968749996 0.539595834375 0.42023231250000004 0.5113243187500001 0.3902975578125 0.48607567500000004 0.3941518125 0.41703689062500005 0.3973841078125 0.3753464875 0.40693233749999996 0.34464685625 0.41993875625 0.341264640625 0.43961506406249995 0.39321430625 0.49123617968750005
2 0.5226129265624999 0.38179072187499996 0.5080875687499999 0.3883656828125 0.5443941984375 0.41757677656250003 0.57966256875 0.4320747265625 0.5927734906250001 0.384719034375 0.5430743609375 0.3643219734375 0.5226129265624999 0.38179072187499996
2 0.5295151828125 0.37882798906250004 0.5471956109375 0.35897597187499997 0.5478557000000001 0.35857591875 0.5585182765625001 0.3510508328125 0.548065015625 0.337653940625 0.54083256875 0.34058778749999996 0.529503628125 0.329610146875 0.5088856578125001 0.3602608671875 0.42749773125 0.3527836859375 0.394428340625 0.36629610156250003 0.40498148125 0.39753397968750004 0.441127996875 0.3981997671875 0.5295151828125 0.37882798906250004
4 0.3785025703125 0.369895259375 0.3527800484375 0.37156809218750003 0.349797996875 0.3980551921875 0.3918582359375 0.3956725234375 0.4034262328125 0.39632793125 0.3983422046875 0.3709184421875 0.3785025703125 0.369895259375
2 0.5468386515625 0.278548659375 0.563367515625 0.3060294234375 0.6220202515625 0.31900739843750003 0.6255023468750001 0.3171720796875 0.625831834375 0.31720090624999997 0.6435361875 0.278092853125 0.5600898640625 0.2561699359375 0.5357392562500001 0.2497596109375 0.5186805624999999 0.25112045 0.501623565625 0.24106907031249997 0.48984924375 0.23896897187500002 0.49028805625 0.26432871874999997 0.505450871875 0.2656552921875 0.5221474109375001 0.2760317953125 0.5468386515625 0.278548659375
10 0.24210515625 0.24236989687500002 0.266836053125 0.2500408890625 0.27997428125 0.23388128749999998 0.30138375 0.2627670125 0.3201802828125 0.24893822187499998 0.314868125 0.2175269203125 0.33281796875 0.191035240625 0.3039860828125 0.1520589078125 0.2823539828125 0.139675665625 0.2704217484375 0.1504334578125 0.2697143015625 0.1668942859375 0.274497703125 0.1903915109375 0.25138901874999997 0.2172181765625 0.24210515625 0.24236989687500002
10 0.21905780937500002 0.14421038749999998 0.20762348749999998 0.16602638281249998 0.21998140937500002 0.192284428125 0.2294698140625 0.2122593765625 0.23520381875 0.2109252625 0.251024365625 0.18923065 0.23878337656249998 0.14488670312500002 0.21905780937500002 0.14421038749999998
2 0.186187990625 0.0900706375 0.1865738125 0.050713589062499995 0.16568126249999998 0.009964134375 0.13364664843750002 0.0216986046875 0.1425657953125 0.05952444375 0.12699825625 0.0877051828125 0.12136140468750001 0.10221836718749999 0.10444331250000001 0.1058964921875 0.0896423765625 0.0853753859375 0.06512941718750001 0.071038171875 0.05539595625 0.042519960937500004 0.0370618265625 0.054550910937499995 0.028117754687500003 0.15678211875 0.09858856875000001 0.127892646875 0.186187990625 0.0900706375
10 0.0402021359375 0.2161861296875 0.037434715625 0.1629544921875 0.0274128515625 0.164839203125 0.0217171109375 0.2299418109375 0.022694034374999998 0.23325925781249998 0.0402021359375 0.2161861296875
2 0.047125428125 0 0.046562321875 0.011808190625 0.06856042500000001 0.0798525625 0.08563825 0.089317921875 0.10568072656250001 0.109829153125 0.1141934625 0.10666434843749999 0.12320957031249999 0.0991701203125 0.12422744375000001 0.08753577343749999 0.14336974375 0.06341918125 0.131357046875 0 0.047125428125 0
2 0.3894112125 0 0.395678896875 0.0139483953125 0.4273158125 0.0317218515625 0.46646513437500003 0 0.3894112125 0
12 0.6771204562500001 0.7389972796875 0.665135978125 0.7153080734375 0.64787108125 0.7198349578125 0.6254439234375 0.6846669328125 0.604820190625 0.665612859375 0.5980481796875 0.676448721875 0.58363909375 0.6965344703125 0.578933340625 0.720488215625 0.6102694343749999 0.7387547546875 0.637472075 0.7445841671875 0.6771204562500001 0.7389972796875
9 0.678494528125 0.7531329484375 0.6787582624999999 0.7522465015625001 0.6727733734375 0.7381857734375 0.648247046875 0.7407830468750001 0.6392370406250001 0.7289983828125 0.6326768828125 0.7420087109375 0.57036293125 0.7587657 0.5371212062499999 0.7737543171875 0.5363723265625 0.78231404375 0.5695140734375 0.770766171875 0.611529284375 0.7610737296875 0.678494528125 0.7531329484375
10 0.7691556703125 0.84399778125 0.7406724984374999 0.7844804953125 0.7309045265624999 0.7652978296875 0.7234488390625 0.80095644375 0.6586966015625 0.8233154203125 0.6565295890625 0.836732153125 0.6799314562500001 0.8538733515624999 0.69740820625 0.85152093125 0.71732176875 0.8718064343749999 0.7441849281249999 0.8952878234374999 0.75810605625 0.8876653046874999 0.7793847203125 0.8671022203125001 0.7691556703125 0.84399778125
2 0.63919210625 0.8529555546875001 0.6471643890625 0.8512993859375 0.6519085375 0.8471759625 0.633153665625 0.8319090296875 0.6252007515625 0.8309972671875 0.622090759375 0.8412911421875 0.63919210625 0.8529555546875001
9 0.657214265625 0.8713622421875 0.6492800359374999 0.8702368999999999 0.6395315781249999 0.8760685484374999 0.644311453125 0.8971867140625 0.649189465625 0.9217629578125001 0.6627233171875 0.9231629890624999 0.6649554109375 0.9214875171875001 0.6625977140625 0.890161309375 0.657214265625 0.8713622421875
9 0.6830891296875 0.9383358749999999 0.6806164078125 0.9413538171875 0.677620703125 0.94346363125 0.6741001062499999 0.951564890625 0.6799535296875 0.9581143687499999 0.6833037171874999 0.9588386578125 0.6939798500000001 0.9515793984375 0.7031858734374999 0.9450538953125 0.7148518484374999 0.94025238125 0.7081409187500001 0.92284670625 0.69110433125 0.9041064656250001 0.6799709390625 0.8936448015625 0.6731814484374999 0.8977946078124999 0.6683160890625001 0.9075029609374999 0.675792609375 0.9230356593750001 0.6830891296875 0.9383358749999999
9 0.6736210484375 0.9506887453124999 0.6781190875 0.9428889734375 0.6811154953125 0.9407792203125 0.6773066421875 0.922333884375 0.66904380625 0.9157888249999999 0.6634926796875 0.9241436234375 0.6460301734375 0.9217534796875 0.653062734375 0.948922825 0.6694985875 0.9473097718749999 0.6736210484375 0.9506887453124999
9 0.71103758125 0.950512778125 0.7037140468749999 0.9446970562500001 0.69356801875 0.9504931593749999 0.6979295671875 0.9578147921875001 0.71103758125 0.950512778125
2 0.7246001343749999 0.9232402937499999 0.724717315625 0.9149827203124999 0.7186302484375 0.9096554109375001 0.7142445671875 0.9113888609374999 0.7087176015625001 0.9075082968749999 0.7051687234374999 0.9061825828125001 0.7031365640625 0.9118436781250001 0.70802655 0.9181096203125 0.7175814265625 0.9304955749999999 0.7246001343749999 0.9232402937499999
9 0.5855243031249999 0.803721809375 0.5946936 0.7994205062499999 0.597489653125 0.7810389484375 0.6481813671875 0.7747573625 0.6854392078125 0.7563284078125 0.6456196390625 0.7551412656250001 0.58474175 0.7692071140625 0.5206589125 0.7791651234375 0.5113109859375 0.7936562984375 0.5855243031249999 0.803721809375
2 0.6745459578124999 0.8129756203125 0.6759587 0.8132535937500001 0.689173871875 0.808392175 0.7061270171875 0.8067893984375001 0.729162390625 0.7865860921875 0.7304523546875 0.775126884375 0.7181030875000001 0.776669321875 0.7131612359374999 0.7723798656249999 0.701228725 0.7822912296875 0.6804358453125 0.7982161249999999 0.6691462687499999 0.8057144953125001 0.6745459578124999 0.8129756203125
2 0.678903671875 0.7598411046875 0.6642401359375001 0.76812491875 0.6408983546875 0.781975071875 0.6436054890625 0.7970243406249999 0.6572508859374999 0.8003778921875 0.6868252874999999 0.774421090625 0.6908690265625 0.7659800406249999 0.678903671875 0.7598411046875
10 0.72030505 0.775953209375 0.7363750875 0.76980693125 0.7183843000000001 0.7668443234375 0.71256779375 0.76926705625 0.7205084421875 0.777059234375 0.72030505 0.775953209375
2 0.5493327421875 0.48164341562499996 0.542253903125 0.5302051859375 0.5756548968749999 0.5363920906249999 0.5784377296875001 0.5283973890625 0.5824408890624999 0.50028856875 0.5607339625 0.4983894578125 0.5493327421875 0.48164341562499996
2 0.535047784375 0.48315642968750006 0.5249157078125 0.5107290421874999 0.5388876546875 0.521621559375 0.5470498921875 0.48420647812500006 0.535047784375 0.48315642968750006
2 0.6369673171875 0.524123984375 0.61837161875 0.530786190625 0.6216818109375 0.54295585 0.64121118125 0.5344414546875 0.6369673171875 0.524123984375
16 0.625552996875 0.569095746875 0.62379481875 0.55115378125 0.6132162531249999 0.5308872546875001 0.59243364375 0.5390159546875 0.5957349453125 0.5542244328125 0.625552996875 0.569095746875
16 0.6094462953125 0.45927328906250003 0.5706531609375001 0.45560251875 0.5547272249999999 0.437631703125 0.52740675 0.45872629375 0.5440125015625 0.4659814921875 0.5598721953125 0.4994197859375 0.6314273109374999 0.4874439875 0.6177703109375 0.45530412656249997 0.6094462953125 0.45927328906250003
16 0.657136775 0.480677146875 0.6692163984375 0.48257277500000006 0.6606836078125 0.4000757734375 0.7012833203125 0.3995957765625 0.7054121578125 0.40963397968750004 0.7286811828124999 0.409788353125 0.707615496875 0.373000246875 0.5925241234375 0.38362875625 0.5962780015625 0.40653780156249997 0.5803958031249999 0.4306848578125 0.5968323390625 0.434541921875 0.657136775 0.480677146875
16 0.89517868125 0.4056451640625 0.882421740625 0.362594503125 0.7431510265625 0.383473590625 0.7649963750000001 0.3999006546875 0.8247406703125 0.4123855234375 0.848879671875 0.47172959218750005 0.8721459093749999 0.47432711093749996 0.89517868125 0.4056451640625
5 0.7115676484375 0.4567322640625 0.742342525 0.4582072046875 0.74562296875 0.45636261093749997 0.7896180796875 0.43311843593750005 0.7840672140625 0.396101359375 0.733101503125 0.4050373484375 0.7192864828125 0.41387449375 0.6784721140625 0.39751792343750003 0.6613697109375 0.401805790625 0.6565144921875 0.4086876046875 0.6616702921875001 0.44049436093749994 0.671508725 0.444703459375 0.7115676484375 0.4567322640625
16 0.667115025 0.4402657578125 0.6665861625 0.45305089218749994 0.7189782234375001 0.4714165921875 0.74400341875 0.4872298265625 0.744521975 0.48708811875 0.7458983953125 0.45713881250000005 0.705602034375 0.45567268906249997 0.667115025 0.4402657578125
2 0.50381421875 0.441935721875 0.4327347203125 0.469982309375 0.4249011625 0.4799891640625 0.44323690156250006 0.4774715875 0.516142453125 0.45460766093749994 0.519690825 0.44010415625 0.50381421875 0.441935721875
2 0.7363589312500001 0.38453794375 0.7248956515625 0.37771744375 0.724816753125 0.3606319140625 0.6787832171875 0.3014278734375 0.6601572625000001 0.321503634375 0.641106271875 0.34448751093749996 0.673197384375 0.37525910625000003 0.7101402734375 0.3745496765625 0.73025090625 0.39735664531250003 0.7363589312500001 0.38453794375
2 0.6464772546875001 0.2780801953125 0.6328664359375 0.30579105 0.649891653125 0.3149757546875 0.6638714484375 0.3190140859375 0.6767001765625 0.30024257187500003 0.668696346875 0.28584170625 0.6464772546875001 0.2780801953125
2 0.6417155609375 0.3403148875 0.6553975203125 0.32596714531250004 0.6567312671875001 0.3227058265625 0.631636146875 0.30587125 0.6200817359374999 0.32006215625 0.5574368375 0.30088081718750004 0.5510437390625 0.28005269843749997 0.5184857 0.3145516609375 0.5408000687500001 0.3332076296875 0.5866348453125 0.3227664484375 0.6417155609375 0.3403148875
2 0.58739411875 0.32208229374999997 0.643301265625 0.370326384375 0.6565054781249999 0.37523528125 0.667732440625 0.37077483125 0.6364926515625 0.3402655546875 0.5926312484375 0.3161593828125 0.58739411875 0.32208229374999997
9 0.634169096875 0.3777716734375 0.638930378125 0.3673028703125 0.5879662328124999 0.3224935703125 0.5361416250000001 0.3314722875 0.541935046875 0.3411755046875 0.5562464890625 0.3394244984375 0.5595233281249999 0.35191063906250003 0.5454277624999999 0.3611871265625 0.5712390328125 0.3758318484375 0.634169096875 0.3777716734375
16 0.42450533281249997 0.33715964062500003 0.5081315828124999 0.3596557234375 0.5325737421875 0.333665125 0.52018195 0.3102216578125 0.53544755 0.28162438125 0.512501475 0.27132165937499997 0.49119115312500006 0.26152326718749996 0.486213365625 0.2531537875 0.44941442968749995 0.2975381734375 0.4620139703125 0.3224424265625 0.42450533281249997 0.33715964062500003
9 0.4040192921875 0.29428829843750004 0.37720195625 0.32439892656249997 0.39951036875 0.3458255265625 0.4554376859375 0.319567415625 0.44785266718749994 0.292352778125 0.486224059375 0.2491881140625 0.45384234375 0.23156927187499998 0.41470355156250005 0.1913596359375 0.357484015625 0.20041846093750001 0.3459681421875 0.23222901562499998 0.412300096875 0.2380323109375 0.41990883749999997 0.2700734421875 0.4040192921875 0.29428829843750004
16 0.46420549375000003 0.19140296875 0.439362040625 0.1483640953125 0.416481809375 0.1617207765625 0.40426395 0.178753309375 0.4228031546875 0.209172740625 0.45929481250000004 0.2329352890625 0.48130728125 0.23879428125 0.48735714531249996 0.21290105937499998 0.46420549375000003 0.19140296875
16 0.6242304921875 0.2602050609375 0.643728225 0.2659048765625 0.65044244375 0.25825412812500004 0.6370925390625 0.19292458437499999 0.6105266703125001 0.19359662187499999 0.6242304921875 0.2602050609375
2 0.7896636609375001 0.06450000624999999 0.8025079078124999 0.09874446406250001 0.8361973734375001 0.104377128125 0.8838589140625001 0.031673384375 0.820142303125 0.026098903125 0.827222671875 0.0449589796875 0.7896636609375001 0.06450000624999999
16 1 0.17837073125 0.98099453125 0.16524075625 0.9644275734375001 0.1862183453125 0.9862933046875 0.2001711015625 1 0.1968919015625 1 0.17837073125
2 0.8967343046874999 0.2461906390625 0.9235644703125001 0.2586887234375 0.93280330625 0.2558581703125 0.9429072421875 0.23110747968749998 0.940927275 0.2085072484375 0.896936478125 0.22378055937500002 0.8967343046874999 0.2461906390625
