2 0.1600395609375 0.38480511562499997 0.11224976093750001 0.41828200000000004 0.094554346875 0.43102375468750004 0.042095971875 0.4700763265625 0.0212929578125 0.5129660828125 0.051552259375 0.5415156453125001 0.1233443890625 0.47200021249999996 0.139548465625 0.43971113281249996 0.16862729375000002 0.397677428125 0.1600395609375 0.38480511562499997
4 0.07068452187499999 0.358026159375 0.04181734375 0.37074281249999996 0.0490223484375 0.39450359062499996 0.08009954687500001 0.43320993906250005 0.0970587953125 0.428145375 0.116058903125 0.41038935 0.07068452187499999 0.358026159375
2 0.0091704046875 0.3762587984375 0.006898518750000001 0.46788152656250004 0.007554812499999999 0.5256304359375 0.0664242203125 0.5708861015625 0.143257871875 0.570442540625 0.1542539328125 0.548306478125 0.16810350000000002 0.513441471875 0.1739190484375 0.4618977390625 0.1672537 0.388249971875 0.159575421875 0.3740738328125 0.130576309375 0.3548459765625 0.059464259374999995 0.3424818765625 0.0091704046875 0.3762587984375
2 0.11760586875000001 0.34674345624999997 0.1593598859375 0.370130978125 0.18822245625 0.390142784375 0.2335742609375 0.3983546515625 0.28372156406250004 0.4081689703125 0.3170921640625 0.4186997453125 0.335462875 0.40338220781249995 0.2769690453125 0.395961215625 0.2542370015625 0.37716905 0.24576930625 0.37661958125 0.23175505312500003 0.370588284375 0.2260278 0.34431438281250004 0.23262290000000002 0.321951778125 0.2190714515625 0.30871549374999996 0.185921328125 0.3014719890625 0.1466460296875 0.315711540625 0.11420104375 0.30714864531249997 0.0755494984375 0.29962120312499996 0.06654233125 0.3085314484375 0.0762222734375 0.33851092031249996 0.11760586875000001 0.34674345624999997
2 0.3909260359375 0.3397092140625 0.383005425 0.31964748125 0.3590975328125 0.303053378125 0.327647065625 0.28787782812499996 0.2875074453125 0.28524366875 0.2664288 0.286077040625 0.248377084375 0.2886475953125 0.23071214843750001 0.30264610625 0.22295622499999998 0.3234806765625 0.22858480781249998 0.3494104734375 0.234874028125 0.3688233546875 0.24177860468749998 0.3765209203125 0.2540403015625 0.3789605671875 0.269435215625 0.38980680156249997 0.2832521265625 0.3951498890625 0.3435520484375 0.4013087421875 0.35897073125 0.3983765515625 0.3696544265625 0.39531305156249996 0.387190928125 0.372045796875 0.3884741921875 0.36013951093749996 0.3909260359375 0.3397092140625
2 0.35225715156250004 0.2652736296875 0.3895416484375 0.29701449687500003 0.411788384375 0.30403510625 0.43445265 0.31503018125 0.432532515625 0.3196749578125 0.4420780296875 0.3176826234375 0.4583010140625 0.31377500625 0.4717246609375 0.3013650625 0.47304530156249996 0.2883308640625 0.46939638125 0.275605565625 0.4606410703125 0.2639721015625 0.45295566875000004 0.2434705234375 0.4367040484375 0.22207587968750003 0.4093439375 0.1934443234375 0.39066360312500004 0.1787011828125 0.36944114843750003 0.1739925578125 0.3333907625 0.1906578703125 0.3263021078125 0.211301103125 0.33123252812500004 0.2448752234375 0.35225715156250004 0.2652736296875
2 0.4611563078125 0.149029459375 0.4769709171875 0.1676306453125 0.5274706484375 0.2027631359375 0.5621054984375 0.22434172968750002 0.5732514656250001 0.23014256406250003 0.5924156765624999 0.2238761515625 0.6115811265625 0.2062990140625 0.6191996234375 0.175432059375 0.6142114421875 0.16760790781249998 0.6071164171875 0.1567891265625 0.5981614859375 0.1447048390625 0.539031740625 0.096879684375 0.5180656421875 0.0820697 0.4976227 0.0856181328125 0.4794381546875 0.094431221875 0.46019945624999997 0.1187133171875 0.4611563078125 0.149029459375
2 0.68791741875 0.0383780375 0.6764053703124999 0.0208571484375 0.670347809375 0.015396065625 0.6497614984375 0.006503115625 0.612202896875 0.016501709375 0.5938342765625 0.0420766359375 0.5815388125000001 0.0635971765625 0.5895236749999999 0.093183340625 0.6038404640625 0.1570364234375 0.615132996875 0.1720502703125 0.6281957203124999 0.1932393734375 0.6316802234375001 0.20277996874999998 0.6341452984375 0.2122465234375 0.6460559484374999 0.22245560625 0.6680343734374999 0.22078091406250003 0.6818692546875 0.2168138265625 0.6917586984375 0.20343831250000002 0.6945474890625001 0.186186640625 0.6910521828125 0.17921968125 0.689087828125 0.16975785000000002 0.6979568453125 0.1301972859375 0.68791741875 0.0383780375
2 0.7543692203125001 0 0.7415434546874999 0.023788109374999998 0.7064774265625 0.076415215625 0.702536671875 0.1070179796875 0.6977149093749999 0.129626771875 0.6893836875 0.14984525625 0.6878470671875 0.16665933125000001 0.7171383671875 0.186277965625 0.73956209375 0.17948390625 0.74515583125 0.1669644734375 0.7650142437499999 0.13398015624999998 0.7865703078124999 0.12416020312500001 0.8729920343750001 0 0.7543692203125001 0
2 0.87459544375 0 0.8135991171875 0.0866063921875 0.8117584859375 0.106055109375 0.8209182265624999 0.1219853640625 0.8330150796875 0.13707396249999998 0.8563507937500001 0.1383874765625 0.880799159375 0.1386541734375 0.900961384375 0.1190462140625 0.907924490625 0.10862411875 0.8767770265625 0 0.87459544375 0
