12 0.6490954999999999 0.48831800000000003 0.6517415 0.46695650000000005 0.655405 0.443154 0.6503166671875 0.42820099999999994 0.6533696671875 0.41629975 0.6387151671875 0.38608875 0.6324056671875 0.3815115 0.6184105 0.3654535 0.6080301671874999 0.36179174999999997 0.5945968328125 0.34683875 0.5762788328124999 0.33829425 0.5622348328125 0.33280125 0.5563323328124999 0.343482 0.5557216671874999 0.35629875 0.5563323328124999 0.36911550000000004 0.5557216671874999 0.3767445 0.5414743328125 0.3935285 0.5329258328125 0.404209 0.539846 0.434115 0.5492086671874999 0.4350305 0.5650843328125 0.4637155 0.5711903328125 0.4637155 0.5726151671874999 0.45791750000000003 0.5911368328125 0.45639175 0.6057913328125 0.4628 0.6089753328125 0.46612099999999995 0.61999 0.48099400000000003 0.6313880000000001 0.48984375 0.6438035 0.49594699999999997 0.6490954999999999 0.48831800000000003
16 0.6033553328125 0.4183635 0.6087548328125 0.42562550000000005 0.6105016671875 0.431459 0.6203476671875 0.42848274999999997 0.6228091671875 0.42610175000000006 0.6242383328125001 0.41645849999999995 0.6215386671875 0.40895849999999995 0.6112163328125 0.40324400000000005 0.60407 0.40252974999999996 0.599147 0.40526799999999996 0.5985911671874999 0.40610125 0.5997028328125 0.4088395 0.6033553328125 0.4183635
10 0.3929515 0.33667925 0.4029821671875 0.330234 0.41202066718749997 0.3191615 0.4035333328125 0.3128815 0.3948253328125 0.311394 0.3925106671875 0.30048675 0.3933923328125 0.29618975000000003 0.3875503328125 0.2935455 0.3704653328125 0.288753 0.3662766671875 0.3029655 0.3768585 0.315195 0.38225950000000003 0.32345825 0.3929515 0.33667925
16 0.42974683281250003 0.654633 0.4226183328125 0.65060325 0.3991296671875 0.65182975 0.3894303328125 0.6565605 0.3911831671875 0.66777375 0.3934035 0.6905509999999999 0.3962081671875 0.69826 0.3962081671875 0.717533 0.395507 0.7247165 0.39889583281249996 0.73820775 0.410465 0.729272 0.4227353328125 0.7248917500000001 0.4380438328125 0.7171825000000001 0.43944616718749996 0.703166 0.43535616718750003 0.68144 0.42974683281250003 0.654633
11 0.47381333281250004 0.71385375 0.47661800000000004 0.7185842499999999 0.4911085 0.71560575 0.4935626671875 0.70684525 0.4961335 0.694931 0.4918096671875 0.68949975 0.48994 0.68126475 0.4862005 0.678111 0.48129233281249995 0.6859955 0.47568299999999997 0.69387975 0.46960633281249997 0.7003625 0.47381333281250004 0.71385375
11 0.5375328328125 0.6161625 0.5319235 0.6203675 0.5232758328125 0.620017 0.5150956671875 0.62054275 0.5076166671875 0.61563675 0.5025918328125 0.61230775 0.4996703328125 0.6194915 0.4934766671875 0.6186152500000001 0.4886855 0.63088 0.48669883281250004 0.645072 0.4918406671875 0.64875125 0.4962813328125 0.6413925 0.5003715 0.6455974999999999 0.50154 0.66136625 0.5101876671875 0.66679775 0.5145115 0.659439 0.519069 0.6510290000000001 0.5275996671875001 0.64542225 0.5322741671875 0.63701225 0.5403025 0.633382 0.5380001671875 0.63228175 0.5395193328125 0.63070475 0.5375328328125 0.6161625
11 0.1653983328125 0.9790884999999999 0.1652466671875 0.97112625 0.1609983328125 0.96225425 0.14370116718749998 0.97226375 0.1496186671875 0.9952402499999999 0.1609983328125 0.986823 0.1653983328125 0.9790884999999999
10 0.839433 0.4817705 0.8304688328125 0.47897049999999997 0.8224383328125 0.4817705 0.8250529999999999 0.49381050000000004 0.834951 0.49381050000000004 0.839433 0.4817705
11 0.9208705 0.51059225 0.9511246671875 0.477832 0.944028 0.45907175 0.9289008328125 0.44647175 0.9139605 0.43443149999999997 0.8922969999999999 0.43387149999999997 0.8598018328125001 0.44563175 0.8562535 0.483152 0.8637236671874999 0.49575224999999995 0.9208705 0.51059225
11 0.8129194999999999 0.33966124999999997 0.8257395000000001 0.342077 0.8280513328125 0.3372455 0.8222368328125 0.31655375 0.8181035 0.3124575 0.8079456671875 0.31319275 0.8039525 0.3218055 0.8026915000000001 0.33356925 0.8048631671875001 0.3437575 0.8129194999999999 0.33966124999999997
