12 0 0.600447984375 0.019144971875 0.6031762625 0.115562653125 0.615717965625 0.1793600828125 0.606363978125 0.1900198125 0.567883696875 0.2068287921875 0.5521665734375001 0.2223924296875 0.493486690625 0.214939540625 0.46657302968750003 0.21693126875000002 0.4418056484375 0.2233863109375 0.4384847921875 0.2226167609375 0.44080935312499997 0.2281771671875 0.427037553125 0.2405416078125 0.39239442812499997 0.2405426453125 0.35702328906249997 0.22236279531249997 0.31700249999999996 0.1793100734375 0.28258146875 0.1267562296875 0.262475871875 0.0052054015625 0.25206680000000004 0 0.25613370468749996 0 0.600447984375
10 1 0.32783619218750004 0.9282210171875 0.235963284375 0.9167460625 0.24168681250000001 0.869432109375 0.29464993125 0.84453410625 0.311435359375 0.8463229609375 0.338477796875 0.86491501875 0.364834771875 0.89094366875 0.384492953125 0.9239816734374999 0.375566934375 0.95839901875 0.37267374062499997 0.9922267734375 0.382682878125 1 0.38189487031249997 1 0.32783619218750004
9 0.81744474375 0.34839337812500004 0.8273677015625 0.35039166875 0.8329679750000001 0.33347972187499997 0.8293952203125 0.32782516875 0.8219744453125 0.3216383734375 0.8099374109375 0.3013260859375 0.787363740625 0.28135201875 0.762437203125 0.2646094765625 0.7630109359375 0.282734609375 0.750297484375 0.30659724375 0.7604235390625 0.3302596078125 0.7795643 0.3431648046875 0.8071159796874999 0.3481054046875 0.81744474375 0.34839337812500004
2 0.7220729421875001 0.3965781390625 0.7323480140624999 0.3941215328125 0.7510877171875 0.38644584375 0.75327095625 0.3745244203125 0.7645681390625 0.35687661406250004 0.7644543515625 0.3397854 0.74884184375 0.3050864578125 0.726460115625 0.317465609375 0.7036034375 0.3167498234375 0.6744126109375 0.3065892296875 0.6559382859375 0.3391315953125 0.6628568968749999 0.3560136734375 0.68729471875 0.381495728125 0.7103476343749999 0.39227294218750003 0.7220729421875001 0.3965781390625
5 0.834866946875 0.1873934484375 0.8176195703125 0.1702233984375 0.8123400875 0.1585603828125 0.79937764375 0.12457751406249999 0.7892984000000001 0.0920561515625 0.7788201578125 0.11788655781249999 0.7808586531249999 0.1548329859375 0.7850627953125 0.1789432125 0.8284009203125 0.204981796875 0.834866946875 0.1873934484375
5 0.721753621875 0.12394317656250001 0.7195501796875 0.146095128125 0.7208856703125 0.1808042765625 0.729327934375 0.196960684375 0.7516937359375 0.21756094374999999 0.7824841515625 0.1828708796875 0.74568085625 0.134501084375 0.721753621875 0.12394317656250001
12 0.144354290625 0.2338058375 0.1838035671875 0.2813660015625 0.2056064265625 0.28825339843750003 0.29428026875 0.21795611875 0.31383724375 0.22028819375 0.302355225 0.199940625 0.28468394531249996 0.1826996234375 0.23939669375 0.132066559375 0.2063548078125 0.10443973124999999 0.19240969375 0.1058067765625 0.113988590625 0.16707605781249998 0.121580590625 0.189503965625 0.144354290625 0.2338058375
5 0.3661027015625 0.34016305625 0.36481181406249996 0.3233579296875 0.33691399375 0.312579784375 0.3344624171875 0.27326914375 0.2673522484375 0.26411603281249996 0.260425809375 0.2669819375 0.27193579218749997 0.36334631875 0.2977211453125 0.36457757343749997 0.31718421406249997 0.36260405156250003 0.3399409578125 0.3443161671875 0.3661027015625 0.34016305625
5 0.3293669625 0.40703713906249994 0.35743828906249997 0.3896864 0.39860921718750003 0.3773701328125 0.40780664375000003 0.3798546515625 0.431212646875 0.370219584375 0.4291590671875 0.36368067656249997 0.42794385156250003 0.3631031109375 0.3970298609375 0.321090409375 0.3700753 0.33400532968749996 0.3176294046875 0.36073018125 0.2412363953125 0.38173265 0.23572809375 0.4079225046875 0.24130444843749999 0.4346121453125 0.24660705312500003 0.44726529531250003 0.28190569062500004 0.45480596406249996 0.31922554375 0.430229484375 0.3293669625 0.40703713906249994
4 0.1504142 0.42029187500000004 0.1726600234375 0.40613908906249996 0.182172534375 0.38498880468749996 0.1724974703125 0.35865514374999996 0.1417858265625 0.3301969546875 0.1154585359375 0.31122450625 0.09277453906250001 0.32249112812499997 0.08243273749999999 0.34025464375 0.08570057812500001 0.37078705 0.092480078125 0.38566467968749996 0.1331688015625 0.4168186578125 0.1504142 0.42029187500000004
10 0.01087685 0.289742903125 0.07776560625 0.3528808734375 0.08870418125 0.32658079687499997 0.11334515468749999 0.31781990000000004 0.10362033125 0.30847191406249996 0.0753817609375 0.28937846718750004 0.053391798437500006 0.2775080671875 0.01087685 0.289742903125
5 0.24792558125 0.530567003125 0.25585973125 0.48724701093749995 0.2787955265625 0.469327603125 0.2682096125 0.45500344375 0.25194896093749997 0.46286585 0.2459987515625 0.451374990625 0.234571928125 0.4134987828125 0.21484171093749999 0.458771684375 0.21865974531250001 0.47838349375 0.21584967812500003 0.5104369296875 0.2045504265625 0.537824975 0.20880663593749998 0.5603229468750001 0.241417053125 0.568737546875 0.25257290625 0.5535655796875 0.24792558125 0.530567003125
2 0.49799974531249996 0 0.4920961453125 0.0026755921875 0.44805720156250006 0.069027134375 0.48503345 0.10174525781249999 0.5311037484375001 0.139528765625 0.532996371875 0.1258806 0.5277569859375 0.1155226140625 0.525532084375 0.0936825765625 0.55777421875 0.031224098437499997 0.5306398812500001 0.023520878125 0.509161459375 0.010639071875 0.5196886000000001 0 0.49799974531249996 0
12 0.5212463578125 0 0.51353188125 0.005276421875 0.516392721875 0.022816346874999997 0.5560762640625 0.028320623437499998 0.5509026640625 0.058222012499999996 0.519877834375 0.09082844062499999 0.530414375 0.1145409390625 0.548316253125 0.146950446875 0.573156215625 0.1845875125 0.561990853125 0.202437728125 0.5307067296875 0.2033012421875 0.49837330625 0.20574521250000002 0.5004665359375 0.220842253125 0.4582548703125 0.2332859109375 0.45945641249999997 0.27646119375 0.4756595953125 0.3140011296875 0.4784908828125 0.3300428421875 0.5402145359375 0.39370509375 0.5912456609375 0.42761182968749994 0.6156216953125 0.4230186265625 0.6504792125 0.420884575 0.68664448125 0.3751351203125 0.669433178125 0.359680125 0.6461096140625 0.344436640625 0.6691922734375 0.31042974375 0.720095796875 0.319337496875 0.74401458125 0.3097769734375 0.7648978640624999 0.2736861046875 0.7553367390625 0.244647615625 0.7498058171875 0.21930625468749998 0.7233549218750001 0.1912940140625 0.7252363765625 0.15864016718750001 0.7230155265625 0.1185432109375 0.720121521875 0.11776164375 0.7216929734375 0.1187542 0.68212363125 0.10491966718750001 0.672000453125 0.08392682500000001 0.634329575 0.052511109375 0.617962478125 0.0249877140625 0.5801293750000001 0 0.5212463578125 0
2 0.7832197812499999 0.3460782140625 0.8080960546875 0.34869975468750003 0.8149029265625 0.3471849046875 0.8268605250000001 0.35153339687499996 0.8375981906250001 0.3302140734375 0.8361803015625 0.33132185000000003 0.8212857109374999 0.3239443703125 0.8038545171875 0.2972513921875 0.7899205671875 0.283798815625 0.7603383078125 0.2612756734375 0.7647191546875 0.28295260624999996 0.7506606890625 0.3000215 0.746762596875 0.303067021875 0.7554244390625 0.3229196296875 0.76491616875 0.32995532031249997 0.7832197812499999 0.3460782140625
12 0.2778236796875 0.5502294734375 0.257200628125 0.6048554359375 0.26334041406250003 0.6972588578125001 0.28758812968749997 0.7617604734375 0.3616361984375 0.755259390625 0.421502215625 0.785209421875 0.47209897031250003 0.8217886984374999 0.4916736015625 0.8468430828125 0.5385397234375 0.847823578125 0.5781569921874999 0.82656791875 0.59144049375 0.846840728125 0.645710853125 0.8493726171875 0.6916563234375 0.8253961249999999 0.716868721875 0.7836903453125 0.7230708156250001 0.7458331921875 0.7408041625 0.7209745328125 0.7082757 0.67669783125 0.6795036750000001 0.624900546875 0.6635060125 0.6053048921874999 0.6368001734375001 0.5482256953125 0.6320037078125 0.5024557859375001 0.642334571875 0.4784741453125 0.6419582546875 0.4790898125 0.6444765828125 0.47341753124999997 0.61822838125 0.433745275 0.58542645 0.4199423359375 0.54555923125 0.3997384109375 0.4933991421875 0.3497090625 0.47024754687500003 0.31919595 0.43900540625 0.34085449687499997 0.4251875125 0.3663217015625 0.402045303125 0.38073474375 0.3541440765625 0.3934001484375 0.3172766234375 0.415786040625 0.304617634375 0.43392873906249996 0.2986315515625 0.46061327656250006 0.3024018234375 0.4760076796875 0.2778236796875 0.5502294734375
10 0.4007102640625 0.8132657968749999 0.40277548281250003 0.8226001625 0.43814580468750003 0.825816828125 0.47448195000000004 0.83026969375 0.47382702343750005 0.8208293546875 0.43280176875 0.7931696515625 0.4007102640625 0.8132657968749999
5 0.2804205734375 0.8163617484374999 0.350110225 0.7688805453125 0.3465962484375 0.7587707546875 0.29329534062499996 0.7640933203125 0.2121559890625 0.79206953125 0.2347669640625 0.8410823671875001 0.2804205734375 0.8163617484374999
5 0.31005834062500004 0.9686835203124999 0.351256390625 0.9086307890624999 0.3578246515625 0.9074797203125 0.3755886296875 0.8527970187499999 0.3522794078125 0.816271571875 0.2980932 0.8138218937499999 0.22882448437499997 0.88286905625 0.2161541609375 0.948828515625 0.21792874843750001 0.951099884375 0.24611530625000003 0.9728617953124999 0.31005834062500004 0.9686835203124999
12 0.67216380625 1 0.73783359375 0.9486931390625 0.7634453406249999 0.8980938296875 0.749745134375 0.8232100078125001 0.7133870546875001 0.7640547453125001 0.7053586109375 0.7922040625 0.6578838703125001 0.8442239062500001 0.6171017828124999 0.853196615625 0.5780648390625001 0.8309497968749999 0.50275846875 0.855947940625 0.48265207656250003 0.8388150031249999 0.45603408125 0.8257736187500001 0.3811726390625 0.849430178125 0.3747715375 0.883292421875 0.32710056249999997 0.9493972749999999 0.274009121875 0.97893499375 0.23092573593750002 0.9677352703125001 0.25613370468749996 1 0.67216380625 1
2 0.7747588171875 0.5445408656249999 0.788591484375 0.5354654609375 0.7916622484375 0.527904884375 0.777665103125 0.52148033125 0.744739753125 0.5061500828125001 0.7224364203125 0.5005850703125 0.7282898859375 0.53916225625 0.746296278125 0.5470619828125 0.7747588171875 0.5445408656249999
5 1 0.5195170453125 0.984581440625 0.509604503125 0.99954171875 0.497916253125 0.96814921875 0.44583408750000003 0.9427769640625 0.41552325625000003 0.90604330625 0.390146246875 0.87869876875 0.3816550171875 0.8519142046875 0.36089729375 0.83048994375 0.38270614375 0.8302428624999999 0.39537312343750003 0.8296691125000001 0.42060612500000005 0.8458618984375 0.42997116718750006 0.8652095171875 0.453112540625 0.868713228125 0.48248282187499997 0.8497483734375001 0.50743865625 0.8549952859375001 0.5168593890625 1 0.54006326875 1 0.5195170453125
10 0.9361304046875001 0.5296857078125 0.8941988984375 0.5247047546875 0.8783429484375 0.531459971875 0.8858812390624999 0.5627484734375 0.887956409375 0.57351954375 0.9140971734375001 0.588584075 0.9296798031250001 0.581479021875 0.93495619375 0.5514451609375 0.9361304046875001 0.5296857078125
5 0.9007439843749999 0.6007068546875 0.9059199921875001 0.6338400265625 0.875360853125 0.6244810140625 0.8566802625 0.6503415078125 0.866267009375 0.663694528125 0.89477769375 0.6909890234375 0.9220979546875 0.711891590625 0.94472890625 0.724628853125 0.9397152671875 0.699817565625 0.9582634750000001 0.680820059375 0.9668949625 0.6588671515625 0.957189184375 0.63941189375 0.9007439843749999 0.6007068546875
12 1 0.588842296875 0.9829299546874999 0.5871345171875 0.9554635390625 0.586061446875 0.9301946296875 0.5883418765624999 0.931631284375 0.62101724375 0.9524465953125001 0.6362988453125 0.9634642515625 0.654729153125 0.9621819359374999 0.6709402578125 0.9726100734375001 0.6864518421875 0.9881679859375 0.691758471875 1 0.699100434375 1 0.588842296875
9 0.3111650890625 0.788394075 0.2502179046875 0.8379877921875 0.239074834375 0.8418936374999999 0.2432891578125 0.8662700078125001 0.267850865625 0.860312040625 0.297239178125 0.813956103125 0.352921803125 0.8133672671875001 0.363926246875 0.8434509984374999 0.390544040625 0.7975258734375 0.397359134375 0.784013421875 0.3906543890625 0.7689237375 0.36765416875 0.7606358046875 0.35175907031250003 0.76740738125 0.3111650890625 0.788394075
