10 0.27954536406249997 1 0.284081775 0.99809825 0.2968182875 0.9603844625000001 0.2760248140625 0.9531849812500001 0.2553606859375 0.8560626453125 0.28035903281249996 0.8288353109375001 0.331525865625 0.8046885843749999 0.31903489218750003 0.764741196875 0.3051802203125 0.771124425 0.27245341875 0.7857950578125 0.22910550000000002 0.7770258937500001 0.213454625 0.8285513234374999 0.219266578125 0.878927496875 0.2328843203125 0.911205165625 0.2513721984375 0.9638904390624999 0.227522365625 0.9878746093749999 0.24587440312500003 1 0.27954536406249997 1
2 0.36025073750000003 1 0.3573430359375 0.992421728125 0.360710378125 0.9551045828125 0.3347792234375 0.88424069375 0.3182213109375 0.86628624375 0.3056963703125 0.8658496187500001 0.28914293281250003 0.8720788765625 0.284763103125 0.8875649859375001 0.29382617031249997 0.9174852640625 0.306368675 0.9564111296875 0.316355225 0.977810465625 0.3241655296875 0.9838948500000001 0.3311718796875 1 0.36025073750000003 1
9 0.6881888203125001 0.5676782 0.6859090203125 0.5544081984375 0.43888793593750003 0.700294546875 0.4417290703125 0.7121991624999999 0.6495518046875 0.587322875 0.6881888203125001 0.5676782
9 0.3708316 0.40700005937499995 0.3760178890625 0.4140373234375 0.3933539390625 0.3943449234375 0.47682309843750004 0.341946315625 0.4740190828125 0.3377891921875 0.38328125 0.39352991875 0.3729920875 0.39890859375 0.3708316 0.40700005937499995
12 0.49475426093749997 0.2766564359375 0.4914363703125 0.27304090937500003 0.447990790625 0.2879070203125 0.41754152343750006 0.3092260359375 0.3724814609375 0.335363725 0.388242234375 0.361572328125 0.3962359796875 0.3688623453125 0.42757995624999995 0.36059820625 0.458896596875 0.3375234453125 0.46834782031250005 0.323734378125 0.4884554578125 0.32226851875 0.5022224343749999 0.29815430468750004 0.49475426093749997 0.2766564359375
10 0.2825432328125 0.37595550625 0.276023471875 0.36176964843750004 0.271682290625 0.3614178140625 0.2722051828125 0.371059834375 0.27706593281249997 0.3765270859375 0.2825432328125 0.37595550625
10 0.4198807765625 0.39847766406249996 0.417832003125 0.4296874234375 0.488697446875 0.4017583078125 0.48748742500000003 0.39492273125 0.49166166406249995 0.37399179843749997 0.48870137968750005 0.3602153421875 0.46471755000000003 0.375768215625 0.4611205546875 0.37147891093749996 0.4198807765625 0.39847766406249996
10 0.473849265625 0.47787001250000005 0.4867647625 0.49343353749999996 0.492796409375 0.491346559375 0.47928273906249996 0.47296650468749996 0.473849265625 0.47787001250000005
12 0.7036274078125 0.267422725 0.720432596875 0.2505734546875 0.7432795390625 0.220575496875 0.752988975 0.198089009375 0.73167305 0.18703200312499998 0.714298740625 0.1843878125 0.697731825 0.1888491984375 0.6931684 0.1972147328125 0.6884858765625 0.21130172187500001 0.6800847734375 0.22352517500000002 0.6685020734375 0.227903084375 0.6585413984375 0.2279085046875 0.6558798375 0.23282586562500002 0.63515946875 0.22847341718749997 0.6205804359375 0.243929275 0.63303845625 0.24374319843749997 0.6494113109375 0.249241646875 0.65890626875 0.25116233125 0.674451025 0.2605151265625 0.68560438125 0.259478671875 0.695808015625 0.2621188828125 0.7036274078125 0.267422725
9 0.8060141125 0.29838811718749997 0.803833265625 0.287834828125 0.7953269578125 0.27459657656249997 0.7869920328125 0.2653760765625 0.75890005 0.2764334171875 0.7553503453125 0.279955 0.72941581875 0.29462986562500004 0.7045056562500001 0.31312289843749996 0.6850960609375 0.3306221109375 0.6485150140625 0.368636571875 0.67035573125 0.37006245937500004 0.696431390625 0.35998938593749996 0.7194814171874999 0.34124799375000003 0.7392067453125 0.334518875 0.7628881109375001 0.3144122421875 0.7874412203125 0.3108643796875 0.8060141125 0.29838811718749997
10 0.1059440328125 0.7708636953125 0.1116430125 0.7504594484375 0.1068650546875 0.7361620656250001 0.09923641093749999 0.7261880859375001 0.088209090625 0.7242660765625 0.09502796875 0.75494698125 0.1059440328125 0.7708636953125
11 0.38194858125 0.56117660625 0.35654068906249997 0.5550339640625 0.3291267171875 0.5507251937500001 0.2910863015625 0.551331071875 0.2895724796875 0.5570049375 0.3003961109375 0.5653038312499999 0.3174357625 0.5713305984375 0.3417393546875 0.5803779234374999 0.38849640937499996 0.5759600609375 0.40534884218749995 0.56915258125 0.39575292968750003 0.5578649687499999 0.38194858125 0.56117660625
9 0.5964598328124999 0.159684875 0.5589188609375 0.1893601734375 0.5513246359374999 0.1995923921875 0.555983659375 0.2081852046875 0.6045588656249999 0.1748524390625 0.620028534375 0.17861397031249998 0.639673090625 0.15211409843749998 0.629820640625 0.1547849828125 0.6194852828124999 0.1632703546875 0.61048239375 0.15476879999999998 0.5964598328124999 0.159684875
