9 0.5395293859375 1 0.5203122078125 0.9095365390625 0.516039434375 0.910449128125 0.5129236328125 0.905405853125 0.444169215625 0.8764484203125 0.44964942812500003 0.9119220328125 0.4639084609375 1 0.5395293859375 1
9 0.70600986875 0.7242043828125 0.6625748625 0.7557617624999999 0.6134000078125 0.8367898890625 0.640439890625 0.8324883453125 0.6695310859375 0.8559219796875001 0.6992757015625 0.7919333921875 0.7178246500000001 0.763112709375 0.70600986875 0.7242043828125
9 0.5445560984375 0.5514428828125 0.5513254078125 0.613014559375 0.5306930890625 0.64391745625 0.6168306984374999 0.6961294234375 0.6154792875 0.6942693671875 0.7515384359375 0.377193321875 0.74916018125 0.37039721718749996 0.7152476421875 0.3501409828125 0.684570409375 0.352539365625 0.6602798671875 0.37018747812499997 0.695609278125 0.42351119531250003 0.6898697406250001 0.5083780515625 0.561494459375 0.5095853921875 0.46213932656249995 0.5084620453124999 0.5445560984375 0.5514428828125
5 1 0.337540153125 0.7961449875 0.0569577984375 0.744301065625 0.200078603125 0.778050803125 0.225777584375 0.8507914484375 0.2800644296875 0.8559743328125 0.23444874375000002 0.9138690687500001 0.2760850921875 0.9497320406249999 0.3487947671875 0.9874336234375001 0.355719475 1 0.353651909375 1 0.337540153125
12 0.2143427234375 0.12957534843750002 0.2760483859375 0.2509261296875 0.3084760125 0.2890549015625 0.5426065312499999 0.25491659843750003 0.559889071875 0.048480578125 0.5507072015625 0.0098293953125 0.2143427234375 0.12957534843750002
12 0 0.662459846875 0.13712524375 0.8511965531250001 0.2001352625 0.8867587640625001 0.25179106562500003 0.8534715328125 0.27533554374999997 0.781492384375 0.286898165625 0.6894218249999999 0.046251853125 0.62996335625 0 0.5929688125 0 0.662459846875
2 0 0.5869559859375 0.036884896875 0.6286536796875 0.274514334375 0.69329004375 0.3330770234375 0.7067927546874999 0.36788251562499996 0.71371836875 0.3839127890625 0.6997124015625 0.3827719328125 0.6260985671875 0.3732553453125 0.5906080031250001 0.1561708375 0.5400759796875 0.05818346875 0.50400175 0 0.524991125 0 0.5869559859375
2 0.3600965953125 0.5832063125 0.3748690515625 0.60451230625 0.4792073109375 0.6351885187499999 0.5238645734375 0.6479750484375 0.5456081609375001 0.6331192140625 0.5465886609374999 0.570213696875 0.5368646859374999 0.548066925 0.41570874687500003 0.5098211 0.40101540937499996 0.5421692890625 0.230796440625 0.48020385625 0.18191365937499998 0.47425718124999994 0.1350782328125 0.48378423125000003 0.1469837703125 0.5128274796875 0.177063459375 0.5211276359375 0.1967501734375 0.5501709781249999 0.3600965953125 0.5832063125
2 0.08258478124999999 0.3385161609375 0.0513564203125 0.3451854875 0.0697137890625 0.371425690625 0.1018143453125 0.42838779687499995 0.3806140328125 0.5403760171875 0.40109062812499996 0.5481144312499999 0.41736628124999997 0.5023661796875001 0.41633125781249997 0.451290115625 0.4052770984375 0.4263399453125 0.0907966171875 0.3108761890625 0.08258478124999999 0.3385161609375
2 0.416800071875 0.46984207343750006 0.4164321 0.5104205140625 0.4257797359375 0.5098588765625001 0.7064823109375 0.5072341453125 0.7069821765625 0.49216315 0.696010709375 0.415153846875 0.6776442687500001 0.3881867546875 0.6528479218750001 0.3833229453125 0.535308684375 0.387008640625 0.37119986250000003 0.4076416890625 0.41298069843749996 0.4263139390625 0.416800071875 0.46984207343750006
2 0.286854896875 0.35910628125 0.30085005625 0.381020415625 0.328361434375 0.37557599375 0.3759907171875 0.399147215625 0.375846165625 0.398816490625 0.46060785 0.40055075625000003 0.5915698390624999 0.3832544890625 0.641278725 0.3000849546875 0.6378126140625 0.28249803125 0.6193571718750001 0.26681916875 0.5990843796875 0.24775512187499998 0.4636755625 0.2657154484375 0.41882884374999996 0.27691035625 0.3877163984375 0.2734211625 0.3379559203125 0.3065795796875 0.31712423125 0.3366863859375 0.290189296875 0.345133753125 0.286854896875 0.35910628125
2 0.63470721875 0.267222725 0.6347084187500001 0.28570384843749996 0.651784340625 0.3048953203125 0.6972148953125 0.3291673421875 0.709304296875 0.3304755390625 0.7183451390625 0.307809453125 0.7703152906249999 0.2992643203125 0.7649990875 0.23158325624999998 0.6972766328125 0.22891765 0.6646586359375 0.24069195 0.654398909375 0.2672244046875 0.63470721875 0.267222725
2 0.56001265 0.15455983125 0.552154446875 0.19425234062500002 0.5592042562499999 0.20641968125000001 0.5794091703124999 0.22930114218750003 0.638446021875 0.2132364140625 0.6548287187499999 0.1840443609375 0.6023639281250001 0.1500224203125 0.56001265 0.15455983125
9 0.5884448703125 0.233408690625 0.562109965625 0.22385735625 0.55143288125 0.24015434375 0.55519899375 0.25099401875 0.5874605015625 0.24879524062499997 0.605791028125 0.239637778125 0.5884448703125 0.233408690625
9 0 0.5132153374999999 0.022618674999999998 0.5118043875 0.1080443359375 0.444180178125 0.054877226562500006 0.35251080625000003 0.15704289375 0.26627223906249997 0.14157417187500002 0.23181286562499998 0.1736132671875 0.22145131718750002 0.190455115625 0.13695623437499999 0.17701481875 0.11662848125 0 0.24523727499999998 0 0.5132153374999999
10 0.5509928125 0 0.564357953125 0.0264479421875 0.61253885625 0.10861459375 0.672285990625 0.12312995625 0.6892204953125 0.1054914328125 0.7288035765624999 0.083591778125 0.6652390859375 0 0.5509928125 0
10 1 0.5907831546875 0.986064584375 0.5652823828125 0.97672781875 0.616860384375 0.9304683 0.6012841078125 0.9920153453125 0.64879090625 1 0.654279115625 1 0.5907831546875
