9 0.634986328125 0.0001090546875 0.6376723625 0.021916060937500002 0.6500708015625001 0.0266688703125 0.6517241203124999 0.0001090546875 0.634986328125 0.0001090546875
9 0.65288623125 0 0.6512666015625 0.0180019828125 0.6615986328125001 0.030862525000000002 0.6717236328125 0.014647059374999999 0.677509765625 0.011571712500000001 0.6820556640625 0.011292134375 0.6801962890625 0.0375723734375 0.694867675 0.04064838125 0.7244169921875 0.033937871875 0.741568359375 0.0235935234375 0.7545869140625 0.0342174484375 0.76946484375 0.0294646390625 0.7789702140625 0.02303436875 0.78599609375 0.018281559375 0.8002543937500001 0 0.65288623125 0
9 0.5920468750000001 0.005980171875000001 0.5792583 0.00007005937500000001 0.5660102546875 0.0093350953125 0.5773754875 0.03533575625 0.5912202140625 0.0272280234375 0.5920468750000001 0.005980171875000001
12 0.9518999015625 0.4355842703125 0.929704590625 0.44285459375 0.9037709953125 0.4611883671875 0.8883510749999999 0.4773099796875 0.8743330078125 0.4975399875 0.8677915046875 0.5221962984374999 0.8568662109374999 0.5701222734375 0.8517260734375001 0.604577 0.8559316406249999 0.6717177796875 0.8617724609374999 0.701747521875 0.8666787109375 0.71375941875 0.844716796875 0.7238750828125 0.802513184375 0.77249966875 0.754588378125 0.7696563125 0.7033007812500001 0.7935446140625 0.6276298828125 0.8555419703125 0.6120751953125 0.8794309312499999 0.6347763671875 0.91924586875 0.6457065421875 0.9220898875 0.6932109375 0.9993390609375 0.8155454109375 0.9993390609375 0.8592661140625 0.9607666890625 0.8865917968750001 0.9152643749999999 0.919802734375 0.9135578328125 0.982020996875 0.8390475875 0.99951171875 0.84416655625 0.99951171875 0.47794183749999997 0.9869453125 0.4719358890625 0.97806689375 0.46498149375000003 0.9523671874999999 0.453602115625 0.9518999015625 0.4355842703125
10 0.6668193359375 0.75312954375 0.67058154375 0.753977528125 0.67643310625 0.7732055515625 0.685837890625 0.7833846656250001 0.7029750984375001 0.7802742890625 0.7176044921875 0.7720746859375 0.7249194343750001 0.7565221421875 0.7255463875 0.7460601453125 0.7230385734375 0.7364461328125 0.7163505859375 0.7299424984375 0.7096630859374999 0.727397884375 0.7113349609374999 0.71608724375 0.7090361328125 0.702514871875 0.7029750984375001 0.6960112359374999 0.6950336921875 0.6957283546874999 0.684583984375 0.6957283546874999 0.6814487296875 0.6968592203124999 0.6653564453125 0.7112802375 0.6601318359375 0.7251354921875001 0.6605498046875 0.7460601453125 0.6668193359375 0.75312954375
0 0.44319824218750004 0.6430548578125 0.39744140625 0.6308684734375001 0.399963378125 0.6606034375000001 0.40356591875000003 0.6757151359375 0.4140146484375 0.6937508265625 0.40824999999999995 0.71032518125 0.44139648437499995 0.7410350296875 0.4612124015625 0.7381103765625 0.47526367187499996 0.71081229375 0.499763671875 0.72202379375 0.5181381828125 0.7171493718749999 0.528947265625 0.6922888296874999 0.5393955078125 0.659628553125 0.5354321296875 0.629405815625 0.5293071281249999 0.614781890625 0.5048076171875 0.6040575015625 0.4870126953125 0.5958116328124999 0.4684184578125 0.6025955062499999 0.4619331046875 0.6240436218750001 0.4666166984375 0.6454923984375001 0.44319824218750004 0.6430548578125
12 0.4086870109375 0.705937871875 0.41229003906250006 0.6947263718750001 0.3726015625 0.6232485125 0.31789404375 0.660116325 0.37481982343750003 0.7298235296875 0.392833984375 0.7225115671875 0.4086870109375 0.705937871875
12 0 0.9993390609375 0.2096767578125 0.9993390609375 0.242103028125 0.8659451421875 0.27524951249999996 0.7042643749999999 0.24678662031249998 0.695841375 0.170765625 0.7090033046875 0.14086132812500002 0.6919418375 0.1466259765625 0.6704937203125 0 0.6251592859375 0 0.9993390609375
9 0.15995703125 0.7067019171875 0.1736479484375 0.70621414375 0.16860400312499998 0.68769068125 0.155993653125 0.6677045609375 0.1459057625 0.662342365625 0.1412216796875 0.6818413750000001 0.15995703125 0.7067019171875
2 0.756755859375 0.2830099140625 0.7708076171875 0.2746715140625 0.7848598640625 0.252323859375 0.78510595625 0.2343126234375 0.777217284375 0.2092967609375 0.7653842765625 0.20462723125 0.759467284375 0.1996239265625 0.6956884765625 0.22661863906250002 0.7182978515625 0.24131724999999998 0.74221045 0.2596616 0.756755859375 0.2830099140625
10 0.8509287109375 0.28100859218749996 0.8718833 0.28200925312499997 0.8741020515625 0.273337078125 0.8353974609374999 0.2473205546875 0.8220849609374999 0.21997025781250001 0.8053212890625 0.21596761406249998 0.78683203125 0.223639128125 0.786092284375 0.2506563125 0.7695751953125 0.2746715140625 0.7755146484375001 0.2846080640625 0.7907763671875 0.286678784375 0.8018701171875 0.28100859218749996 0.8210991218749999 0.261662921875 0.8509287109375 0.28100859218749996
2 0.80729345625 0.1920389953125 0.8141962890625001 0.1723602109375 0.8109912109374999 0.1636880375 0.7994047859375 0.16035227968750002 0.7829116218750001 0.162173165625 0.7730263671875 0.1960416390625 0.7767241203124999 0.2110508921875 0.7885576171875 0.215387309375 0.80729345625 0.1920389953125
9 0.7116240234375 0.16507468593750002 0.7128564453124999 0.1363892921875 0.702009765625 0.10270191718749999 0.693627440625 0.0906939859375 0.677603515625 0.0943628546875 0.6561557609374999 0.07034765312499999 0.6665097656250001 0.0966979515625 0.6571416015625 0.107371446875 0.6472807625 0.100033046875 0.6381591796875 0.086358228125 0.6273120109375 0.07635161875 0.607836425 0.0803542625 0.582197753125 0.08669134218749999 0.5817050781249999 0.10236814218750001 0.601673340625 0.1632187703125 0.617204590625 0.1698896234375 0.6406245109375 0.1768935890625 0.66305859375 0.20357699999999998 0.682287596875 0.21558493125 0.7037353515625 0.22392333125000002 0.72518310625 0.2122491734375 0.7303598640625 0.20676735000000002 0.711130859375 0.175747521875 0.7116240234375 0.16507468593750002
9 0.690356934375 0.0855935234375 0.7002177734374999 0.0742531390625 0.692822265625 0.0505717125 0.659787596875 0.07158493125 0.6733466796875 0.090263053125 0.690356934375 0.0855935234375
9 0.6632387703125 0.0689160609375 0.650419434375 0.0395644421875 0.6411352546875 0.0459742234375 0.6422841796875 0.054573695312500003 0.6590478515625 0.07191804375000001 0.6632387703125 0.0689160609375
12 0.6240551765625 0.17026371406250002 0.5686147453125 0.15842035625 0.5455629890625 0.15842035625 0.5105473640625 0.1659213484375 0.4764077140625 0.175001321875 0.45248046875 0.19118770624999998 0.4323286140625 0.1928512890625 0.41890625000000004 0.21574884375 0.4054838875 0.23390945156249998 0.39468749999999997 0.24259484531250003 0.3824321296875 0.26312425625 0.37338623125 0.28760079375 0.35646240156250003 0.29431262343750003 0.34180615312499996 0.30959418437499997 0.3365537109375 0.3423615328125 0.336845703125 0.3707865171875 0.3464750984375 0.41381890312499997 0.38790966718750003 0.5185003312500001 0.4055063484375 0.5162081953125 0.4218466796875 0.4881777921875 0.428849609375 0.47475545312499995 0.43731152343749996 0.418300065625 0.47291064374999997 0.3681619296875 0.47874658124999997 0.4364606734375 0.4857495125 0.4376450765625 0.49706445312499997 0.500628553125 0.5051650390625 0.5543483140625 0.5220893546875 0.5642181093749999 0.531134765625 0.552374090625 0.5474916984375 0.56184930625 0.5699594734375 0.5693502968749999 0.5810478515625 0.5788255125 0.592427734375 0.5685604765625001 0.5994306640625 0.5958010578125 0.6029326171875 0.6076450765625 0.5889262703125 0.6143562453125 0.585716309375 0.632911434375 0.5830903328125 0.65580965 0.5935952140625 0.6640998015624999 0.607601075 0.65580965 0.6236499015625 0.6546252484374999 0.6256923828125001 0.638043621875 0.6324033203125 0.6396232656249999 0.6484521484375 0.6451500328125 0.657498046875 0.6542300062499999 0.657498046875 0.668837409375 0.65983203125 0.67989160625 0.6767563484375 0.6794970250000001 0.69484716875 0.668442828125 0.7076865234375 0.6589676140625 0.718482909375 0.64199206875 0.713521971875 0.632911434375 0.7225678703125 0.6246212828125 0.7295708015625 0.59777528125 0.7333642578124999 0.5740879046875 0.7429345703125 0.554599471875 0.7511044921875001 0.5218321218749999 0.7747397453125 0.5182789156250001 0.7855361328125 0.5009081296875 0.79370654375 0.47495571718749996 0.7922475578125 0.454031725 0.7867036140625 0.42126437499999997 0.7826181640625001 0.3944183734375 0.77794970625 0.369152015625 0.7715302734375 0.34033179062499996 0.7671533203124999 0.30559021875000003 0.7428413078125 0.25904494375 0.679813965625 0.20772174531249998 0.6240551765625 0.17026371406250002
10 0.1714296875 0.352289490625 0.165885253125 0.35465829531250004 0.13758154375 0.3708446796875 0.1746391609375 0.38900528749999996 0.2137397453125 0.38545208125 0.1714296875 0.352289490625
2 0.2841982421875 0.20622471875 0.29125634843750003 0.207588896875 0.33360546874999997 0.18939920625 0.3403276359375 0.1598407140625 0.3426801765625 0.1389226703125 0.33528564375 0.12073298125000001 0.3262109375 0.1098195640625 0.30671679687500003 0.11573099843750001 0.2922646484375 0.13573959062500002 0.2808369140625 0.1671169859375 0.27377880781249997 0.1884897546875 0.2841982421875 0.20622471875
10 0.3696606453125 0.059521481249999994 0.389154296875 0.051791143750000004 0.412345703125 0.05088169218750001 0.40528759843750006 0.036784534375 0.4153706046875 0.00085988125 0.33739453125 0 0.33168066406249996 0.00995505625 0.3360498046875 0.031327825 0.3548720703125 0.0527005953125 0.3696606453125 0.059521481249999994
12 0.490841796875 0.1411698609375 0.451517578125 0.1025168546875 0.45017285156250003 0.09296761406250001 0.4347124015625 0.08705551875 0.404126465625 0.0543139453125 0.33488915937499997 0.051130865625 0.35942480468750004 0.089329146875 0.3879936515625 0.11070257812499999 0.40042968749999996 0.1416245875 0.365138671875 0.1416245875 0.354046875 0.1511744875 0.3863129875 0.1730019828125 0.3950517578125 0.1880085921875 0.419587403125 0.178003965625 0.4306787109375 0.19392002656250001 0.45991992187499997 0.1861896890625 0.4894970703125 0.1734567078125 0.48882519531249996 0.153448115625 0.490841796875 0.1411698609375
2 0.35529296875 0.12409781875 0.3788203125 0.1322835421875 0.390248046875 0.1318288171875 0.382517578125 0.10909120937500001 0.35966259843750004 0.0981777921875 0.343529784375 0.070892928125 0.33781591718750004 0.057705221875000004 0.329520996875 0.05414805 0.3220190421875 0.0768050234375 0.320338378125 0.103179775 0.33949609375 0.12000528749999999 0.35529296875 0.12409781875
9 0.5224755859375 0.1155247859375 0.5153530281250001 0.1099887640625 0.5094428703125 0.111628553125 0.5011083984375 0.144639128125 0.514443846875 0.1520204890625 0.5177778328125 0.147509584375 0.5224755859375 0.1155247859375
9 0.5106552734375 0.1658572375 0.542458984375 0.1577693328125 0.53202295 0.1525300734375 0.516868653125 0.15211962968749998 0.5106552734375 0.1658572375
10 0.56150341875 0.093504296875 0.5422099609375 0.09743820156250001 0.5329594734375 0.10315928593749998 0.5382456062500001 0.148573034375 0.5369238281250001 0.15286384687500001 0.5451171875 0.15715532031249999 0.5533105468749999 0.1575128890625 0.599033690625 0.165736946875 0.5995625 0.1625188375 0.5892548828125 0.122826834375 0.580532715625 0.103874421875 0.56150341875 0.093504296875
9 0.60948046875 0.110210178125 0.62348828125 0.12201057500000001 0.6324741203124999 0.118434896875 0.6263955078125 0.101985459375 0.61582373125 0.0909001984375 0.59547265625 0.091615334375 0.5917724609375 0.091615334375 0.58146484375 0.099840053125 0.60948046875 0.110210178125
10 0.604458984375 0.1659940515625 0.615294921875 0.1681394578125 0.6205810546875 0.1649213484375 0.6330029296874999 0.1706424328125 0.64357470625 0.14739920625 0.6404033203124999 0.127731659375 0.6369672859375 0.1195076015625 0.635645996875 0.0926880375 0.6293027343750001 0.080887640625 0.6176738281249999 0.0780270984375 0.6071020515625001 0.0490627890625 0.5989086921875 0.030467943749999997 0.5870151375 0.0333284859375 0.580407715625 0.0376199609375 0.553185546875 0.00293390625 0.5439350593750001 0.0186675484375 0.5198837890625 0.03440185 0.5278129890625001 0.0429834765625 0.55054248125 0.0383350953125 0.5478994140625 0.0512081953125 0.54419921875 0.0515657640625 0.553978028125 0.063723728125 0.571421875 0.063366159375 0.5806723640625 0.0744514203125 0.583314940625 0.0934038328125 0.5832670890625 0.10027693281250001 0.5806723640625 0.10520422968750001 0.5936225578125 0.131307996875 0.6004946296875 0.1584844671875 0.604458984375 0.1659940515625
0 0.077415528125 0.0627680109375 0.09034765624999999 0.0716754796875 0.09763671874999999 0.056405815625 0.107747559375 0.0519517515625 0.11997412031250002 0.0805829484375 0.12843896562499998 0.059268340625000006 0.1312602546875 0.0513152671875 0.13267138750000002 0.037 0.1282036125 0.01823000625 0.1256171875 0.00041506875 0.0214541015625 0 0.0407348625 0.027456046875 0.0527265625 0.0392267015625 0.062131835937500005 0.0404990078125 0.077415528125 0.0627680109375
10 0.2547377921875 0.12612954375000002 0.231640625 0.11427561093750001 0.2149150390625 0.115137475 0.20663183593749998 0.1274223390625 0.209658203125 0.13712095156249998 0.21873779375 0.141215465625 0.229569825 0.178715796875 0.2324370125 0.1765604765625 0.2289326171875 0.1558711171875 0.2421538078125 0.159750165625 0.24486181562499998 0.1524223390625 0.27512744218749996 0.18022471874999998 0.27942822343749996 0.16492267031250002 0.28707421875 0.145095175 0.2547377921875 0.12612954375000002
9 0.466041015625 0.07168539375 0.44922900312499997 0.0774117640625 0.45052246093750004 0.08425115625 0.4649829109375 0.0890231328125 0.4701557625 0.08409253125 0.466041015625 0.07168539375
9 0.49108251875000003 0.100157303125 0.500017090625 0.1068380703125 0.4924931640625 0.11558691406249999 0.4759165046875 0.11972240625 0.48320556562499994 0.134196959375 0.489201171875 0.1370601453125 0.50072265625 0.1357878390625 0.5046025390625 0.12719828125 0.509069825 0.1122465296875 0.514478028125 0.110019828125 0.523060059375 0.10206609375 0.523060059375 0.0917270328125 0.495197265625 0.0813879703125 0.485086425 0.07900198281250001 0.4750717765625 0.08180965 0.47309472656249996 0.0847283546875 0.48496875 0.092522803125 0.49108251875000003 0.100157303125
12 0.317763671875 0.318154659375 0.29354492187500003 0.3110482484375 0.2894594734375 0.3102584265625 0.2804140625 0.29604626562499997 0.27756689375 0.258289490625 0.27873388593750004 0.22868076718750002 0.288654784375 0.21446794374999997 0.237658690625 0.156202246875 0.2312392578125 0.15817647031249998 0.2312392578125 0.1775208203125 0.22540332031250002 0.209104428125 0.233865234375 0.236739590625 0.21577441406250003 0.24858360937500001 0.17156005937500002 0.25804097812500004 0.23062402343750002 0.31804031718750003 0.200017090625 0.3359160609375 0.18776220625 0.3497336421875 0.17696582031250002 0.3485499015625 0.16850341875 0.3544712484375 0.18980468749999999 0.3667098484375 0.2143154296875 0.38289623281249996 0.24582910156249999 0.3864494375 0.2976298828125 0.39474355625 0.3501528328125 0.4215895578125 0.3160126953125 0.37224058125 0.3285600578125 0.322497025 0.317763671875 0.318154659375
2 0.289025390625 0.30861467343750004 0.3272646484375 0.3160052875 0.374380859375 0.2910614671875 0.39315869062500003 0.2499504296875 0.4020356453125 0.24625512187499998 0.3508227546875 0.185281559375 0.32999609375 0.19221017812500002 0.28868408125 0.2106873765625 0.276393065625 0.2259306015625 0.28014843749999996 0.290599471875 0.289025390625 0.30861467343750004
10 0.38668749999999996 0.184133509375 0.3830122078125 0.17192861875 0.3564501953125 0.1585935234375 0.3577866203125 0.143676140625 0.3875224609375 0.13802577656249998 0.353442871875 0.125368803125 0.3450354890625 0.13942062187499998 0.339911621875 0.1852637140625 0.3559487296875 0.1863932578125 0.400720215625 0.243350296875 0.4241083984375 0.19588631875 0.40690136718750003 0.1807428953125 0.38668749999999996 0.184133509375
