10 1 0.339139471875 0.9776402093750001 0.3345524828125 0.9332493453125 0.35028682031249997 0.7692877578124999 0.5970177109375 0.781134725 0.655593540625 0.8320347343750001 0.7063203437500001 0.8957011234375001 0.7133180078125 0.9112813187500001 0.7123386015625 0.934000478125 0.6906327812499999 1 0.628787828125 1 0.339139471875
12 0.7617161703125 0.09751607500000001 0.69240485625 0.0367757421875 0.6420547078125 0.0606903421875 0.5998785078125 0.1463374984375 0.5683037093750001 0.1994173984375 0.59192073125 0.2363175078125 0.6018634453125 0.30338501562500003 0.67046095 0.36883933281250003 0.712394146875 0.3936941046875 0.68687134375 0.4238291546875 0.6631356734375 0.49093972812500003 0.6953796875 0.5332623062499999 0.709923034375 0.548409925 0.7297224796874999 0.531102971875 0.741453840625 0.5046882984375001 0.7831267203125 0.4779473109375 0.8067874078124999 0.41473214687500004 0.8011642125 0.3826656390625 0.8635375015625 0.349695121875 0.9471068421875 0.284527759375 0.9129697125 0.243361475 0.8199107015625 0.1851512421875 0.7617161703125 0.09751607500000001
2 0.0148433015625 0.3648125921875 0.03849355 0.40423948750000005 0.0491499625 0.40531365625 0.1230127015625 0.3913124828125 0.24139800312499998 0.36214262812500003 0.27485899062499997 0.347193834375 0.29665384375000003 0.3440788 0.29919650937500003 0.33075698125 0.28770172031249996 0.31371847812500003 0.2422828546875 0.295959553125 0.14578328437500002 0.3172516546875 0.016979896875 0.352785075 0.0148433015625 0.3648125921875
2 0.365318365625 0.79846990625 0.38708193125 0.8168083218750001 0.40414871718749995 0.8153377796875001 0.42290342187499996 0.8092969765625 0.442010684375 0.784840796875 0.46584087187499995 0.7447158421875 0.5066748109375 0.67448574375 0.523581521875 0.6329570906249999 0.46236151718749996 0.613949715625 0.42341112656249996 0.66829543125 0.3662368625 0.7504572140625 0.3561688703125 0.7813086984375001 0.365318365625 0.79846990625
2 0.242821753125 0.23195262656249999 0.2111833171875 0.2426987359375 0.131929828125 0.2697659265625 0.1241757265625 0.30820068125 0.128238984375 0.3191133953125 0.244625690625 0.2971993578125 0.2712435453125 0.30961330781249996 0.317622559375 0.27814119375 0.32109129375 0.256347765625 0.242821753125 0.23195262656249999
9 0 0.38222581093749997 0.0186376328125 0.36991434375 0.013650523437500001 0.3570318109375 0.023283784374999998 0.3493518671875 0.061423025 0.33901417968750003 0.1324222984375 0.28739120625000003 0.132777575 0.2517250296875 0.13105879843749998 0.20476239999999998 0.10933357968749999 0.19470065625 0.0904503515625 0.22418562656250002 0.1106352703125 0.2634574578125 0.015520054687500002 0.3079714296875 0 0.32783619375 0 0.38222581093749997
5 0.6790090890625 1 0.6780134890625 0.946461353125 0.6879909171875 0.942152240625 0.742705075 0.9540882453125 0.7770852875 0.9534466187499999 0.776383434375 0.922086890625 0.8416979375 0.8427193046875001 0.8276236578124999 0.8152384390625 0.7086348421875 0.814707375 0.672527815625 0.8101556000000001 0.6510001046875 0.8329506671875 0.63490733125 0.8302807281250001 0.6052812484375 0.79998199375 0.5830773375 0.8172967234374999 0.556460003125 0.82115046875 0.576171096875 0.8473123093750001 0.5428027890625 0.9037712515624999 0.506383178125 1 0.6790090890625 1
12 0.5859073968749999 0.6774970375 0.5507094796875001 0.6934627156250001 0.5219880234375001 0.7111870046875 0.5436649953125 0.8167051531249999 0.55838466875 0.822654184375 0.5599417875 0.823369809375 0.5892257828125 0.8170882718750001 0.6088957015625 0.7961430921875 0.626369684375 0.8218995984375 0.6444220828125 0.8310516421875 0.65898455 0.7367914343749999 0.6497776203125001 0.6872330203125 0.6208277343749999 0.6624146234375 0.5859073968749999 0.6774970375
12 0.3357836828125 0.6479437734375 0.36849596406249996 0.5902783203124999 0.30333004375 0.593834628125 0.2782392921875 0.625949325 0.3357836828125 0.6479437734375
12 0.16593734375 0.643352834375 0.186269946875 0.6212193828125 0.0709567828125 0.5646890578125 0.061303148437499996 0.592909271875 0.066895709375 0.6000294703125 0.16593734375 0.643352834375
10 0.0951717453125 0.39932828593749997 0.0381049203125 0.40150945625 0.04908970625 0.43980200468749997 0.09833860312500001 0.424360496875 0.0951717453125 0.39932828593749997
10 0.1375527546875 0.4852587875 0.151805321875 0.5569157859375 0.1982636515625 0.5376424171874999 0.2571339703125 0.5500757140625 0.32622120625 0.4912616671875 0.31826305625 0.458084596875 0.3133493875 0.44269182812499996 0.3199502875 0.383476396875 0.2382560953125 0.407131053125 0.2012857125 0.40685678125 0.15812201875 0.43090351875 0.1375527546875 0.4852587875
10 0.28719749375000003 0.821015784375 0.2869824484375 0.8186465515625001 0.288566659375 0.8176133984374999 0.3360659140625 0.75740926875 0.3864780953125 0.7219693046875 0.41986785 0.6644260328125 0.39431064843749997 0.611997453125 0.36136536406249997 0.6055144125 0.3032812265625 0.7152892390625001 0.2866461953125 0.7545608140625 0.26753879999999997 0.786949684375 0.25401301875 0.827000746875 0.28719749375000003 0.821015784375
