2 0.4846133984375 0.3225187296875 0.49528893749999997 0.27526930312500003 0.48976334843749997 0.2388477546875 0.451208909375 0.24369767968749997 0.3862527609375 0.26682489062500003 0.36574879375 0.28531220625 0.358611321875 0.3082460421875 0.377765625 0.332577428125 0.380251678125 0.3393507421875 0.3984882875 0.360933975 0.42410882499999997 0.35817096406250004 0.4362453796875 0.369676321875 0.4633128734375 0.3545979171875 0.4681942015625 0.33860304375 0.4846133984375 0.3225187296875
10 0.1957935296875 0.323862296875 0.187603153125 0.3257842171875 0.189885559375 0.3316013203125 0.2030861421875 0.33912193125 0.2131289921875 0.32757269375 0.2269101046875 0.301575459375 0.20309005937500002 0.30502894375 0.1957935296875 0.323862296875
2 0.23908350937499998 0.40692950781250004 0.2410180515625 0.3737823984375 0.24510424999999997 0.3543328390625 0.234682553125 0.341360053125 0.2324777875 0.32860493125 0.219140484375 0.3280040203125 0.21358713125 0.3398387375 0.20476692500000002 0.343367734375 0.20181543125 0.3603088875 0.20782638750000001 0.3929456796875 0.2248544109375 0.424470903125 0.237528046875 0.42187318281249997 0.23908350937499998 0.40692950781250004
4 0.28007899687500004 0.41444898593749996 0.2751513015625 0.3896226375 0.27439239843749996 0.39097443906249996 0.24833677656250003 0.4042504421875 0.25669154375000003 0.424435909375 0.2662883640625 0.4565317765625 0.30737418125 0.43012981406249995 0.28007899687500004 0.41444898593749996
2 0.5134454453124999 0.5015805796875 0.5048879937499999 0.48857394843749996 0.48583827968750004 0.49570726875000004 0.4689786671875 0.5042976718750001 0.4578081390625 0.5193161890625 0.468792634375 0.5484530515625 0.47200296406250003 0.5490692562499999 0.482426428125 0.55437125 0.492895365625 0.5483936453125 0.497696053125 0.538872009375 0.5117430328125 0.5313930078125 0.5134454453124999 0.5015805796875
2 0.33343734999999997 0.589709434375 0.31762778593749996 0.5842564328125001 0.31925862656250004 0.5866936218750001 0.3059083359375 0.5944093171875 0.3099554515625 0.6042463875 0.3172553609375 0.620467425 0.3330008375 0.6172689828125 0.348695759375 0.6073417765625 0.3473238421875 0.5951765046874999 0.33343734999999997 0.589709434375
4 0.5519284828125001 0.5960962234375 0.547491728125 0.5887965265624999 0.50245125625 0.5792414484374999 0.48049427343750006 0.5861268390625 0.4660636703125 0.5930013484375001 0.4678357125 0.60070295 0.47199789531249997 0.6095766312500001 0.5296036015625 0.6177486953125 0.5445939296875 0.60915490625 0.5519284828125001 0.5960962234375
12 0.34525446406250004 0.7014018953125001 0.3704171890625 0.664202090625 0.34940120625 0.6567460953125 0.3381701015625 0.6839792171875 0.34525446406250004 0.7014018953125001
2 0.42013004374999996 0.7110857265625 0.4020777765625 0.7178938984375 0.37214755 0.728841859375 0.3759431453125 0.752481290625 0.3738373671875 0.7511643203125 0.3808267640625 0.755729296875 0.40772084375000006 0.746567121875 0.42013004374999996 0.7110857265625
2 0.43801880937500004 0.7007756546875 0.4246355421875 0.7075947703125001 0.431930465625 0.7148722390625 0.43473978437499994 0.7210888234375 0.4501102796875 0.712540121875 0.44960098437499996 0.7080197859374999 0.46653621718749994 0.6919816437499999 0.47973012343750004 0.6467788765625 0.45703080937499996 0.6564330859374999 0.43801880937500004 0.7007756546875
10 0.38518642812500004 0.66220815625 0.3489565078125 0.6973983140625 0.3542210859375 0.7006910046875 0.3693972875 0.7044303484375 0.3982698640625 0.6921096171875 0.45107090781250003 0.6690301437499999 0.4602912 0.65333775 0.394489478125 0.670612896875 0.38518642812500004 0.66220815625
10 0.4461441234375 0.6727350921874999 0.39874251875 0.6916293312499999 0.359796875 0.7074103328125 0.36023381250000003 0.7166744109375001 0.3760472625 0.714665809375 0.38136447812499996 0.725101434375 0.42962075312500003 0.70577171875 0.4461441234375 0.6727350921874999
1 0.5528098124999999 0.7484719125 0.5353384734375 0.7050319453125 0.5303802140625 0.7044513453125 0.5043560796875 0.7143894296875 0.49845138437500003 0.7157006046875 0.5019951984375 0.7311032796875 0.5124763421874999 0.731259746875 0.514543328125 0.7402451515624999 0.5095199515625 0.7437605234375 0.5138748859375 0.7544184765625 0.5160930031250001 0.7580687890625 0.528578028125 0.769900709375 0.5450411374999999 0.7930608484375 0.561642365625 0.783406809375 0.550621021875 0.7617762031249999 0.5528098124999999 0.7484719125
2 0.5281372531249999 0.7634039421875001 0.519959971875 0.7656581421875 0.5121712281249999 0.756003575 0.503882025 0.7618635296875 0.51728058125 0.8026353281249999 0.5262083578125 0.8117095296875 0.5398507296874999 0.8398921140625 0.55732210625 0.8319458375 0.54776321875 0.80192206875 0.5515194140624999 0.7899404234375 0.5442454640625 0.7900913265625 0.5281372531249999 0.7634039421875001
