10 0.43602734375 0.0952509765625 0.5117936203125 0.09102148437499999 0.57708203125 0.032409668749999995 0.6085175781250001 0.0015932609375 0.5351686203125 0.0070317375 0.5117936203125 0.034826659375 0.46423828125 0.0529541015625 0.4062037765625 0.013678221874999999 0.3449459640625 0.000384765625 0.2756276046875 0.005218749999999999 0.2280716140625 0.0221376953125 0.2699850265625 0.045099120312500005 0.3215709640625 0.05174560625 0.394919921875 0.075311034375 0.43602734375 0.0952509765625
9 0.7301015625 0.11748681718750001 0.7704029953125 0.096338378125 0.8084947921875001 0.05302734375 0.707716796875 0.027425781249999996 0.7067265625 0.025037596875000002 0.617923828125 0.0863095703125 0.6100032546875 0.10721484375000001 0.655140625 0.18455810625 0.7301015625 0.11748681718750001
9 0.5555703125 0.27195556718749997 0.5144628906250001 0.3456728515625 0.4951184890625 0.3843447265625 0.4773860671875 0.42845410156249997 0.4870579421875 0.474376953125 0.5192994796875 0.48706591875000005 0.5491223953125 0.46591747968749997 0.5886178390625 0.398846190625 0.643427734375 0.32875439375000004 0.6958196609375 0.2906870125 0.7490175781249999 0.23872216875 0.8582604171874999 0.20510204999999998 0.8679322921875 0.17911962812499999 0.8356914062499999 0.135009765625 0.763955078125 0.097546875 0.7449876296875 0.10155859375000001 0.6627721359375001 0.1867568359375 0.5555703125 0.27195556718749997
10 0.9020032546874999 0.227705565625 0.8826588546874999 0.20353564375 0.8028619796875001 0.2216630859375 0.7270950515625 0.2977978515625 0.7496640625000001 0.33284375 0.7738450515624999 0.34855420000000004 0.8488053390625 0.3062568359375 0.8874947921875 0.2736279296875 0.9020032546874999 0.227705565625
9 0.9993489578125001 0.36345312500000004 0.9993489578125001 0.2600541984375 0.9520423171875001 0.28637402343749996 0.9353235671875 0.3079936515625 0.9507884109375 0.3571865234375 0.9700149734375 0.3753598625 0.9993489578125001 0.36345312500000004
9 0.4811165359375 0.24293749999999997 0.517953125 0.2171044921875 0.1715729171875 0.0260302734375 0.1442428390625 0.0451821296875 0.10918880156249999 0.0487451171875 0.4811165359375 0.24293749999999997
5 0.4775520828125 0.14005126875 0.5215182296875 0.11822705 0.26960481718749996 0.047409179687500004 0.27019921875 0.07279687500000001 0.266634765625 0.0803681640625 0.4615104171875 0.17969140625 0.4775520828125 0.14005126875
5 0.4348841140625 0.21767871093750002 0.2784661453125 0.1393798828125 0.25783203125 0.24306640625 0.39091796875 0.2889418953125 0.4348841140625 0.2653359375 0.4348841140625 0.21767871093750002
9 0.2085345046875 0.4700639640625 0.26081835937500003 0.48654345625 0.309537109375 0.47140039062500005 0.47470637968749996 0.48877050781250003 0.466388671875 0.43576855468750003 0.3956868484375 0.4166166984375 0.4087571609375 0.4112719734375 0.3784563796875 0.40013720625 0.35528515625 0.40949023437500004 0.27151237031250003 0.42997851562499995 0.1984342453125 0.40770849531250003 0.16991536406250002 0.42552441406249997 0.17526302031250002 0.4491303703125 0.19962239531249998 0.4549204109375 0.2085345046875 0.4700639640625
10 0.3041901046875 0.6110795890625 0.321419921875 0.6262231453125 0.3374615890625 0.5950454109375001 0.3540970046875 0.5856923828125 0.4176692703125 0.5843559578125 0.4574765625 0.5803476562500001 0.4711412765625 0.5616411125 0.4687649734375 0.5188828125 0.4711412765625 0.49750390624999996 0.4224225265625 0.48636914062500003 0.3838040359375 0.48325146406249997 0.3737037765625 0.489041503125 0.2845833328125 0.5166557625 0.3083489578125 0.54115283125 0.3083489578125 0.5727758796875 0.3041901046875 0.6110795890625
12 0 0.4362836921875 0.0007239578125 0.763900390625 0.044689453125 0.7973051765625 0.08330859375 0.8111123046875001 0.14569270781250002 0.8249199218750001 0.1938170578125 0.8209111328124999 0.22649479218750002 0.86144189375 0.2472890625 0.879703125 0.2811549484375 0.8574335937500001 0.316802734375 0.8351635749999999 0.32512109375 0.8079946281250001 0.32987369843750003 0.780825684375 0.31502083281250004 0.742076171875 0.32868554687499996 0.720251953125 0.2957076828125 0.6419082031250001 0.29511328125 0.6232016609375 0.3052135421875 0.602268065625 0.3064016921875 0.56619140625 0.304025390625 0.5190239265625001 0.273724609375 0.48918261718749995 0.21787630156249999 0.4695849609375 0.1748079421875 0.4607807609375 0.148072265625 0.44162841875 0.094599609375 0.4362836921875 0.010826823437499999 0.432275390625 0 0.4362836921875
9 0.330951171875 0.7052509765625 0.313126953125 0.7404370109375 0.32560416718749996 0.7676059562499999 0.3873938796875 0.771614746875 0.5109739578125 0.773396484375 0.6363359375 0.76448828125 0.6399010421875 0.7422187499999999 0.6369303390625001 0.72173046875 0.6339596359375 0.7039145515625 0.60009375 0.68342626875 0.5311744796875 0.6838720703125001 0.5258268234375 0.6589296874999999 0.5311744796875 0.6313154296875 0.524638671875 0.607263671875 0.46879036406249996 0.5841035156250001 0.349369140625 0.587221190625 0.344411965625 0.590317784375 0.34183203125 0.5911870125 0.33273372343749996 0.6126083984374999 0.3166920578125 0.63710546875 0.3273860671875 0.669173828125 0.3452102859375 0.6963427734375001 0.330951171875 0.7052509765625
9 0.585734375 0.553978028125 0.6359967453125 0.6276982421875 0.6649524734375001 0.6670776375 0.6644055984375 0.692060546875 0.6644055984375 0.7141767578125 0.673693359375 0.735474121875 0.6944537765625001 0.7424365234375 0.7408919265625 0.7412080078125001 0.8960494796875 0.7285112296875 0.904791015625 0.709671875 0.8965957031249999 0.6429135734375 0.8965957031249999 0.6101489265625 0.9031523437500001 0.5618212890625001 0.88730859375 0.5470771484375 0.8539824218750001 0.42618652343749996 0.7671158859375 0.4331489265625 0.791154296875 0.53308154375 0.6753326828125 0.4552651359375 0.6228847656250001 0.4446167 0.5491302078125 0.4597705078125 0.514455078125 0.50110205 0.5234524734375 0.5326806640624999 0.5622421875 0.5330903328125001 0.5813639328125 0.529813965625 0.585734375 0.553978028125
2 0.9582096359375001 0.8016826171875 0.96858984375 0.780794921875 0.9521998703125 0.743525390625 0.9041230468749999 0.7103510734375 0.896474609375 0.7291904296875 0.7150930984375 0.7431157234375 0.7138984374999999 0.7439174796875 0.8800846359375001 0.83321875 0.9188736984375 0.8303515625 0.9385416671875 0.8192934578125 0.9582096359375001 0.8016826171875
2 0.9361471359375001 0.029943846875000003 0.9143118484375 0.0177724609375 0.9047936203125 0.027005859375000003 0.8426471359375001 0.027005859375000003 0.8023359375 0.0005649421875 0.65738671875 0.0006298828125 0.7004388015624999 0.030783203125000002 0.8460065109375 0.0555458984375 0.92662890625 0.043374512500000004 0.9361471359375001 0.029943846875000003
