5 0.1478334953125 0.6825645406249999 0.000408690625 0.66943471875 0.000388671875 0.775270771875 0.14347265625 0.7922396140625 0.1478334953125 0.6825645406249999
9 0.0001157234375 0.610913946875 0.008837403125 0.5566973296875 0.0022963875 0.53641765625 0.005294434375 0.536831603125 0 0.5343486640624999 0.0001157234375 0.610913946875
4 0.0494458 0.5467648374999999 0.06634375 0.5264851625 0.06280029375 0.4896513359375 0.036091309375000005 0.4718546 0.01183545 0.483442878125 0.006929687499999999 0.4975140953125 0.012925292187500001 0.5517307125 0.0494458 0.5467648374999999
2 0.028187499999999997 0.6063612765624999 0.0459028328125 0.6365734421875 0.23150390625 0.6361594953124999 0.2663891609375 0.6291238875 0.27293017656249996 0.564146884375 0.264208496875 0.5318657265625 0.07261181718750001 0.5215185453125 0.0415424796875 0.5637329375 0.0159233390625 0.5649747781250001 0.00556689375 0.5653887234375 0.006111815625 0.59766988125 0.028187499999999997 0.6063612765624999
2 0.316849121875 0.627054896875 0.3312939453125 0.6320207718749999 0.35827539062499997 0.6204324921875 0.3937055671875 0.5811157265625 0.40433496093750004 0.542212165625 0.387982421875 0.52979599375 0.35554980468749997 0.54510905 0.3182119140625 0.564146884375 0.3089453125 0.588979228125 0.29749853593750003 0.5960148375000001 0.297226075 0.6191913953125 0.316849121875 0.627054896875
2 0.27268798906249997 0.9157752218749999 0.31438720625 0.8930126109375 0.3323745109375 0.87190504375 0.32883154375 0.8425207718750001 0.3010327140625 0.7212581609375001 0.2756860359375 0.653408753125 0.255790528125 0.6335430265625 0.2252866203125 0.6373397625 0.2293540046875 0.6732804156250001 0.22908154375 0.720461425 0.24734179687500002 0.8144087531249999 0.27268798906249997 0.9157752218749999
13 0.32937695312500004 0.8553249265625 0.33128466875 0.8809844218749999 0.375708984375 0.85946365 0.39969238281249997 0.8280600890625 0.39451416093749997 0.7539777453125 0.402962890625 0.7452870921875 0.3931513671875 0.7055556375 0.3699853515625 0.6894146890624999 0.3432763671875 0.70638353125 0.3070283203125 0.7303879828125 0.30239501875 0.7353034125 0.319837890625 0.8002804156250001 0.32937695312500004 0.8553249265625
16 0.47731640625000005 0.7000356078125 0.5149272453125 0.7219703265625 0.5468149421875 0.7567351625 0.5853857421875001 0.8051224031249999 0.6017382812500001 0.80636424375 0.61127734375 0.7823597921875 0.60419140625 0.75007789375 0.5723041984374999 0.685100890625 0.52569921875 0.601086053125 0.3993696296875 0.6317470328125 0.3868330078125 0.6818249265625 0.4181752921875 0.6797559343749999 0.4405234375 0.699207715625 0.47731640625000005 0.7000356078125
2 0.256346190625 0.9778716624999999 0.3092192375 1 0.3353833 0.9923568250000001 0.3580043953125 0.9758026703124999 0.402701171875 0.9795274484375 0.461842284375 0.9629725515625 0.478194825 0.953040059375 0.4779223640625 0.89468471875 0.462115234375 0.8433649859375001 0.32965966875 0.8839243328125 0.2972275390625 0.9037893171875 0.265154296875 0.9202047484375001 0.245717284375 0.9567648375 0.231544921875 0.956350890625 0.2405385734375 0.990287834375 0.256346190625 0.9778716624999999
2 0.3273403328125 0.9992581609375 0.3829384765625 0.9992581609375 0.39871484375 0.99348813125 0.3611352546875 0.9692663203125 0.3507788078125 0.9758879828125 0.3273403328125 0.9992581609375
9 0 0.3130259640625 0.009460449999999999 0.3102818984375 0.051472168750000005 0.27323887187499996 0.02665625 0.19923293749999998 0 0.23825370937499998 0 0.3130259640625
2 0.153360840625 0.2952551921875 0.2881840828125 0.1751424328125 0.274180175 0.13604154375 0.2421069328125 0.0818479234375 0.131430175 0.2094421359375 0.07974316406250001 0.2541461421875 0.0643681640625 0.311032640625 0.10412158281249999 0.3268100890625 0.153360840625 0.2952551921875
2 0.3627524421875 0.1043976265625 0.345134765625 0.0447166171875 0.3005615234375 0.08940578593750001 0.28505322187500004 0.11125741874999999 0.31260937499999997 0.164078634375 0.3627524421875 0.1043976265625
9 0.0724658203125 0.39007789375 0.0873735359375 0.49160459999999995 0.15152050781249998 0.5307054890625 0.260841796875 0.5183575671875 0.2821870109375 0.5732366468750001 0.4836020515625 0.4690660234375 0.50302685625 0.436824184375 0.4957993171875 0.3599933234375 0.48902295 0.2845348671875 0.4700498046875 0.210448071875 0.458756346875 0.1809510390625 0.4068061515625 0.0883427296875 0.382450684375 0.10141839687500001 0.2585830078125 0.2089777453125 0.0968598640625 0.3475467359375 0.0724658203125 0.39007789375
5 0.5981435546875 0.221695103125 0.642865721875 0.20591765624999997 0.6803598640625 0.17641988125000002 0.7006884765625 0.14897997031250002 0.7137890625 0.17024629062500002 0.7259858390625 0.166129821875 0.7458623046875 0.1798501484375 0.7454106453125 0.2024873890625 0.7234375 0.2237010390625 0.7385942375 0.24113798281249998 0.768908203125 0.211146884375 0.760640625 0.1930126109375 0.7670708015625001 0.1679035609375 0.753993653125 0.12291246250000001 0.7332138671874999 0.0989035609375 0.7056577140625 0.0934154296875 0.673583984375 0.09684495625 0.5859462890625 0.14486424375 0.5466450203125001 0.146236646875 0.4807177734375 0.1777818984375 0.4707524421875 0.1935697328125 0.5023745125 0.210719584375 0.5981435546875 0.221695103125
2 0.7503798828125 0.188081603125 0.7363759765625 0.17093175 0.7183061515625 0.1832796734375 0.6898466796875 0.1729896140625 0.612599121875 0.223066765625 0.6469311515625 0.2628546 0.668614746875 0.28960756718749997 0.70972314375 0.24982047500000001 0.7241787109375 0.21826483749999998 0.744507325 0.2018011875 0.7503798828125 0.188081603125
10 0.7923984374999999 0.35209940624999997 0.7996259765625 0.3081958453125 0.8244716796875 0.2492010390625 0.824923340625 0.211471809375 0.8018847656249999 0.1881483671875 0.7716181640625 0.20666988125 0.750837890625 0.230679525 0.7174091796875001 0.25263130624999997 0.6844321296875 0.2951624625 0.6717836921875 0.3047663203125 0.6726870125 0.31848590468750004 0.708826171875 0.36787685468750003 0.7390927734375 0.38982863437500004 0.7743286125 0.38502670625 0.7923984374999999 0.35209940624999997
2 0.6959462890625 0 0.661438965625 0.008751484375 0.68264453125 0.0409799703125 0.7607836921875 0 0.6959462890625 0
16 0.8542939453124999 0.198668396875 0.8588115234375 0.256977003125 0.8402900390625 0.30088056406249997 0.8100234374999999 0.3804784859375 0.7657529296875001 0.3976283375 0.7499418953125 0.40243026718749997 0.7070268546875 0.37156083125 0.693474609375 0.42095177968749997 0.6821811515625 0.46005341250000004 0.62255126875 0.4621112765625 0.623454590625 0.5142462906249999 0.657787109375 0.5759851625 0.6401689453125 0.623408753125 0.6713393562500001 0.713272996875 0.7481352546875 0.6707418390625 0.799181640625 0.656336053125 0.9100952156250001 0.6080482203125 0.994333496875 0.5747032640625 0.99951171875 0.5623560828125 0.99951171875 0.48815504374999996 0.9845166015625001 0.43190430312499994 0.9858720703125 0.38800074218749997 0.9858720703125 0.358503709375 0.913257325 0.2125044515625 0.8680771484375001 0.1438063796875 0.8238066406250001 0.069719584375 0.780439453125 0.0086669140625 0.7443002937500001 0.034734421875 0.678381346875 0.07653560781249999 0.7237412109375 0.0923397625 0.795567871875 0.10331602343749999 0.8240273437500001 0.126639465625 0.8542939453124999 0.198668396875
