9 0.8218599421875 0.51671151875 0.7950725953125 0.5041162328125 0.785701521875 0.515932915625 0.7780876421875 0.536821328125 0.7604628359375 0.6003733390625 0.8092182421875 0.619699934375 0.8192394109375 0.6053575828125 0.8232288234375 0.5835829640625 0.8523736906250001 0.5786513281250001 0.8543167875 0.5433781984375 0.8218599421875 0.51671151875
9 0.72421725625 0.4970829890625 0.686081375 0.49561582968750006 0.6759469203124999 0.5004583796875 0.6705000171875 0.5210949609375 0.6718632999999999 0.5524161234375 0.6720607281250001 0.571004640625 0.696834653125 0.5548038390625 0.7281809765625 0.5774145890625 0.74607294375 0.604686625 0.75652811875 0.5295474328124999 0.72421725625 0.4970829890625
9 0.755876059375 0.539927584375 0.7401522890625001 0.6146083578125 0.7532019640625001 0.6120424609375 0.7604497890624999 0.60533496875 0.7806460328125 0.5394354546875 0.757218496875 0.53942029375 0.755876059375 0.539927584375
9 0.7393425437500001 0.6051870234375001 0.736590603125 0.585537478125 0.7119723296875 0.5566687015625 0.688286096875 0.5529511671875 0.668650228125 0.5716863078125 0.6533451765625 0.589291475 0.6547219796875 0.6247458734375 0.657544959375 0.64935116875 0.6765398874999999 0.652983334375 0.701812184375 0.6636174734375 0.7246644375 0.6554056921875 0.7372000546875 0.629726121875 0.7393425437500001 0.6051870234375001
9 0.6518527609375 0.5236686234375 0.636540165625 0.513578290625 0.6133141640625001 0.5164423671875 0.5921190140625 0.5365265 0.588330978125 0.5611809625 0.5942572125 0.586809215625 0.6027532875 0.609777853125 0.6096501953125 0.6216969234375 0.651313253125 0.6026617453124999 0.6622187921875 0.57337599375 0.659944334375 0.548732340625 0.6518527609375 0.5236686234375
10 0.23841303281249998 0.6385620515625 0.21936451875000001 0.6183984031249999 0.12282009218750001 0.6408578406250001 0.1250886125 0.689064353125 0.14290219843750002 0.683685121875 0.18029391875 0.6700513156250001 0.186238421875 0.636465465625 0.22152539999999998 0.6518788078125 0.21911469687500001 0.6668185156249999 0.23553612968749998 0.6565384140625 0.23841303281249998 0.6385620515625
10 0.227288828125 0.7443379828125 0.2418783484375 0.759853015625 0.24238658750000003 0.7474161265625 0.2576878640625 0.7455193203125 0.2616539109375 0.758883590625 0.27960952968749997 0.76341526875 0.2881557546875 0.7595106125 0.29134906875 0.746059128125 0.31496646875 0.736967009375 0.315061190625 0.6476704328125 0.315673165625 0.6248917328125 0.282441284375 0.638376925 0.2175615765625 0.680117803125 0.227958340625 0.7223820953125 0.227288828125 0.7443379828125
10 0.28128628437500003 0.552848021875 0.27615001562499997 0.54245950625 0.22664579375 0.5397056234375001 0.22615932343749998 0.556702875 0.2338904296875 0.5805515421874999 0.2300254421875 0.6238134109375 0.2370814390625 0.6340676843749999 0.2400124640625 0.5735096546875 0.24973070156250002 0.5587750671875 0.2756705453125 0.555307803125 0.28128628437500003 0.552848021875
10 0.2360705546875 0.65343359375 0.26039647499999996 0.65594025625 0.27651913906250003 0.654324725 0.2718115046875 0.6342866046875 0.2926787546875 0.625706753125 0.28815255781250004 0.5627235734375 0.2652780765625 0.5548097375000001 0.24422767343750001 0.5590259390625001 0.2383997984375 0.5663856734375 0.2360705546875 0.65343359375
10 0.2888843734375 0.553506665625 0.2736288859375 0.555122275 0.27310424843750003 0.558086221875 0.28683120156249997 0.5642612984375 0.2925329015625 0.6266134359375 0.3225798421875 0.614998971875 0.3189525046875 0.5596367390625 0.298447890625 0.5524721234375 0.2888843734375 0.553506665625
10 0.37051219999999996 0.47225868125000003 0.3694699125 0.4765392609375 0.3167495 0.4935811078125 0.30781929375 0.49146135468749996 0.309743215625 0.5119998046875 0.384951175 0.492105040625 0.3958132015625 0.5096400578125 0.4020230171875 0.50774234375 0.38981062187500004 0.47438501093749996 0.3898583140625 0.462855975 0.3795555421875 0.45680755156249997 0.37051219999999996 0.47225868125000003
10 0.34505677968750004 0.5338378703125 0.4091799921875 0.5176451890625 0.404774865625 0.50697636875 0.39481580156249996 0.5058431984375 0.38389514375 0.49270302499999996 0.3065348390625 0.5114675625 0.3025889296875 0.5037635390624999 0.2993293609375 0.5095932984375 0.3035534203125 0.5543030390625 0.31848221875 0.5567349234375001 0.319813784375 0.57403275 0.332893959375 0.5604947078125 0.3304224140625 0.5321277046875 0.3341217828125 0.5274675609374999 0.34505677968750004 0.5338378703125
10 0.3338829171875 0.5597856328125 0.3277760078125 0.5679684984375 0.323165446875 0.594466896875 0.320565378125 0.6127459421875 0.328486359375 0.6151005625 0.346249215625 0.6103034859375 0.3646776546875 0.6057833968749999 0.402515278125 0.6015216609375 0.4096925140625 0.5994039078125 0.4104213875 0.572853709375 0.419090846875 0.56126020625 0.427296725 0.5522841 0.42634335781250005 0.529406215625 0.4321113078125 0.522539690625 0.43172616093749994 0.5172984453125 0.4276569171875 0.5112174281249999 0.412648453125 0.512266921875 0.41030045625 0.51566255625 0.3459754140625 0.5324408125 0.34180120468749997 0.5282086171875 0.33108104374999997 0.52895824375 0.3338829171875 0.5597856328125
9 0.40076631249999994 0.5988277171874999 0.3889502234375 0.559258665625 0.37753911875 0.525478315625 0.3759571625 0.533668 0.3854161984375 0.567261915625 0.39453645000000004 0.6021718625 0.39937786875 0.6005406796874999 0.40076631249999994 0.5988277171874999
9 0.395918996875 0.61878334375 0.38383431562500003 0.6154272375 0.32917105156250004 0.6224811124999999 0.31665603125 0.6252953546875 0.31506354375 0.63025403125 0.31350573125 0.632625303125 0.31515909531249997 0.699403934375 0.316702925 0.7522944390624999 0.330006678125 0.75459589375 0.3633655703125 0.7448303203125 0.4054222125 0.7454444125 0.3994629640625 0.6602231796875 0.395918996875 0.61878334375
9 0.3946266515625 0.6256601374999999 0.3971662984375 0.66813960625 0.40594884999999997 0.7444378859375 0.42535951250000004 0.7385564734375001 0.43032533749999996 0.735623953125 0.4934418375 0.7231313546875 0.48227559218750005 0.612744703125 0.468091728125 0.6101815562499999 0.469818953125 0.6071525656250001 0.4671683 0.60313676875 0.39923430625 0.61144185625 0.3912547484375 0.617493628125 0.3946266515625 0.6256601374999999
9 0.40797816875 0.577014978125 0.4116498421875 0.6048733296875 0.420523128125 0.59003383125 0.43546122499999995 0.55408773125 0.435556459375 0.54896260625 0.41399658125 0.56140570625 0.40797816875 0.577014978125
10 0.5117481296874999 0.5727371296875 0.5052861546875 0.5573541046875 0.4966199953125 0.5566674609375 0.49259429375 0.5453149265625 0.486384234375 0.5150490953125 0.4697865640625 0.508776825 0.45570463125 0.5045909765625 0.43730140000000006 0.543364659375 0.41950677968749994 0.584681059375 0.40999930625000003 0.60893660625 0.43429470156249994 0.6082071124999999 0.46169380000000004 0.605645009375 0.47207374687500003 0.6123517671875 0.48393499375 0.6063517968750001 0.5117481296874999 0.5727371296875
10 0.5063140265625 0.6527853546875 0.5498624578125 0.6439231328125 0.557165946875 0.63436395625 0.5607975640625 0.5969464390625 0.575999540625 0.589420221875 0.5764554796875 0.5712914062500001 0.5675074859375 0.569654771875 0.5637980765624999 0.55666454375 0.5501184359375 0.5243357609375 0.5541486531250001 0.5172675156250001 0.5512745671875 0.5038956421874999 0.5394700703125 0.507629603125 0.5332162625 0.51679214375 0.5203278265625 0.5235104125000001 0.5110708140625 0.5390232125 0.5074662062499999 0.5583416109375 0.5112189515625001 0.5781152328125 0.49570070624999996 0.5872794359375 0.4839830765625 0.604580171875 0.4930222578125 0.64757485 0.5063140265625 0.6527853546875
9 0.49020955781250003 0.6566494546875 0.494717515625 0.545489690625 0.5037690515625 0.5393629578125 0.502544203125 0.5187663984374999 0.4907535171875 0.5134509265625 0.4922830625 0.48910678281250003 0.48723925 0.48784360937500004 0.48755408593749994 0.492345975 0.48621803437500005 0.5102131 0.47494292812500005 0.5184344249999999 0.47469969375 0.5426883250000001 0.48152785624999994 0.538656171875 0.48445474375 0.52197044375 0.485228190625 0.5422753328125001 0.482276615625 0.6572041796875 0.49020955781250003 0.6566494546875
9 0.519714575 0.53630913125 0.5321862625 0.5267114937499999 0.5256132953125 0.5035804015625 0.516708659375 0.50872745625 0.5126516078125001 0.48768247656249997 0.50748484375 0.48158058125 0.5077501578125 0.5038601093749999 0.50773654375 0.512909528125 0.4979984078125 0.512297846875 0.4953067390625 0.5354306156249999 0.5090963265624999 0.535435759375 0.5235925953125 0.64106546875 0.5324194421875 0.6317227046875 0.519714575 0.53630913125
9 0.5383963109375001 0.64130864375 0.5362380109375 0.6303612734375 0.51430406875 0.6421409046875 0.516418028125 0.6531604296875 0.5356769921875 0.6497245953124999 0.5383963109375001 0.64130864375
9 0.2116684296875 0.69869558125 0.20703126875 0.6793248953125001 0.2091580171875 0.677621321875 0.2174854671875 0.6682280578124999 0.2215794984375 0.652652453125 0.1870621328125 0.6358893812499999 0.180446590625 0.674705209375 0.1913790109375 0.7050381671875 0.2092281515625 0.7055378359375 0.2091964375 0.7053471078125 0.210031221875 0.705055409375 0.2116684296875 0.69869558125
