4 0.29945774375 0.85365956875 0.2945377546875 0.8183774312500001 0.2916407109375 0.7266870296875 0.1350043890625 0.7758855421875 0.12036687343750001 0.8311961468750001 0.1162221421875 0.8882539796875 0.1817394125 0.913403703125 0.28947900625 0.8773649796875 0.29945774375 0.85365956875
10 0 0.5449497812499999 0.10741633125000001 0.5369952640625 0.19409640625 0.5333594890625 0.1951384640625 0.5226280765625 0.1946743453125 0.50780361875 0.1666126671875 0.433172778125 0.0229933984375 0.3950323 0.0039928671875000005 0.3969287015625 0 0.4073304765625 0 0.5449497812499999
9 0.2313579984375 0.449458484375 0.2621826140625 0.4480172359375 0.27294468437499997 0.4245598390625 0.2722128203125 0.3668753359375 0.1720354015625 0.40456357968749995 0.17056734375 0.41805443281250004 0.1825666 0.456495965625 0.2313579984375 0.449458484375
9 0.09913305 0.4023757296875 0.097858903125 0.41281830937499997 0.119143446875 0.41994753281249997 0.1632496453125 0.36769435 0.1247503703125 0.3559910140625 0.09913305 0.4023757296875
5 0.3964315671875 0.27394505625 0.44378856562499996 0.2864862921875 0.49322755625000003 0.2032407671875 0.48109593281249996 0.17677465781249999 0.46984096875 0.1656893875 0.4517724453125 0.142968775 0.415082428125 0.154064753125 0.40497861406249996 0.14732695 0.3581455703125 0.1534026328125 0.267091321875 0.17556254843750002 0.181833771875 0.2139895609375 0.16952428749999998 0.22456113281249998 0.11974669843750001 0.244591803125 0.10553845937499999 0.33027362656250003 0.11164377968750001 0.3540394078125 0.144881975 0.3592820484375 0.16094395156250002 0.37033293437500003 0.20243517031249997 0.3599524828125 0.21762178593749998 0.3402260515625 0.23552318749999998 0.32003890625000003 0.267742546875 0.2970794609375 0.28503976875000003 0.27534560625000004 0.3118362765625 0.2848796796875 0.3964315671875 0.27394505625
9 0.6811120703125 0.695056359375 0.7072089218750001 0.6505802328125 0.8142853921875 0.654476115625 0.8276592624999999 0.6299199765625 0.70422595 0.613499871875 0.6939605703125 0.6182031515624999 0.6549777812500001 0.6066215078125 0.6327656640625 0.6101213109375 0.6938781609375 0.5640530874999999 0.665521925 0.498495121875 0.60983425 0.5221228124999999 0.594446846875 0.5195985890625 0.573646571875 0.5157479703125001 0.5613630234375 0.510281346875 0.5348402125 0.4809329921875 0.5109233078125001 0.4492032328125 0.50445816875 0.4403326734375 0.5015254078125 0.42079183125 0.4654804921875 0.41184075625 0.4477858890625 0.4476527859375 0.43973723906249995 0.47890422499999996 0.4423849515625 0.50359771875 0.44364357187500003 0.5326432624999999 0.43218919062500005 0.54778888125 0.4104798890625 0.533818046875 0.3944873140625 0.5460948640625001 0.3650451890625 0.5603483875 0.3426339125 0.573919084375 0.33136896875 0.5966537265625 0.3195608125 0.6259454765625 0.326152225 0.6506492609375 0.36176041406250004 0.6947592609375 0.39209486718750003 0.6928737765624999 0.4367407703125 0.6728055421875 0.44661153750000004 0.65517240625 0.48213484375000004 0.6353608515625 0.50064883125 0.64810511875 0.5614435359375001 0.6601671921875 0.5812092078125 0.654224734375 0.5850224203125001 0.6872638531249999 0.5923615453125 0.7054839109375 0.6106241375 0.7188830875 0.623439275 0.7192924265625 0.61673341875 0.6934172281250001 0.598940196875 0.6993646984375 0.6102685671875 0.6753783921875 0.6284397015625001 0.6846086031249999 0.6811120703125 0.695056359375
10 1 0.3899417015625 0.956283234375 0.34542244375000003 0.909084696875 0.3055905234375 0.8771206687499999 0.2948242375 0.8728450125 0.2898005171875 0.8635330031249999 0.26630735781250003 0.8475569171874999 0.26017471406250003 0.84217793125 0.2543513953125 0.810066053125 0.24691080156249998 0.808522125 0.23917790781249998 0.7949982953125 0.23473800625000002 0.74750214375 0.36214215312500003 0.71964618125 0.4435252828125 0.6931436718749999 0.48024231874999995 0.6700868390625 0.49769906875 0.6869786703125 0.5455240171875 0.669637878125 0.5730665953125 0.6328004625 0.603649265625 0.64029975 0.606151903125 0.6921821703125 0.5907403984374999 0.7320034625 0.556448590625 0.7778936109375 0.48612199375 0.8099739078124999 0.5627022390625 0.8297397999999999 0.572919959375 0.8569376640625 0.6107951609375 0.867094165625 0.60417119375 0.947469025 0.54926603125 0.9627299078125 0.5359576640625 0.9879028875 0.532090875 1 0.5459569859375 1 0.3899417015625
9 0.9212254078125 0.3109189078125 0.94681620625 0.333144603125 0.9595055234375 0.333881715625 0.9602857281249999 0.26352661093749996 0.9589595546874999 0.25963509375 0.872330071875 0.2737346859375 0.869027059375 0.2867479796875 0.890638859375 0.2972989390625 0.9212254078125 0.3109189078125
5 0.7160110171875 0.45399587812500003 0.8045275140625 0.21490829687500002 0.7998588953125 0.20850382031249998 0.7046085828125 0.15522596093750002 0.6755912625 0.070826496875 0.6343159093749999 0.125964753125 0.5989349765624999 0.1869873640625 0.5470184234375 0.3108999234375 0.6104504296875 0.3410439078125 0.5500164 0.3540609859375 0.4931323640625 0.4314561515625 0.572727365625 0.52285143125 0.6918317140625 0.4787568234375 0.7160110171875 0.45399587812500003
9 0.54947976875 0.300555284375 0.6017373171875 0.1824702984375 0.5911760140625 0.1854342421875 0.5543287765625 0.188281171875 0.526189796875 0.192992940625 0.49564123281250005 0.21192431250000002 0.49075457499999997 0.23331883125 0.4837105890625 0.25166904375 0.49510935624999997 0.2660178296875 0.5112563484375 0.3091530203125 0.5453804046874999 0.3458918390625 0.5776269671875001 0.3586396203125 0.589293740625 0.3217480265625 0.54947976875 0.300555284375
