5 0.11962744218750002 0.635695740625 0.1307036125 0.6639966187499999 0.1378037109375 0.6734300203125 0.163931640625 0.6588870859375 0.17387158125 0.6714651796875 0.1886396484375 0.724135903125 0.251403809375 0.6915118328125 0.2832119140625 0.65574239375 0.264751953125 0.6329445578125 0.259923828125 0.6003198109375 0.2443037109375 0.5535442859375 0.1750078125 0.5963887765625 0.15853564375 0.609360378125 0.1199116203125 0.6030709937500001 0.11082373125 0.6073948609375 0.0991298828125 0.599412440625 0.0545913078125 0.6384469234375 0.0642475578125 0.6474874921875 0.099463378125 0.6384469234375 0.11962744218750002 0.635695740625
11 0.44992187499999997 0.7800385390625 0.44272216875000003 0.7639452328125 0.43386474531249997 0.776863421875 0.439056153125 0.7880588234375 0.44871435625 0.7903982421875 0.44992187499999997 0.7800385390625
11 0.5453623046875 0.7710662609375001 0.5393090828125 0.7870365109375 0.562576171875 0.789654496875 0.563900390625 0.76687694375 0.5453623046875 0.7710662609375001
10 0.7137915046875001 0.7063407703125 0.7181796874999999 0.6977025015625 0.692884278125 0.6810628796875 0.6844375 0.6848796484374999 0.6724423828125 0.7113346859375 0.7004311515625 0.728881 0.7137915046875001 0.7063407703125
2 0.79711279375 0.71079445625 0.8089130859375 0.709714671875 0.8218833015625 0.7024259640625 0.8144716796875 0.6866342125 0.7771298828125001 0.6881534828125 0.7735126953125 0.6896037859375 0.7778037109375 0.707285328125 0.79711279375 0.71079445625
2 0.7581259765625 0.698672075 0.7641723625 0.707580121875 0.774216796875 0.69772751875 0.7722666015625 0.6907085875 0.7682680671875 0.6851744421875 0.7580283203125 0.6664131171875 0.74730126875 0.654535496875 0.7399868171875 0.6441426640625 0.736476075 0.6473820156250001 0.7396943359375 0.65872008125 0.7420351562499999 0.6674929 0.7581259765625 0.698672075
16 0.6232465828125 0.5478735625 0.6377094734375001 0.552656525 0.64129296875 0.54822785625 0.642061034375 0.5329932390625001 0.6363012703125001 0.5230736984375 0.6267021484375 0.5151020953125001 0.610959471875 0.5193536171875001 0.6067358406250001 0.5269709265625 0.6108315421875 0.544507775 0.6232465828125 0.5478735625
9 0.7024506828125 0.585576065625 0.703060059375 0.6177079109375 0.7127875968749999 0.6045990531250001 0.7135551765625 0.5817478031250001 0.7113793937499999 0.5613759296875 0.703828125 0.5507478031249999 0.687829590625 0.5374617984375 0.6706791984375 0.5339188640625 0.655107421875 0.536014875 0.64383154375 0.5561703859375 0.66661376875 0.55103313125 0.6911875000000001 0.5623705203125 0.7024506828125 0.585576065625
2 0.724126465625 0.5933610546875 0.728142578125 0.5977437453125 0.7354799796875 0.5962474640625001 0.7431264640624999 0.5935747124999999 0.74899658125 0.5889783640624999 0.7518544921875 0.5850229890625 0.7536308593750001 0.5828850578125 0.749923340625 0.578181203125 0.745752440625 0.5786091953125 0.738337890625 0.5783948609375 0.7235083 0.5851298171875 0.724126465625 0.5933610546875
9 0.4809682609375 0.1808465171875 0.47307421875 0.1960398921875 0.4588901359375 0.1987714671875 0.4685107421875 0.214647734375 0.48269531250000003 0.20704124375 0.4987299796875 0.1534374578125 0.5034169921875 0.123050709375 0.48947900312500003 0.11707572656250001 0.4798583984375 0.1341467203125 0.47973486249999997 0.151218390625 0.483805175 0.150535496875 0.49280908125 0.1309033125 0.4952763671875 0.129803921875 0.4971264640625 0.137656525 0.4809682609375 0.1808465171875
5 0.8562705078124999 0.4366930359375 0.8702099609375 0.4611615953125 0.8844892578125 0.465867478125 0.8951987296875 0.4505740359375 0.8921391609375 0.439281271875 0.8761596687500001 0.4089303578125 0.85916015625 0.40398918124999994 0.8270317390624999 0.3766970921875 0.8197221671875001 0.3823441515625 0.8183623046875 0.388225828125 0.7908232421875 0.381402975 0.7850434578125001 0.3936375921875 0.8086723640625 0.40634212343750004 0.8328115234375 0.42492900625 0.8562705078124999 0.4366930359375
9 0.9154892578125 0.403192021875 0.9319814453124999 0.4026037859375 0.9477939453124999 0.40895740312499995 0.9519594734375 0.41554699062499995 0.9561249999999999 0.4149580796875 0.9590151375 0.406722109375 0.9734672859375 0.406957403125 0.9686215828125 0.396367815625 0.9530644531249999 0.37295334687500004 0.9352119140624999 0.3708357 0.9240200203125 0.3697153484375 0.91268359375 0.39225016875 0.899591796875 0.3914259640625 0.9002719718750001 0.39848613906249997 0.9154892578125 0.403192021875
9 0.062198729687499996 0.8323786343749999 0.052668456249999995 0.8130324546875001 0.0416552734375 0.804531440625 0.03127734375 0.8062907375 0.0058623046875 0.817136578125 0.0219584953125 0.8458627453125 0.0416552734375 0.8505530765625 0.062198729687499996 0.8323786343749999
