10 0.6398946765625 0.936179784375 0.6249270828125 0.9926959875 0.9435995374999999 0.9972669749999999 0.9454710640625 0.9648533953125 0.8301006937500001 0.87176851875 0.7608773140625 0.858885803125 0.656108796875 0.87924845625 0.6660868062499999 0.8925462968750001 0.66858101875 0.9054290125 0.6398946765625 0.936179784375
2 0.3623553234375 0.9835540125 0.37108564843749997 0.9990509265625 0.5039178234375 0.99697299375 0.547571759375 0.9882461421875 0.6367499999999999 0.942534721875 0.6548356484375 0.910536265625 0.6654375 0.8993163578125 0.6417395828125 0.8858973765625 0.6105578703125001 0.8942083328124999 0.5612916671875 0.8950393515625 0.4571458328125 0.9532175921875 0.3623553234375 0.9835540125
10 0.6629421296875 0.87978549375 0.7140798609375001 0.8635787031250001 0.71906944375 0.8299182093749999 0.6392453703125 0.7975046296875 0.57688194375 0.8423850312500001 0.5949675921875001 0.8556828703124999 0.6317615734375 0.8872654328125 0.6629421296875 0.87978549375
10 0.62735648125 0.8961913578124999 0.6329687500000001 0.8716736109375001 0.32864004687500004 0.7590570984375 0.3186620375 0.7706929015624999 0.4209363421875 0.8201728390625 0.3404884265625 0.860482253125 0.24445023125 0.9145046296875 0.282490740625 0.948580246875 0.28729844843749996 0.9985648671874999 0.35732638906249997 0.9992283953125 0.3654328703125 0.985536265625 0.44151620312500006 0.9635115734375 0.5051249999999999 0.9256959874999999 0.5275763890625 0.8849714499999999 0.62735648125 0.8961913578124999
4 0.177722221875 0.932760803125 0.1696145828125 0.9315138890625001 0.14716435156250002 0.9389938265625 0.13581712968749998 0.9507708328125 0.1346921296875 0.9680833328125 0.17086226875 0.97306944375 0.1845821765625 0.950213734375 0.177722221875 0.932760803125
10 0.143422453125 0.9401682093750001 0.16337847187500001 0.9297793203125 0.16337847187500001 0.90276851875 0.16213194375 0.8616280859375 0.1003923609375 0.7814251546875 0.0860486109375 0.773945215625 0.11660648124999999 0.929364196875 0.143422453125 0.9401682093750001
2 0.21888194374999997 0.9992283953125 0.26191203750000003 0.9942893515625 0.282490740625 0.9793294749999999 0.282490740625 0.9469158953125 0.24195601875 0.9153333328125 0.2494386578125 0.8999575625 0.22200000000000003 0.8638040124999999 0.19585069375 0.858250771875 0.177722221875 0.8581242281250001 0.16525 0.8780709874999999 0.183334490625 0.9474691359375 0.21888194374999997 0.9992283953125
5 0.1875671296875 0.8319675921874999 0.2648923609375 0.8788094140625 0.34397569375 0.8682700625 0.36770023125 0.8413356484375001 0.3633067125 0.8038618828124999 0.3369456015625 0.7751705249999999 0.32112962968750003 0.7652168203125 0.3641851859375 0.7687299375000001 0.36857870312499996 0.7693155859374999 0.3808807875 0.7593618828124999 0.38263773125 0.7359405859375 0.3483692125 0.7230586421874999 0.24556134218749998 0.6773873453125 0.199059028125 0.673928240625 0.11990624999999999 0.7230586421874999 0.0812442125 0.741795525 0.11902777812500001 0.8021049375 0.1875671296875 0.8319675921874999
9 0.785109953125 0.7827824078125001 0.49601851874999997 0.77107253125 0.38354398125 0.778098765625 0.48810995312500005 0.8149868828125 0.57510069375 0.8296250000000001 0.6322164359375 0.8015200625000001 0.7192083328125001 0.8360663578124999 0.850134259375 0.8583163578124999 0.925702546875 0.855973765625 0.908128471875 0.8384081796875 0.785109953125 0.7827824078125001
16 0.34296990781250003 0.6871111109375 0.385516203125 0.7704336421875 0.415391203125 0.7634074078124999 0.3767291671875 0.6796759265625 0.34296990781250003 0.6871111109375
16 0.5305011578125 0.7068418203125 0.46811342656250005 0.7718356484375 0.4962326390625 0.7776913578125 0.5603773140625 0.71855246875 0.5305011578125 0.7068418203125
2 0.34038888906250003 0.652705246875 0.3269351859375 0.651509259375 0.29688773125 0.6586820984374999 0.24755555624999998 0.67930246875 0.2870208328125 0.70111805625 0.336353009375 0.6733256171875001 0.34038888906250003 0.652705246875
9 0.2268078703125 0.5658379625000001 0.193172453125 0.5485046296875 0.1666354171875 0.5405748453125 0.16267592656250002 0.589446759375 0.21335416718750003 0.6061820984375 0.2321898140625 0.606480709375 0.2268078703125 0.5658379625000001
9 0.069215278125 0.46741203750000004 0.0811770828125 0.4555586421875 0.041871528125 0.45506250000000004 0.037625 0.45658024687500004 0.044065971875 0.4688425921875 0.069215278125 0.46741203750000004
