2 0.77033058125 0.152847221875 0.7824242296875 0.146359378125 0.7873129624999999 0.1297795765625 0.7314618046875 0.1396847078125 0.7294367484375 0.150800246875 0.74826359375 0.1546580734375 0.77033058125 0.152847221875
12 0.7157559765625 0.407661728125 0.7284603890625 0.391258309375 0.7716594031249999 0.3753859109375 0.788976778125 0.3338454125 0.780657490625 0.287075315625 0.7618581296875 0.2618463578125 0.7275286359375001 0.2246127671875 0.696396390625 0.22077660312499997 0.660660271875 0.17098315625 0.6459939718750001 0.1591640234375 0.53052894375 0.180813065625 0.5125669515625 0.3008438484375 0.55677103125 0.3705335359375 0.6682009812499999 0.40871575781249997 0.7157559765625 0.407661728125
10 0.7550074734375001 0.1751777984375 0.76331369375 0.1544215 0.7477553718750001 0.15403047187500002 0.7404049515625 0.1693360953125 0.7467651078124999 0.174837803125 0.7550074734375001 0.1751777984375
7 0.8095136046875 0.171049471875 0.8226559453125001 0.15754909687500002 0.8266634500000001 0.1483435484375 0.8054548484374999 0.1213354171875 0.792237140625 0.12918198281249998 0.7848412578125 0.1440043453125 0.7915696953125 0.16193819375000001 0.8095136046875 0.171049471875
12 0 0.5821671484375 0.02006975625 0.5356570375 0.060566515625 0.5206582796875 0.1438356828125 0.5099510656249999 0.2538103109375 0.465383040625 0.3055332609375 0.43128480937499997 0.3790094515625 0.21162715156249998 0.33828210625 0.187885671875 0.2960235859375 0.1943004046875 0.1557244515625 0.25452679843750003 0.06607330156249999 0.35715489375 0.0067764953125 0.4340897859375 0 0.44846176406250005 0 0.5821671484375
2 0.40884854531250003 0.22195385937499998 0.44587752187499996 0.2121160171875 0.45073002500000003 0.20566870625 0.45321940312500003 0.19257120156250002 0.45865184374999995 0.187668928125 0.45307132499999997 0.1745581453125 0.437350496875 0.1626084921875 0.40515947187499995 0.163491978125 0.37298291250000004 0.1668815859375 0.38204146250000004 0.189263896875 0.37941107500000004 0.2266525484375 0.3970566953125 0.226466053125 0.40884854531250003 0.22195385937499998
9 0.44580448749999996 0.320655753125 0.4574914578125 0.2985986921875 0.44356900625 0.212157703125 0.39011234687499996 0.2282461015625 0.3772043 0.23013700625000003 0.3466220859375 0.32340354531250004 0.44580448749999996 0.320655753125
12 0.44598774687500004 0.321010521875 0.34135883906250003 0.32615414375 0.32175717812500004 0.384337184375 0.3406064453125 0.38771048124999996 0.3471516296875 0.3713286484375 0.3618853734375 0.3679603171875 0.41561685 0.350137878125 0.401784196875 0.36788749374999996 0.4219666125 0.37622422499999997 0.5050804656250001 0.364829359375 0.5083546546875 0.27806228125 0.5205746328124999 0.2359301296875 0.5355347828125 0.2021575046875 0.5200854390625 0.1673215515625 0.4853981625 0.1460485078125 0.48417625781250007 0.1430086609375 0.48562550625 0.14687174375 0.4391065171875 0.15079496718750002 0.404352215625 0.1592949765625 0.4395577453125 0.1650363796875 0.45671384374999996 0.17834359375 0.45519659843750004 0.20425236249999998 0.456501175 0.2933566140625 0.44598774687500004 0.321010521875
4 0.3456824140625 0.367579190625 0.3484818140625 0.3859640734375 0.36969431406250003 0.4030368078125 0.3767497609375 0.403871575 0.38744108125 0.399243240625 0.41413385312499995 0.3509330703125 0.37987329375 0.36709190937499997 0.3456824140625 0.367579190625
4 0.47963775468750003 0.46914342812500004 0.48769161875 0.4595995421875 0.489360603125 0.3907538078125 0.486027109375 0.3853935671875 0.4699739125 0.379252890625 0.46458672187500005 0.391675 0.45237414062500003 0.3940090671875 0.44854432656250004 0.4489904671875 0.45293466718750003 0.4539980578125 0.45846993437499994 0.45958900625 0.46761271249999997 0.468806803125 0.47963775468750003 0.46914342812500004
4 0.416297603125 0.46805103125 0.44644537812499996 0.45925298124999997 0.4500991984375 0.45655968125 0.4553979640625 0.45703997812499997 0.448964171875 0.4511683171875 0.44896083593749997 0.430016053125 0.41695783906250006 0.4282294453125 0.3995142234375 0.428251365625 0.3937067015625 0.4384950265625 0.39333181875 0.45088658437499995 0.40632948124999996 0.46403507499999996 0.416297603125 0.46805103125
2 0.3593174125 0.40753383593750003 0.34328141562500003 0.4180016984375 0.36411726875 0.433364771875 0.3797922484375 0.43074474062499996 0.427004621875 0.413164709375 0.42908978906249995 0.4074468484375 0.46640696562499995 0.391330640625 0.4644937921875 0.3848212421875 0.4578276921875 0.37410103906250003 0.42247850312499996 0.3785492890625 0.4110323171875 0.37270725625 0.3970244234375 0.38153279218749997 0.3880885515625 0.40035373124999996 0.3787733796875 0.40336351718749996 0.3593174125 0.40753383593750003
10 0.3603502078125 0.43288911875 0.343281875 0.42051915937500006 0.36744374999999996 0.39893859531250003 0.3442026609375 0.383507584375 0.3202686734375 0.38173398281250004 0.29617173124999996 0.44154256406250003 0.21346807499999998 0.4808115453125 0.2814745421875 0.5743299046875 0.2934629703125 0.61650194375 0.3066288046875 0.5962703109375 0.33324766562499997 0.624580196875 0.3521651265625 0.6052318109375 0.371788584375 0.5606306 0.3630906484375 0.53040078125 0.40313264687499994 0.5201377046875 0.4106315703125 0.485858909375 0.46684494374999996 0.494736128125 0.48176631406250003 0.488698025 0.48037561406249996 0.487809528125 0.48196586874999997 0.46738146406250003 0.4573501140625 0.460619125 0.45149634687500007 0.456293425 0.433141309375 0.460579559375 0.41723421875 0.46540121718750005 0.41202158593749993 0.4796966375 0.3995602671875 0.46762531875 0.39244253906250004 0.442664028125 0.39419317187499997 0.42865424843750005 0.3603502078125 0.43288911875
4 0.3947473828125 0.4562864484375 0.396588628125 0.4643655875 0.41436786249999996 0.47968602968749996 0.42347905937499997 0.4697900953125 0.3947473828125 0.4562864484375
