2 0.350678165625 0.9167154359374999 0.3788323046875 0.9599444765625 0.398269021875 0.9639618734375001 0.40831178437500004 0.9711813171875001 0.418618846875 0.9658294765625 0.3742284109375 0.8971102453125 0.350678165625 0.9167154359374999
2 0.2718949921875 0.7522412796875 0.21725587656249998 0.737518375 0.22283155468750002 0.7542578765625 0.262648321875 0.7707077328125 0.2718949921875 0.7522412796875
2 0.1454474328125 0.426111075 0.072322965625 0.4479392328125 0.0656674546875 0.4755564328125 0.07908593281250001 0.4854104921875 0.08389972500000001 0.481200346875 0.0985015390625 0.47246967812499996 0.1153491625 0.4750701046875 0.1427965234375 0.45923219375 0.1583861484375 0.443437465625 0.1454474328125 0.426111075
2 0 0.2195365515625 0.0020451953125 0.22144550624999998 0.0098463921875 0.22112477187500001 0.014932346874999999 0.22529893437499998 0.0233479734375 0.21878428749999998 0.0167354859375 0.21013048437499998 0.0153772203125 0.19765530781250001 0 0.1872752640625 0 0.2195365515625
2 0.0598622078125 0.2549955765625 0.0454482640625 0.261385903125 0.039088771875 0.2701843265625 0.0640863875 0.2934941859375 0.07616812656250001 0.28974546874999996 0.09860405 0.290590209375 0.11513023124999999 0.25928046718750003 0.09127541875 0.242303815625 0.077901078125 0.23864722343749997 0.047541853125 0.216087615625 0.0339517921875 0.2210124484375 0.0357124171875 0.2372888390625 0.07135887656249999 0.23647740156250002 0.069743328125 0.2493048140625 0.0598622078125 0.2549955765625
2 0.10187262187499999 0.2344831234375 0.1698971640625 0.23248142187499998 0.17534332187499999 0.2277324296875 0.1856268015625 0.225842878125 0.1871960078125 0.2136000984375 0.1762280890625 0.215200271875 0.1699205140625 0.2101045015625 0.0964686984375 0.2077865828125 0.0930638578125 0.22530069218749998 0.10187262187499999 0.2344831234375
2 0.1455162375 0.30464478437500003 0.17103798125 0.30962252968750004 0.22070562656249998 0.2572785703125 0.22011593437500002 0.24109500156250002 0.21617696562500002 0.22994504375 0.1932545515625 0.229296859375 0.1693339734375 0.2366961546875 0.1406088484375 0.25113381874999996 0.121820725 0.276845065625 0.1455162375 0.30464478437500003
2 0.1267921578125 0.317193184375 0.13095511875000002 0.322589528125 0.1702170015625 0.32371523281250003 0.23141359062500003 0.306917759375 0.23677545625000002 0.29144411406250004 0.23081911718749998 0.27459765625 0.2034656671875 0.276305634375 0.165740159375 0.3119333265625 0.1351041734375 0.2942993859375 0.12337845 0.302433946875 0.11364278593749999 0.3077833921875 0.1153847828125 0.3184050015625 0.1267921578125 0.317193184375
2 0.22546178593750002 0.3086628921875 0.1857972859375 0.3184593671875 0.1878592453125 0.3255909703125 0.2175620703125 0.338185846875 0.26372584374999997 0.36200500625 0.2754006 0.35304096406249996 0.279784159375 0.33654660000000003 0.2683949734375 0.32869008593750004 0.2534941 0.32055385468750003 0.238504053125 0.31500225312499996 0.23811066093750002 0.3140285703125 0.22546178593750002 0.3086628921875
2 0.24118137968750003 0.2816428078125 0.24278770624999998 0.28071125937499997 0.2402450765625 0.27862403750000003 0.23440010781249998 0.31043133125 0.28027950156250003 0.335654625 0.2697290765625 0.3600195140625 0.2797875921875 0.3638831640625 0.286671646875 0.35147574062500003 0.2964020125 0.33068181874999997 0.290319125 0.3198321546875 0.2430356421875 0.282026259375 0.24118137968750003 0.2816428078125
2 0.18341393749999998 0.38550515937499996 0.17034831875 0.40154271875 0.1764454890625 0.416633746875 0.1951219171875 0.41544051875 0.196830590625 0.41660854062499997 0.20901100625 0.3983800234375 0.196099909375 0.38745798124999997 0.18341393749999998 0.38550515937499996
2 0.2530914375 0.3709224921875 0.24942516874999998 0.35343414375000004 0.24927999375 0.35377615625000003 0.23422444062499997 0.35787710625 0.2208029640625 0.384251240625 0.23777844374999998 0.3856036125 0.2530914375 0.3709224921875
10 0.262663934375 0.35936070625 0.24150188906249997 0.38971230625 0.3369755390625 0.4413510984375 0.364733134375 0.38833904375 0.34742976875 0.3763604390625 0.2887158171875 0.3474198890625 0.28076821406249997 0.3628056171875 0.262663934375 0.35936070625
2 0.0627142484375 0.47503654375000004 0.0541260078125 0.48813330937500005 0.039786695312499995 0.5024210359375 0.040390393749999996 0.5228452765625 0.05799345625 0.507522265625 0.0649479578125 0.5163212453125 0.0855575890625 0.49581972656250006 0.0822890578125 0.4807184765625 0.0742903296875 0.4805523046875 0.0627142484375 0.47503654375000004
2 0.54622719375 0.1481607125 0.5528144953125 0.07006642187499999 0.5419747375 0.0663351609375 0.518913759375 0.06348578593750001 0.5127551984375 0.1446513390625 0.519087603125 0.15831449687500002 0.5341866265624999 0.161542290625 0.54622719375 0.1481607125
2 0.43895104218750003 0.06943168749999999 0.42226898124999995 0.073333259375 0.4128912765625 0.1103774578125 0.450504046875 0.11047656875 0.46247505 0.0432996921875 0.44994464218749997 0.0564739203125 0.43895104218750003 0.06943168749999999
2 0.481578334375 0.0956032140625 0.46039527500000005 0.069284528125 0.45707507812500003 0.1002315921875 0.4671010171875 0.1113796328125 0.481578334375 0.0956032140625
2 0.4707788828125 0.1040222828125 0.479646196875 0.12396156093749999 0.5158049328125001 0.0774985734375 0.5106162046875 0.0680547953125 0.48969482343750004 0.07853548593750001 0.4707788828125 0.1040222828125
2 0.389993278125 0.1245137390625 0.380816909375 0.11686513437499998 0.35120266093749997 0.138968778125 0.3746695078125 0.14751426406249998 0.389993278125 0.1245137390625
16 0.3834905921875 0.139639403125 0.3996515953125 0.17544726718749998 0.40764386874999997 0.1812501 0.45205758593749995 0.17515998906250002 0.482882121875 0.16129493125 0.49071120468749996 0.147124425 0.4834198515625 0.11789430468749999 0.4695362546875 0.10939066093750001 0.45614739687499994 0.1035102078125 0.4443693609375 0.11419674843750001 0.41368512187500006 0.11163496718749999 0.41558519374999997 0.08348897499999999 0.38561025312499997 0.11902628281250001 0.3834905921875 0.139639403125
2 0.5545525265625 0.3900886375 0.5558133546875 0.40408697499999996 0.56838951875 0.4037938890625 0.5831227343750001 0.3906669296875 0.57284161875 0.3779202265625 0.5545525265625 0.3900886375
16 0.09480683281249999 0.5066478515624999 0.10737171875 0.4983284390625 0.102920590625 0.47271136093750005 0.08331449375 0.4862336921875 0.09480683281249999 0.5066478515624999
2 0.16480482968750002 0.390039996875 0.159304753125 0.4158454296875 0.14153630625 0.43245749218749996 0.156383515625 0.4385447171875 0.1784224515625 0.4237447953125 0.171850446875 0.386308596875 0.16480482968750002 0.390039996875
2 0.5018919187499999 0.1629668875 0.4888739015625 0.1568873625 0.45508639687499997 0.1734712734375 0.45883561093749997 0.1914306640625 0.4803466046875 0.1851607109375 0.49574503906249995 0.1777663515625 0.5018919187499999 0.1629668875
2 0.492886453125 0.1789212953125 0.47849074687500004 0.183956084375 0.48543947187500003 0.18759964375 0.5067937796875001 0.18913810312499998 0.5182893484375 0.18273370625000002 0.52714274375 0.18189421249999999 0.5262468046875 0.17580436093750001 0.519068625 0.174012584375 0.5008672437499999 0.1686589234375 0.492886453125 0.1789212953125
16 0.4503033328125 0.2037508140625 0.46154604375 0.21269741406249998 0.4734974875 0.21177921249999998 0.4621837421875 0.191521359375 0.4503033328125 0.2037508140625
16 0.557182353125 0.1623279640625 0.533383846875 0.15473990937499998 0.5320677296875 0.17423481406250002 0.54722931875 0.1769061359375 0.557182353125 0.1623279640625
16 0.4901869171875 0.1567484046875 0.5009091437500001 0.1610179796875 0.4991178265625 0.16917037031249998 0.5250007 0.1742347078125 0.530082228125 0.174645475 0.5343313484375 0.1662823296875 0.527156203125 0.15530079218749998 0.5160229000000001 0.149046690625 0.515263021875 0.1331272421875 0.5120655734375 0.13344147343749999 0.5074312671875 0.13746446406249999 0.49877205625 0.14604568906249998 0.4901869171875 0.1567484046875
16 0.49391893593749997 0.1446836859375 0.508414734375 0.1394130921875 0.492988209375 0.1331288359375 0.49391893593749997 0.1446836859375
16 0.48499901875000007 0.1130971390625 0.4834115296875 0.1237940890625 0.4956432046875 0.1311423 0.511567725 0.1247083765625 0.5152401328125 0.12114990156250001 0.5161226203125 0.08855113906249999 0.5081306671875 0.08300085625 0.48499901875000007 0.1130971390625
2 0.3712848390625 0.37336068125 0.39229940937499996 0.4052047 0.409381928125 0.41963384374999996 0.4121258140625 0.424205309375 0.4216052375 0.4191547578125 0.41714720312500003 0.41436281093750005 0.41076155468750003 0.3923157 0.40600502812499994 0.3882255984375 0.395077471875 0.36646193125000004 0.3712848390625 0.37336068125
2 0.4159987375 0.35101566875 0.39706818906249997 0.36370641875 0.398683471875 0.3651188390625 0.40585992031250007 0.3888275296875 0.465275846875 0.4249623578125 0.46911227968749997 0.4234123375 0.4916127546875 0.3893061703125 0.44965362343750004 0.3570037890625 0.4310860671875 0.34802239375 0.4159987375 0.35101566875
16 0.5762189859375 0.3732918234375 0.5776342359375 0.3822774890625 0.5841504984375 0.38570585625 0.5936546625 0.3820992296875 0.6035290921875001 0.3750791484375 0.6045911828125 0.3684726796875 0.59849405 0.364059615625 0.5812604375 0.36787483593750003 0.578854340625 0.36884696250000004 0.5762189859375 0.3732918234375
